1.000000 0.000000 0.000000 0.000000 -0.000773 -0.000328 0.000164 1.000000
2.000000 0.000000 0.000000 0.000000 -0.001014 -0.000571 0.000721 0.999999
3.000000 -0.018310 -0.060945 3.630761 -0.000113 -0.000489 0.000830 1.000000
4.000000 -0.011610 -0.102447 4.949559 -0.000387 -0.000956 0.001360 0.999999
5.000000 -0.018082 -0.120171 6.270150 -0.000755 -0.000797 0.001484 0.999998
6.000000 -0.041298 -0.137752 7.597058 -0.001266 -0.000593 0.002029 0.999997
7.000000 -0.068809 -0.204765 8.925370 -0.002128 -0.001042 0.002195 0.999995
8.000000 -0.093957 -0.230800 10.255654 -0.001276 -0.001209 0.001779 0.999997
9.000000 -0.153566 -0.248297 11.588908 -0.000130 0.000028 -0.000092 1.000000
10.000000 -0.222508 -0.291595 12.924319 -0.000111 0.000146 -0.001105 0.999999
11.000000 -0.244787 -0.312171 14.262523 0.000136 0.000127 -0.002557 0.999997
12.000000 -0.317813 -0.368370 15.609738 -0.000694 0.001020 -0.003182 0.999994
13.000000 -0.310980 -0.402771 16.960973 -0.002004 0.001264 -0.002438 0.999994
14.000000 -0.319892 -0.401700 18.313532 -0.002268 0.001590 -0.000727 0.999996
15.000000 -0.286638 -0.413495 19.665186 -0.000802 0.000785 0.000384 0.999999
16.000000 -0.264745 -0.433728 21.019627 0.000397 0.000229 0.001024 0.999999
17.000000 -0.323128 -0.458387 22.382954 0.001118 0.000566 0.000036 0.999999
18.000000 -0.349480 -0.493134 23.748845 -0.000025 0.000880 -0.001192 0.999999
19.000000 -0.373793 -0.506948 25.125318 -0.001744 0.000980 -0.001224 0.999997
20.000000 -0.386580 -0.526886 26.496865 -0.002587 0.001279 -0.000298 0.999996
21.000000 -0.368703 -0.547582 27.871220 -0.001578 0.000988 0.001128 0.999998
22.000000 -0.422689 -0.556532 29.245726 -0.000129 0.000888 0.000406 1.000000
23.000000 -0.467968 -0.591125 30.624521 0.000552 0.000988 0.001250 0.999999
24.000000 -0.465949 -0.620662 32.009917 0.000752 0.000855 -0.000165 0.999999
25.000000 -0.476371 -0.644003 33.392440 0.001964 0.001041 -0.000832 0.999997
26.000000 -0.505619 -0.652147 34.785482 0.001848 0.001122 -0.001211 0.999997
27.000000 -0.595430 -0.638052 36.179939 0.001411 0.001309 -0.000391 0.999998
28.000000 -0.619005 -0.672821 37.577539 0.000518 0.001016 -0.000374 0.999999
29.000000 -0.670314 -0.691596 38.972346 0.000557 0.001222 -0.001738 0.999998
30.000000 -0.678618 -0.723041 40.374922 0.000816 0.001335 -0.003259 0.999993
31.000000 -0.687584 -0.733411 41.781745 0.000654 0.001228 -0.004093 0.999991
32.000000 -0.714703 -0.758645 43.189034 0.000699 0.001289 -0.004831 0.999987
33.000000 -0.775726 -0.788481 44.597234 0.000781 0.001299 -0.004556 0.999988
34.000000 -0.805032 -0.816757 46.009874 0.001082 0.001958 -0.004965 0.999985
35.000000 -0.807921 -0.842054 47.425589 0.001134 0.001516 -0.005124 0.999985
36.000000 -0.826280 -0.886687 48.847546 0.000181 0.000979 -0.005087 0.999987
37.000000 -0.787877 -0.903494 50.269644 0.000600 -0.000230 -0.005597 0.999984
38.000000 -0.808097 -0.918981 51.695703 0.000808 -0.000590 -0.006092 0.999981
39.000000 -0.809829 -0.968965 53.123806 0.000077 -0.001282 -0.005963 0.999981
40.000000 -0.880257 -0.985350 54.549622 -0.000541 -0.001532 -0.003873 0.999991
41.000000 -0.852872 -1.019554 55.981057 -0.000374 -0.002137 -0.004033 0.999990
42.000000 -0.953865 -1.033242 57.406468 -0.000137 -0.001932 -0.002028 0.999996
43.000000 -0.967287 -1.054806 58.834505 -0.000248 -0.002018 -0.001507 0.999997
44.000000 -0.995067 -1.082527 60.263636 -0.000549 -0.001797 -0.000937 0.999998
45.000000 -0.977757 -1.113933 61.688102 -0.001004 -0.001944 -0.000538 0.999997
46.000000 -1.022634 -1.130720 63.111519 -0.000338 -0.001200 -0.000350 0.999999
47.000000 -1.019159 -1.186169 64.530468 0.000223 -0.001069 -0.000540 0.999999
48.000000 -1.023160 -1.207070 65.948005 0.000397 -0.000957 -0.000687 0.999999
49.000000 -1.068366 -1.248006 67.360554 0.000331 -0.000441 -0.001023 0.999999
50.000000 -1.102227 -1.273440 68.773007 -0.000295 -0.000186 -0.002227 0.999997
51.000000 -1.106626 -1.304197 70.186924 -0.000922 0.000096 -0.003846 0.999992
52.000000 -1.185510 -1.296958 71.594648 -0.001451 0.000678 -0.003625 0.999992
53.000000 -1.144234 -1.340993 72.993556 -0.001321 0.000394 -0.006434 0.999978
54.000000 -1.219595 -1.324389 74.394137 -0.000620 0.001184 -0.007606 0.999970
55.000000 -1.237973 -1.379428 75.795205 -0.000837 0.001459 -0.008591 0.999962
56.000000 -1.247139 -1.392858 77.191554 -0.000903 0.001466 -0.008468 0.999963
57.000000 -1.302342 -1.413498 78.584624 -0.000720 0.001583 -0.007747 0.999968
58.000000 -1.321822 -1.437767 79.974894 -0.000235 0.001430 -0.007006 0.999974
59.000000 -1.501367 -1.452581 81.348802 -0.000581 0.001914 -0.005671 0.999982
60.000000 -1.521602 -1.479557 82.734802 -0.000684 0.001868 -0.005720 0.999982
61.000000 -1.603203 -1.479205 84.119030 -0.000444 0.001766 -0.004873 0.999986
62.000000 -1.628096 -1.502789 85.500726 -0.000589 0.001410 -0.004811 0.999987
63.000000 -1.670489 -1.530794 86.884597 -0.001164 0.001150 -0.004311 0.999989
64.000000 -1.640773 -1.575277 88.262665 -0.001514 0.000484 -0.004086 0.999990
65.000000 -1.673490 -1.570998 89.639729 -0.001711 -0.000189 -0.002236 0.999996
66.000000 -1.714186 -1.599938 91.007886 -0.001877 -0.000365 -0.000651 0.999998
67.000000 -1.730898 -1.608984 92.374025 -0.001508 -0.000723 0.000418 0.999999
68.000000 -1.731066 -1.642615 93.735946 -0.001369 -0.001126 0.001285 0.999998
69.000000 -1.773198 -1.645800 95.093025 -0.000888 -0.001335 0.000947 0.999998
70.000000 -1.800975 -1.672136 96.445865 -0.000525 -0.001140 0.001046 0.999999
71.000000 -1.808943 -1.722570 97.796841 -0.000311 -0.001238 0.001102 0.999999
72.000000 -1.815558 -1.717962 99.146848 -0.000231 -0.001039 0.000570 0.999999
73.000000 -1.830105 -1.743044 100.491892 -0.000899 -0.000965 -0.000023 0.999999
74.000000 -1.851751 -1.763852 101.836982 -0.001475 -0.000964 -0.000450 0.999998
75.000000 -1.860523 -1.804518 103.177087 -0.000719 -0.001039 -0.000240 0.999999
76.000000 -1.849608 -1.842279 104.515400 0.000343 -0.001215 -0.000629 0.999999
77.000000 -1.862917 -1.886746 105.851043 0.000511 -0.001015 0.000775 0.999999
78.000000 -1.880248 -1.911934 107.195564 -0.000077 -0.000995 0.001896 0.999998
79.000000 -1.884272 -1.961296 108.536045 -0.001570 -0.000934 0.003246 0.999993
80.000000 -1.883374 -2.001980 109.874066 -0.001963 -0.000746 0.003996 0.999990
81.000000 -1.903442 -2.025108 111.206077 -0.001371 -0.000357 0.004422 0.999989
82.000000 -1.912923 -2.051189 112.534544 0.000147 -0.000025 0.002741 0.999996
83.000000 -1.879332 -2.098721 113.857040 0.001003 -0.000693 0.002210 0.999997
84.000000 -1.925406 -2.125407 115.187663 0.000954 0.000241 0.000545 0.999999
85.000000 -1.890704 -2.187853 116.518792 -0.000067 -0.000046 -0.001241 0.999999
86.000000 -1.900791 -2.205775 117.853149 -0.001004 0.000519 -0.001315 0.999998
87.000000 -1.952824 -2.185901 119.185962 -0.000653 0.001036 -0.000320 0.999999
88.000000 -1.985006 -2.201023 120.528851 0.000258 0.001902 -0.002101 0.999996
89.000000 -2.013832 -2.202040 121.892955 0.000471 0.002632 -0.002025 0.999994
90.000000 -2.001943 -2.238192 123.248562 0.000710 0.003488 -0.003526 0.999987
91.000000 -1.993926 -2.266553 124.607894 0.001305 0.003857 -0.003134 0.999987
92.000000 -1.947331 -2.323542 125.959742 0.001777 0.003930 -0.004591 0.999980
93.000000 -1.956240 -2.342147 127.315584 0.002254 0.004438 -0.004223 0.999979
94.000000 -1.958919 -2.383231 128.672444 0.001931 0.003837 -0.003894 0.999983
95.000000 -2.006118 -2.426267 130.028791 0.001218 0.004467 -0.003111 0.999984
96.000000 -1.967525 -2.449461 131.377002 0.001069 0.004128 -0.002385 0.999988
97.000000 -1.993280 -2.476909 132.730780 0.001040 0.004373 -0.001201 0.999989
98.000000 -2.059766 -2.461247 134.081212 0.001307 0.004749 0.000078 0.999988
99.000000 -2.092266 -2.492816 135.434119 0.001284 0.004510 0.001463 0.999988
100.000000 -2.067441 -2.535142 136.779515 0.001006 0.003520 0.002153 0.999991
101.000000 -2.029407 -2.584127 138.130193 0.000429 0.002470 0.003307 0.999991
102.000000 -2.029161 -2.610047 139.480412 0.000568 0.001758 0.003839 0.999991
103.000000 -2.041405 -2.636065 140.830816 0.000662 0.001280 0.003868 0.999991
104.000000 -2.032283 -2.668229 142.179976 0.000966 0.000598 0.003818 0.999992
105.000000 -2.041924 -2.697537 143.527572 0.001139 0.000054 0.003923 0.999992
106.000000 -2.062990 -2.733115 144.875126 0.002305 -0.000310 0.004701 0.999986
107.000000 -2.050874 -2.766421 146.218332 0.002630 -0.000961 0.007036 0.999971
108.000000 -2.043942 -2.798443 147.571128 0.001557 -0.001656 0.010619 0.999941
109.000000 -2.082200 -2.867155 148.918293 -0.000060 -0.002742 0.014643 0.999889
110.000000 -2.107732 -2.903742 150.262982 0.001211 -0.002660 0.016709 0.999856
111.000000 -2.118992 -2.933328 151.606512 0.002844 -0.002883 0.016040 0.999863
112.000000 -2.115745 -2.963335 152.952355 0.004098 -0.002889 0.014157 0.999887
113.000000 -2.102253 -3.003070 154.299052 0.004190 -0.003086 0.014121 0.999887
114.000000 -2.064167 -3.063038 155.646105 0.002442 -0.003398 0.015312 0.999874
115.000000 -2.092391 -3.118529 156.994921 0.000609 -0.002961 0.018086 0.999832
116.000000 -2.105033 -3.146461 158.343812 0.000106 -0.002974 0.019439 0.999807
117.000000 -2.128175 -3.189650 159.689833 0.000044 -0.002861 0.020327 0.999789
118.000000 -2.174874 -3.220940 161.039314 -0.000662 -0.002372 0.019884 0.999799
119.000000 -2.214786 -3.256638 162.388263 -0.000447 -0.001626 0.018077 0.999835
120.000000 -2.225760 -3.289141 163.738808 0.000707 -0.001048 0.015464 0.999880
121.000000 -2.253390 -3.332341 165.089261 0.000732 -0.000178 0.013736 0.999905
122.000000 -2.288057 -3.356979 166.447152 0.000433 0.000065 0.012162 0.999926
123.000000 -2.340671 -3.380808 167.807223 0.000389 0.000430 0.011906 0.999929
124.000000 -2.367376 -3.414270 169.166989 0.001592 -0.000004 0.011255 0.999935
125.000000 -2.411859 -3.447517 170.525741 0.002807 -0.000423 0.010592 0.999940
126.000000 -2.474401 -3.485712 171.888481 0.002950 0.000095 0.009158 0.999954
127.000000 -2.463995 -3.533511 173.256787 0.002351 0.000020 0.007103 0.999972
128.000000 -2.554869 -3.543126 174.630328 0.001488 -0.000086 0.006473 0.999978
129.000000 -2.552692 -3.579986 176.009643 0.000582 -0.000382 0.005271 0.999986
130.000000 -2.666079 -3.593738 177.381629 -0.000158 -0.000398 0.008227 0.999966
131.000000 -2.693596 -3.616933 178.756821 -0.000020 -0.001245 0.009290 0.999956
132.000000 -2.717837 -3.601007 180.137958 0.002678 -0.002515 0.009455 0.999949
133.000000 -2.788219 -3.657076 181.514587 0.004666 -0.002797 0.008315 0.999951
134.000000 -2.794181 -3.737128 182.900919 0.004538 -0.003681 0.005761 0.999966
135.000000 -2.799050 -3.780424 184.294594 0.004246 -0.003972 0.003601 0.999977
136.000000 -2.866748 -3.820663 185.688068 0.002474 -0.003527 0.002663 0.999987
137.000000 -2.928866 -3.848854 187.086074 0.001516 -0.003116 0.002317 0.999991
138.000000 -2.957547 -3.879195 188.487262 0.001174 -0.003041 0.002360 0.999992
139.000000 -2.980987 -3.874024 189.891836 0.001087 -0.003137 0.003646 0.999988
140.000000 -3.019762 -3.912533 191.299073 0.000886 -0.002778 0.004284 0.999987
141.000000 -3.023290 -3.958367 192.707157 0.000807 -0.002600 0.005237 0.999983
142.000000 -3.108372 -3.994035 194.122941 0.000371 -0.002226 0.006887 0.999974
143.000000 -3.128974 -4.029419 195.542176 -0.000451 -0.001949 0.009107 0.999957
144.000000 -3.141952 -4.050329 196.964232 -0.000359 -0.001911 0.010440 0.999944
145.000000 -3.151591 -4.076932 198.384583 0.001838 -0.002188 0.009345 0.999952
146.000000 -3.168738 -4.103659 199.808359 0.004392 -0.002075 0.005579 0.999973
147.000000 -3.210108 -4.155898 201.240680 0.004045 -0.001701 0.001679 0.999989
148.000000 -3.217029 -4.188648 202.678454 0.002298 -0.001363 -0.002306 0.999994
149.000000 -3.237357 -4.227099 204.115712 0.001168 -0.001068 -0.003013 0.999994
150.000000 -3.270999 -4.247055 205.553281 0.000986 -0.001163 -0.002063 0.999997
151.000000 -3.290975 -4.269717 207.001081 0.001060 -0.001804 -0.000376 0.999998
152.000000 -3.318078 -4.302809 208.450221 0.001239 -0.002371 0.001224 0.999996
153.000000 -3.327290 -4.330091 209.905426 0.001492 -0.002740 0.001193 0.999994
154.000000 -3.332572 -4.351372 211.367379 0.001653 -0.003137 0.000381 0.999994
155.000000 -3.372259 -4.381774 212.827302 0.001202 -0.003160 -0.000095 0.999994
156.000000 -3.410506 -4.422708 214.295588 0.001148 -0.003357 0.000842 0.999993
157.000000 -3.441734 -4.453026 215.767491 0.001662 -0.003575 0.001192 0.999992
158.000000 -3.477724 -4.478238 217.242186 0.002003 -0.003825 0.001403 0.999990
159.000000 -3.510801 -4.511402 218.722167 0.002207 -0.004022 0.000856 0.999989
160.000000 -3.500013 -4.572765 220.198515 0.001885 -0.004599 0.001255 0.999987
161.000000 -3.535846 -4.596803 221.684372 0.001964 -0.004944 0.001484 0.999985
162.000000 -3.513814 -4.592472 223.168582 0.003005 -0.005941 0.000212 0.999978
163.000000 -3.618970 -4.636463 224.653994 0.002944 -0.005582 0.000662 0.999980
164.000000 -3.656613 -4.671087 226.143554 0.002958 -0.005660 0.000189 0.999980
165.000000 -3.648080 -4.720407 227.634138 0.002545 -0.006823 0.000913 0.999973
166.000000 -3.670943 -4.753046 229.124749 0.002718 -0.006835 0.001345 0.999972
167.000000 -3.725438 -4.799575 230.617523 0.002342 -0.006453 0.001985 0.999974
168.000000 -3.738039 -4.845050 232.113706 0.001891 -0.006729 0.002770 0.999972
169.000000 -3.794300 -4.876636 233.608288 0.001987 -0.005790 0.002155 0.999979
170.000000 -3.767169 -4.930760 235.108625 0.001946 -0.006541 0.001542 0.999976
171.000000 -3.868569 -4.976667 236.610489 0.001922 -0.005787 0.001981 0.999979
172.000000 -3.916096 -4.997515 238.115261 0.001780 -0.005715 0.001666 0.999981
173.000000 -3.931880 -5.038534 239.625363 0.000807 -0.005502 0.000962 0.999984
174.000000 -3.924120 -5.071608 241.136173 0.000544 -0.005972 0.001158 0.999981
175.000000 -3.971374 -5.108369 242.651429 0.001251 -0.005554 0.001114 0.999983
176.000000 -4.021831 -5.150827 244.165002 0.001770 -0.005258 0.001288 0.999984
177.000000 -4.033737 -5.193512 245.685699 0.001491 -0.005130 0.000810 0.999985
178.000000 -4.050272 -5.230658 247.210010 0.000972 -0.005281 0.000959 0.999985
179.000000 -4.143388 -5.243552 248.727832 0.001192 -0.004520 0.001122 0.999988
180.000000 -4.179442 -5.281862 250.255401 0.001156 -0.004628 0.000971 0.999988
181.000000 -4.194105 -5.320082 251.782747 0.001081 -0.004868 0.000624 0.999987
182.000000 -4.226515 -5.355926 253.315083 0.001000 -0.005060 0.000312 0.999987
183.000000 -4.239065 -5.387321 254.846382 0.000935 -0.005258 -0.000388 0.999986
184.000000 -4.257221 -5.422430 256.380609 0.000792 -0.005475 0.000350 0.999985
185.000000 -4.295409 -5.457609 257.918169 0.000503 -0.005445 0.000935 0.999985
186.000000 -4.332411 -5.485772 259.456801 0.000392 -0.005143 0.001973 0.999985
187.000000 -4.395511 -5.508174 260.990450 0.000755 -0.005118 0.003016 0.999982
188.000000 -4.422950 -5.546878 262.527821 0.001257 -0.005617 0.003921 0.999976
189.000000 -4.454022 -5.569758 264.065818 0.000532 -0.005474 0.004910 0.999973
190.000000 -4.471914 -5.593747 265.611769 -0.000403 -0.005223 0.005585 0.999971
191.000000 -4.500273 -5.610180 267.152850 0.000294 -0.005397 0.005791 0.999969
192.000000 -4.527797 -5.670480 268.691455 0.000525 -0.005121 0.005450 0.999972
193.000000 -4.578193 -5.695415 270.230384 0.000803 -0.004719 0.004847 0.999977
194.000000 -4.637223 -5.708939 271.771127 0.001537 -0.003580 0.002151 0.999990
195.000000 -4.726089 -5.763448 273.314627 0.001625 -0.002531 0.001060 0.999995
196.000000 -4.679106 -5.826932 274.855360 0.001674 -0.002322 -0.000593 0.999996
197.000000 -4.739066 -5.871650 276.400732 0.001687 -0.001626 -0.000591 0.999997
198.000000 -4.813968 -5.899661 277.940964 0.002164 -0.000340 -0.000944 0.999997
199.000000 -4.928288 -5.913419 279.487443 0.002886 0.000381 0.000557 0.999996
200.000000 -4.894525 -5.964108 281.037451 0.002685 0.000387 0.000488 0.999996
201.000000 -4.924999 -6.003215 282.591182 0.002023 0.000699 0.001519 0.999997
202.000000 -4.923777 -6.058257 284.141316 0.001594 0.001134 0.001810 0.999996
203.000000 -4.950100 -6.097920 285.685974 0.002732 0.001118 0.002464 0.999993
204.000000 -4.933370 -6.158470 287.239754 0.003787 0.000745 0.002471 0.999989
205.000000 -4.981085 -6.201522 288.792666 0.003894 -0.000047 0.002439 0.999989
206.000000 -4.980598 -6.266558 290.348459 0.003681 -0.000525 0.002652 0.999990
207.000000 -5.003884 -6.289057 291.907447 0.004058 -0.001010 0.002721 0.999988
208.000000 -4.985235 -6.333763 293.469582 0.004196 -0.001528 0.002720 0.999986
209.000000 -5.011216 -6.376861 295.038392 0.004090 -0.001121 0.001225 0.999990
210.000000 -5.170467 -6.438847 296.601215 0.003806 -0.001009 0.002104 0.999990
211.000000 -5.312772 -6.478883 298.172510 0.003067 -0.000786 0.002431 0.999992
212.000000 -5.326193 -6.518377 299.758811 0.002344 -0.001100 0.001609 0.999995
213.000000 -5.428930 -6.559823 301.339677 0.002356 -0.000656 0.002409 0.999994
214.000000 -5.503497 -6.593840 302.929891 0.002512 0.000316 0.001726 0.999995
215.000000 -5.533620 -6.641319 304.525741 0.002605 0.000633 0.002895 0.999992
216.000000 -5.543220 -6.694599 306.124377 0.003058 0.000768 0.003598 0.999989
217.000000 -5.547371 -6.739848 307.727157 0.003802 0.001059 0.004588 0.999982
218.000000 -5.549341 -6.779867 309.334598 0.004472 0.000739 0.005092 0.999977
219.000000 -5.567740 -6.821261 310.948711 0.005109 0.000092 0.004709 0.999976
220.000000 -5.630052 -6.876159 312.558594 0.004468 -0.000433 0.004475 0.999980
221.000000 -5.661442 -6.925269 314.181882 0.002798 -0.000518 0.004013 0.999988
222.000000 -5.687725 -6.953749 315.808980 0.001446 -0.000166 0.004674 0.999988
223.000000 -5.771257 -6.990382 317.435760 0.001231 0.000890 0.004325 0.999989
224.000000 -5.790134 -7.030620 319.063952 0.001771 0.001158 0.004830 0.999986
225.000000 -5.758370 -7.052505 320.693751 0.001966 0.000973 0.004908 0.999986
226.000000 -5.831259 -7.090590 322.323690 0.001797 0.001258 0.005356 0.999983
227.000000 -5.828937 -7.091243 323.950029 0.002571 0.000825 0.004763 0.999985
228.000000 -5.915587 -7.157587 325.575333 0.002990 0.001648 0.004123 0.999986
229.000000 -5.892527 -7.171994 327.205122 0.003824 0.001471 0.003241 0.999986
230.000000 -5.904466 -7.200871 328.831859 0.003314 0.002071 0.003392 0.999987
231.000000 -5.960901 -7.233328 330.457604 0.002872 0.002229 0.004025 0.999985
232.000000 -5.960688 -7.294369 332.075366 0.003149 0.002070 0.005028 0.999980
233.000000 -5.816843 -7.289107 333.689395 0.003827 0.000018 0.003823 0.999985
234.000000 -5.968490 -7.341243 335.294943 0.004985 0.000832 0.002526 0.999984
235.000000 -6.063603 -7.386371 336.899343 0.006508 0.000830 0.002023 0.999976
236.000000 -6.075305 -7.461411 338.509445 0.006136 0.000651 0.001305 0.999980
237.000000 -6.122112 -7.530984 340.115338 0.003944 0.000159 0.001332 0.999991
238.000000 -6.117987 -7.566053 341.732742 0.002687 -0.000940 0.000707 0.999996
239.000000 -6.111801 -7.627217 343.338396 0.003070 -0.001930 0.000756 0.999993
240.000000 -6.100403 -7.648273 344.938096 0.004063 -0.003136 0.000974 0.999986
241.000000 -6.129625 -7.687668 346.540438 0.003519 -0.004105 0.001592 0.999984
242.000000 -6.197016 -7.759198 348.137410 0.002980 -0.004272 0.001777 0.999985
243.000000 -6.227472 -7.813283 349.734575 0.003367 -0.004345 0.001255 0.999984
244.000000 -6.248426 -7.859966 351.328795 0.003787 -0.004711 0.001646 0.999980
245.000000 -6.280156 -7.909081 352.926694 0.003127 -0.005488 0.002532 0.999977
246.000000 -6.280669 -7.924554 354.518613 0.003585 -0.005709 0.002529 0.999974
247.000000 -6.317768 -7.967579 356.111012 0.003909 -0.005875 0.002761 0.999971
248.000000 -6.330354 -8.009752 357.701929 0.004376 -0.006450 0.002829 0.999966
249.000000 -6.350840 -8.070095 359.291825 0.003965 -0.006085 0.003203 0.999968
250.000000 -6.363301 -8.121399 360.882640 0.004397 -0.006147 0.002791 0.999968
251.000000 -6.407843 -8.169473 362.467073 0.004969 -0.006072 0.003680 0.999962
252.000000 -6.430100 -8.216719 364.064418 0.004154 -0.006518 0.004592 0.999960
253.000000 -6.412363 -8.261653 365.661336 0.003853 -0.007959 0.005335 0.999947
254.000000 -6.452209 -8.301890 367.258046 0.004660 -0.007599 0.005151 0.999947
255.000000 -6.486698 -8.359070 368.862804 0.004891 -0.007495 0.004530 0.999950
256.000000 -6.555478 -8.422235 370.449275 0.003907 -0.006503 0.003863 0.999964
257.000000 -6.592876 -8.451057 372.089402 0.003488 -0.006348 0.002684 0.999970
258.000000 -6.577116 -8.473328 373.699587 0.004607 -0.008139 0.002545 0.999953
259.000000 -6.641012 -8.535986 375.253343 0.004654 -0.007720 0.002715 0.999956
260.000000 -6.690199 -8.595055 376.858107 0.004701 -0.007663 0.002860 0.999955
261.000000 -6.699665 -8.638955 378.463481 0.005255 -0.008501 0.002122 0.999948
262.000000 -6.750128 -8.703110 380.075994 0.005178 -0.008224 0.001115 0.999952
263.000000 -6.801744 -8.740037 381.688289 0.004801 -0.007700 0.000226 0.999959
264.000000 -6.874279 -8.790981 383.306908 0.005086 -0.007482 -0.000821 0.999959
265.000000 -6.930168 -8.837314 384.916107 0.005426 -0.007367 -0.001508 0.999957
266.000000 -6.969232 -8.882020 386.532080 0.005587 -0.006772 -0.001848 0.999960
267.000000 -7.044479 -8.950770 388.147151 0.005011 -0.006204 -0.003096 0.999963
268.000000 -7.090412 -9.009619 389.765969 0.004543 -0.006660 -0.001705 0.999966
269.000000 -7.120386 -9.053494 391.395415 0.004817 -0.006620 -0.002061 0.999964
270.000000 -7.193556 -9.092903 393.015674 0.004631 -0.006134 -0.001859 0.999969
