1.000000 0.000000 0.000000 0.000000 0.000420 0.000628 -0.000168 1.000000
2.000000 0.000000 0.000000 0.000000 0.000161 0.001403 -0.000105 0.999999
3.000000 -0.050755 -0.054899 3.376563 0.000066 0.002199 0.000192 0.999998
4.000000 -0.075293 -0.068627 4.568305 0.000286 0.003583 0.000254 0.999994
5.000000 -0.095758 -0.104997 5.762981 0.000157 0.004051 0.000702 0.999992
6.000000 -0.088058 -0.129278 6.953605 0.000622 0.004429 0.000005 0.999990
7.000000 -0.108344 -0.153188 8.146235 0.000917 0.005066 0.000621 0.999987
8.000000 -0.119069 -0.173751 9.337782 0.000208 0.005318 0.000345 0.999986
9.000000 -0.064155 -0.237570 10.526774 -0.000801 0.003821 0.001139 0.999992
10.000000 -0.036949 -0.244692 11.718363 -0.000205 0.002738 0.000868 0.999996
11.000000 -0.053360 -0.277962 12.910277 -0.000143 0.001629 0.000867 0.999998
12.000000 -0.031309 -0.296084 14.101912 0.000042 0.000049 0.000877 1.000000
13.000000 -0.041268 -0.315729 15.295265 0.000200 -0.000481 0.000206 1.000000
14.000000 -0.045693 -0.346248 16.486236 0.000072 -0.000989 0.000307 0.999999
15.000000 -0.057812 -0.376442 17.679623 -0.000355 -0.001614 0.000870 0.999998
16.000000 -0.075837 -0.402835 18.875148 -0.000392 -0.001942 0.001171 0.999997
17.000000 -0.113619 -0.439915 20.067923 -0.000072 -0.002222 0.001176 0.999997
18.000000 -0.132989 -0.460519 21.262473 0.000378 -0.002399 0.001351 0.999996
19.000000 -0.181498 -0.481839 22.455881 0.000261 -0.002455 0.001238 0.999996
20.000000 -0.248520 -0.505332 23.648362 0.000224 -0.002391 0.001026 0.999997
21.000000 -0.198779 -0.523407 24.841550 0.000651 -0.003341 0.001211 0.999993
22.000000 -0.286662 -0.565017 26.034301 0.000176 -0.003039 0.001369 0.999994
23.000000 -0.299204 -0.590182 27.232997 -0.000720 -0.003463 0.002095 0.999992
24.000000 -0.308304 -0.603104 28.428743 -0.000512 -0.002886 0.000823 0.999995
25.000000 -0.285052 -0.621616 29.620025 -0.000078 -0.003498 0.000379 0.999994
26.000000 -0.282543 -0.639524 30.820020 0.000421 -0.004080 0.000267 0.999992
27.000000 -0.260213 -0.655646 32.024244 0.000469 -0.005177 -0.000199 0.999986
28.000000 -0.333552 -0.682669 33.210544 0.000359 -0.004368 0.000697 0.999990
29.000000 -0.342378 -0.706603 34.405430 0.000176 -0.004751 0.000570 0.999989
30.000000 -0.363902 -0.694628 35.603497 0.000664 -0.005012 0.000437 0.999987
31.000000 -0.315971 -0.730467 36.799339 0.000813 -0.006251 -0.000033 0.999980
32.000000 -0.306084 -0.806749 37.995090 -0.000266 -0.006956 0.000720 0.999976
33.000000 -0.318109 -0.833600 39.193936 -0.000731 -0.007654 0.000587 0.999970
34.000000 -0.355582 -0.853967 40.390745 -0.000877 -0.007993 0.000934 0.999967
35.000000 -0.323321 -0.874806 41.587026 -0.000639 -0.009328 0.000323 0.999956
36.000000 -0.376428 -0.908149 42.783196 -0.000781 -0.009131 0.000189 0.999958
37.000000 -0.356689 -0.916255 43.983369 -0.001395 -0.009294 -0.001782 0.999954
38.000000 -0.432798 -0.978933 45.179802 -0.003805 -0.007565 -0.001777 0.999963
39.000000 -0.460611 -0.987156 46.380342 -0.004880 -0.005785 -0.002599 0.999968
40.000000 -0.508934 -1.003436 47.584926 -0.006530 -0.004680 -0.002828 0.999964
41.000000 -0.519106 -0.988962 48.788090 -0.006854 -0.003815 -0.003670 0.999962
42.000000 -0.546733 -1.015099 49.986587 -0.006467 -0.003256 -0.002677 0.999970
43.000000 -0.552188 -1.016513 51.187858 -0.005550 -0.003033 -0.003743 0.999973
44.000000 -0.560179 -0.995163 52.389125 -0.004657 -0.002699 -0.004743 0.999974
45.000000 -0.562696 -1.016231 53.594548 -0.004483 -0.002918 -0.004876 0.999974
46.000000 -0.555850 -1.023083 54.798683 -0.004033 -0.003329 -0.004504 0.999976
47.000000 -0.625713 -1.061756 56.001351 -0.004631 -0.003158 -0.003961 0.999976
48.000000 -0.657356 -1.084598 57.208537 -0.005144 -0.003560 -0.004115 0.999972
49.000000 -0.668413 -1.101419 58.413531 -0.005330 -0.004099 -0.003926 0.999970
50.000000 -0.741891 -1.125583 59.617351 -0.005282 -0.003103 -0.003376 0.999976
51.000000 -0.702061 -1.088834 60.820014 -0.004156 -0.002904 -0.005311 0.999973
52.000000 -0.741807 -1.100954 62.023186 -0.003448 -0.001756 -0.003819 0.999985
53.000000 -0.843623 -1.140974 63.220362 -0.003104 -0.000430 -0.002796 0.999991
54.000000 -0.869552 -1.174463 64.420031 -0.003932 -0.000578 -0.002179 0.999990
55.000000 -0.889131 -1.199085 65.622822 -0.004814 -0.000666 -0.001807 0.999987
56.000000 -0.961705 -1.249514 66.817139 -0.004924 -0.000375 -0.001568 0.999987
57.000000 -0.942710 -1.261691 68.010786 -0.004304 -0.000215 -0.002011 0.999989
58.000000 -0.960120 -1.270414 69.205286 -0.004415 -0.000198 -0.003039 0.999986
59.000000 -0.991030 -1.281977 70.396155 -0.004431 0.000030 -0.003721 0.999983
60.000000 -0.966450 -1.299363 71.586033 -0.005104 -0.000940 -0.004475 0.999977
61.000000 -1.049148 -1.332306 72.769262 -0.005962 0.002677 -0.004151 0.999970
62.000000 -1.101050 -1.350417 73.953640 -0.006427 0.004192 -0.004687 0.999960
63.000000 -1.072563 -1.364515 75.131537 -0.005870 0.004591 -0.004343 0.999963
64.000000 -1.068280 -1.367227 76.306947 -0.003187 0.006075 -0.003048 0.999972
65.000000 -1.070899 -1.385249 77.482528 -0.002701 0.007502 -0.004340 0.999959
66.000000 -1.071275 -1.409198 78.660805 -0.004527 0.008896 -0.003897 0.999943
67.000000 -1.077187 -1.420472 79.834736 -0.005230 0.011043 -0.004138 0.999917
68.000000 -1.055830 -1.430644 81.000735 -0.004298 0.013092 -0.004097 0.999897
69.000000 -1.063100 -1.449356 82.165347 -0.003244 0.015842 -0.003196 0.999864
70.000000 -1.020804 -1.474895 83.323487 -0.001624 0.016587 -0.002249 0.999859
71.000000 -0.988775 -1.501512 84.482544 -0.001205 0.018253 -0.001893 0.999831
72.000000 -0.970679 -1.495928 85.642285 -0.001708 0.020304 -0.000913 0.999792
73.000000 -0.922759 -1.516369 86.795720 -0.001890 0.021547 -0.001839 0.999764
74.000000 -0.901365 -1.547939 87.948357 -0.001101 0.023636 -0.001835 0.999718
75.000000 -0.849309 -1.549892 89.097392 0.000343 0.025653 -0.001848 0.999669
76.000000 -0.820686 -1.588073 90.247300 0.000387 0.027334 -0.002088 0.999624
77.000000 -0.761024 -1.616390 91.399487 -0.000322 0.028613 -0.001393 0.999590
78.000000 -0.664266 -1.632713 92.551116 -0.001050 0.029697 -0.001496 0.999557
79.000000 -0.604317 -1.662001 93.706196 -0.001981 0.030929 -0.001058 0.999519
80.000000 -0.509491 -1.686413 94.858869 -0.002556 0.031411 -0.000013 0.999503
81.000000 -0.458924 -1.713715 96.011636 -0.001710 0.032200 0.000709 0.999480
82.000000 -0.417205 -1.725952 97.170262 0.000213 0.033858 0.001413 0.999426
83.000000 -0.328032 -1.753427 98.327249 0.001589 0.034405 0.001327 0.999406
84.000000 -0.312006 -1.755580 99.496462 0.002320 0.036602 0.001022 0.999327
85.000000 -0.280841 -1.802336 100.671409 0.001752 0.036669 0.000912 0.999326
86.000000 -0.225129 -1.835131 101.852051 0.000732 0.036274 0.000846 0.999341
87.000000 -0.204490 -1.861457 103.037470 -0.000091 0.035973 0.001083 0.999352
88.000000 -0.126097 -1.900959 104.227178 -0.000838 0.034639 0.000845 0.999399
89.000000 -0.048682 -1.912980 105.424013 -0.000923 0.033219 0.000445 0.999448
90.000000 -0.099016 -1.918112 106.623606 -0.000455 0.033105 -0.000001 0.999452
91.000000 -0.042340 -1.942765 107.827824 -0.000305 0.031138 -0.000383 0.999515
92.000000 0.042597 -1.962723 109.032382 -0.000385 0.028431 -0.000206 0.999596
93.000000 0.078601 -1.983937 110.245564 -0.000784 0.026452 -0.000811 0.999649
94.000000 0.147882 -2.004595 111.459839 -0.001425 0.024105 -0.000848 0.999708
95.000000 0.165090 -2.039032 112.676221 -0.001913 0.021795 -0.000639 0.999760
96.000000 0.237332 -2.061590 113.893109 -0.002010 0.018137 -0.000431 0.999833
97.000000 0.269413 -2.087338 115.113091 -0.001960 0.015679 -0.000569 0.999875
98.000000 0.285187 -2.088920 116.336555 -0.001615 0.013356 -0.000949 0.999909
99.000000 0.229648 -2.129750 117.560602 -0.001639 0.010885 -0.001272 0.999939
100.000000 0.179298 -2.181860 118.787150 -0.002435 0.010409 -0.001817 0.999941
101.000000 0.172114 -2.200170 120.018895 -0.002394 0.009607 -0.002701 0.999947
102.000000 0.223886 -2.225723 121.247827 -0.002433 0.008181 -0.003026 0.999959
103.000000 0.267732 -2.229592 122.488518 -0.002280 0.007129 -0.004032 0.999964
104.000000 0.261692 -2.235619 123.729357 -0.002504 0.006844 -0.004559 0.999963
105.000000 0.274408 -2.251154 124.970771 -0.002744 0.006303 -0.004408 0.999967
106.000000 0.292876 -2.249093 126.217096 -0.003083 0.005624 -0.007109 0.999954
107.000000 0.305617 -2.257078 127.467342 -0.004714 0.005124 -0.007736 0.999946
108.000000 0.328740 -2.252807 128.717068 -0.004401 0.004750 -0.007476 0.999951
109.000000 0.347720 -2.272831 129.967195 -0.003832 0.004571 -0.007564 0.999954
110.000000 0.341035 -2.271287 131.222885 -0.004142 0.004286 -0.006021 0.999964
111.000000 0.340900 -2.276421 132.480981 -0.004911 0.003959 -0.004896 0.999968
112.000000 0.336160 -2.288946 133.743517 -0.005749 0.003854 -0.003024 0.999971
113.000000 0.353082 -2.295045 135.006983 -0.006319 0.003669 -0.002539 0.999970
114.000000 0.366995 -2.304626 136.270324 -0.005494 0.003647 -0.000314 0.999978
115.000000 0.353591 -2.304313 137.537322 -0.004754 0.003859 0.000702 0.999981
116.000000 0.388659 -2.318121 138.804267 -0.004666 0.003820 0.000950 0.999981
117.000000 0.373652 -2.325531 140.078224 -0.004689 0.004095 0.000945 0.999980
118.000000 0.400500 -2.353016 141.353300 -0.005967 0.003420 0.000854 0.999976
119.000000 0.383426 -2.363862 142.627625 -0.006649 0.004048 -0.000890 0.999969
120.000000 0.281091 -2.420423 143.895271 -0.006304 0.005496 -0.000211 0.999965
121.000000 0.303151 -2.416586 145.166399 -0.005211 0.005045 0.000149 0.999974
122.000000 0.302495 -2.421487 146.436568 -0.003682 0.005679 -0.000059 0.999977
123.000000 0.291508 -2.440239 147.703802 -0.001696 0.005891 0.000514 0.999981
124.000000 0.280720 -2.454597 148.969947 0.000084 0.006175 0.000582 0.999981
125.000000 0.285653 -2.484607 150.235452 0.000477 0.006175 0.000802 0.999980
126.000000 0.277871 -2.516495 151.499362 0.000301 0.006103 0.000975 0.999981
127.000000 0.258921 -2.550084 152.767876 0.000139 0.006712 0.000446 0.999977
128.000000 0.260121 -2.580969 154.031476 -0.000626 0.006062 0.000231 0.999981
129.000000 0.329780 -2.589938 155.294976 -0.000744 0.005831 -0.000830 0.999982
130.000000 0.307588 -2.600101 156.558760 -0.000175 0.005757 -0.000803 0.999983
131.000000 0.297204 -2.624073 157.819816 -0.000184 0.005380 -0.000384 0.999985
132.000000 0.319904 -2.639907 159.084343 -0.000691 0.004926 -0.000585 0.999987
133.000000 0.300210 -2.672112 160.345753 -0.000953 0.004971 -0.000996 0.999987
134.000000 0.315864 -2.686604 161.606448 -0.000498 0.005162 -0.002234 0.999984
135.000000 0.342511 -2.720045 162.868307 0.000212 0.004229 -0.001900 0.999989
136.000000 0.325433 -2.752880 164.132420 0.000051 0.003569 -0.002046 0.999992
137.000000 0.336971 -2.761399 165.394515 0.000898 0.003347 -0.002397 0.999991
138.000000 0.367461 -2.781868 166.656977 0.001380 0.002165 -0.003056 0.999992
139.000000 0.295522 -2.822808 167.917061 0.001132 0.003064 -0.003068 0.999990
140.000000 0.264046 -2.858512 169.181716 0.000206 0.003482 -0.003272 0.999989
141.000000 0.253198 -2.890278 170.445219 -0.000061 0.003124 -0.003235 0.999990
142.000000 0.243761 -2.924971 171.711345 -0.000294 0.002770 -0.003236 0.999991
143.000000 0.213893 -2.954635 172.974890 -0.000422 0.002817 -0.003655 0.999989
144.000000 0.199588 -2.976187 174.239309 -0.000114 0.003046 -0.004274 0.999986
145.000000 0.170493 -3.005730 175.500014 0.000281 0.002858 -0.004344 0.999986
146.000000 0.112237 -3.032445 176.766492 0.000370 0.003740 -0.004944 0.999981
147.000000 0.109366 -3.065200 178.029492 0.000831 0.003598 -0.004507 0.999983
148.000000 0.108039 -3.091438 179.290002 0.001679 0.003198 -0.003452 0.999988
149.000000 0.105718 -3.116440 180.551914 0.001674 0.003095 -0.001742 0.999992
150.000000 0.129743 -3.140629 181.813614 -0.000151 0.002674 -0.001993 0.999994
151.000000 0.127555 -3.171394 183.078366 -0.002034 0.002396 -0.001369 0.999994
152.000000 0.147189 -3.182464 184.335471 -0.001432 0.002152 -0.002662 0.999993
153.000000 0.138886 -3.211290 185.585463 0.000025 0.002159 -0.003686 0.999991
154.000000 0.150818 -3.239060 186.834996 0.000788 0.001570 -0.004083 0.999990
155.000000 0.141431 -3.257491 188.082023 0.000841 0.001316 -0.004273 0.999990
156.000000 0.107878 -3.287778 189.328692 0.000278 0.002230 -0.004525 0.999987
157.000000 0.105296 -3.321978 190.574100 -0.000815 0.001826 -0.004371 0.999988
158.000000 0.125813 -3.333802 191.813401 -0.001042 0.001564 -0.004132 0.999990
159.000000 0.095167 -3.364756 193.047037 -0.000922 0.002798 -0.004220 0.999987
160.000000 0.088710 -3.387326 194.278245 -0.000154 0.003143 -0.003628 0.999988
161.000000 0.113176 -3.403984 195.505079 0.000628 0.003092 -0.003272 0.999990
162.000000 0.121112 -3.431151 196.725924 0.001023 0.003848 -0.003134 0.999987
163.000000 0.139445 -3.451420 197.943281 0.000704 0.004438 -0.003890 0.999982
164.000000 0.135275 -3.472459 199.156389 0.000260 0.005411 -0.003575 0.999979
165.000000 0.137093 -3.498351 200.364296 0.000205 0.005896 -0.003699 0.999976
166.000000 0.149546 -3.530610 201.565723 0.000032 0.006318 -0.003658 0.999973
167.000000 0.150739 -3.556956 202.760628 0.000002 0.006859 -0.004072 0.999968
168.000000 0.157317 -3.578390 203.948629 0.000009 0.007500 -0.004136 0.999963
169.000000 0.133095 -3.608451 205.127143 0.000161 0.008729 -0.004274 0.999953
170.000000 0.180577 -3.643034 206.296422 -0.000093 0.008429 -0.004504 0.999954
171.000000 0.200030 -3.689871 207.452554 -0.000517 0.007780 -0.003895 0.999962
172.000000 0.154717 -3.724768 208.594256 -0.000850 0.009363 -0.004052 0.999948
173.000000 0.143024 -3.760784 209.723564 -0.001416 0.009315 -0.003291 0.999950
174.000000 0.169745 -3.779376 210.835312 -0.001286 0.008728 -0.003259 0.999956
175.000000 0.148547 -3.815839 211.931849 -0.001052 0.009069 -0.003454 0.999952
176.000000 0.144978 -3.839089 213.016152 -0.000628 0.009076 -0.003492 0.999953
177.000000 0.138715 -3.880253 214.086109 -0.001192 0.008917 -0.004700 0.999948
178.000000 0.112678 -3.902943 215.145227 -0.001124 0.009238 -0.004615 0.999946
179.000000 0.176633 -3.914360 216.187186 -0.001286 0.006610 -0.004187 0.999969
180.000000 0.192771 -3.933170 217.224451 -0.002245 0.005661 -0.003907 0.999974
181.000000 0.220005 -3.949941 218.246645 -0.002744 0.004170 -0.003654 0.999981
182.000000 0.161248 -3.954695 219.249059 -0.002585 0.004466 -0.004620 0.999976
183.000000 0.135697 -3.968833 220.232691 -0.002045 0.003505 -0.004673 0.999981
184.000000 0.112471 -3.984122 221.198991 -0.001899 0.002233 -0.004623 0.999985
185.000000 0.114857 -4.019500 222.140343 -0.002405 0.000227 -0.005053 0.999984
186.000000 0.110177 -4.034273 223.061107 -0.002222 -0.001264 -0.005244 0.999983
187.000000 0.092033 -4.065225 223.957530 -0.001979 -0.003222 -0.004685 0.999982
188.000000 0.093890 -4.081480 224.832190 -0.001612 -0.005528 -0.004496 0.999973
189.000000 0.058103 -4.093603 225.685362 -0.001306 -0.006751 -0.005304 0.999962
190.000000 0.025996 -4.117294 226.515088 -0.001082 -0.008345 -0.005687 0.999948
191.000000 0.006083 -4.135293 227.328540 -0.001062 -0.010071 -0.006562 0.999927
192.000000 -0.052909 -4.166223 228.120355 -0.001451 -0.010132 -0.007104 0.999922
193.000000 -0.074547 -4.181494 228.897928 -0.001706 -0.009775 -0.006923 0.999927
194.000000 -0.092841 -4.195977 229.656128 -0.002008 -0.009648 -0.006882 0.999928
195.000000 -0.057638 -4.205509 230.397245 -0.001646 -0.010535 -0.006822 0.999920
196.000000 -0.072358 -4.222169 231.128313 -0.000694 -0.010681 -0.006890 0.999919
197.000000 -0.087609 -4.240860 231.856156 0.000350 -0.010376 -0.006738 0.999923
198.000000 -0.096130 -4.261951 232.579328 0.000904 -0.009824 -0.006721 0.999929
199.000000 -0.112844 -4.281241 233.301389 0.001137 -0.009503 -0.006571 0.999933
200.000000 -0.122496 -4.296940 234.019442 0.001263 -0.009037 -0.006300 0.999939
201.000000 -0.155748 -4.298774 234.733208 0.001367 -0.007167 -0.007174 0.999948
202.000000 -0.164316 -4.316649 235.444177 0.001460 -0.006086 -0.007122 0.999955
203.000000 -0.193306 -4.352892 236.149606 0.001360 -0.004979 -0.006759 0.999964
204.000000 -0.187442 -4.360700 236.853122 0.001414 -0.004383 -0.006586 0.999968
205.000000 -0.169236 -4.371018 237.552980 0.001353 -0.003888 -0.006367 0.999971
206.000000 -0.173062 -4.382025 238.249444 0.001169 -0.002373 -0.006623 0.999975
207.000000 -0.181677 -4.401435 238.941759 0.001153 -0.001085 -0.006584 0.999977
208.000000 -0.189339 -4.419611 239.629691 0.001310 0.000415 -0.006483 0.999978
209.000000 -0.198131 -4.429268 240.317308 0.001547 0.001913 -0.006496 0.999976
210.000000 -0.200606 -4.451166 241.005797 0.001781 0.002970 -0.006447 0.999973
211.000000 -0.190968 -4.456793 241.699354 0.002247 0.003962 -0.005246 0.999976
212.000000 -0.229456 -4.483140 242.394195 0.001236 0.005903 -0.004631 0.999971
213.000000 -0.225461 -4.495887 243.096671 0.001114 0.007167 -0.004822 0.999962
214.000000 -0.201608 -4.507006 243.799467 0.001367 0.008207 -0.004895 0.999953
215.000000 -0.200110 -4.522095 244.503886 0.002126 0.009463 -0.005270 0.999939
216.000000 -0.200511 -4.537284 245.211972 0.003048 0.010451 -0.005043 0.999928
217.000000 -0.192792 -4.549867 245.926762 0.003920 0.011303 -0.004805 0.999917
218.000000 -0.158182 -4.569965 246.647657 0.004149 0.009961 -0.003270 0.999936
219.000000 -0.139832 -4.586632 247.375286 0.004456 0.009604 -0.003086 0.999939
220.000000 -0.129793 -4.608631 248.108744 0.004423 0.009823 -0.003594 0.999936
221.000000 -0.118090 -4.632669 248.850454 0.004311 0.009471 -0.002819 0.999942
222.000000 -0.110655 -4.654079 249.596295 0.005066 0.009444 -0.002277 0.999940
223.000000 -0.133042 -4.679725 250.348549 0.005951 0.010522 -0.000110 0.999927
224.000000 -0.127194 -4.703298 251.109222 0.006164 0.010484 0.002696 0.999922
225.000000 -0.139374 -4.718553 251.883375 0.004470 0.011106 0.001916 0.999927
226.000000 -0.145263 -4.765349 252.666103 0.001082 0.011282 0.000958 0.999935
227.000000 -0.132555 -4.773221 253.453255 -0.000333 0.011645 0.000661 0.999932
228.000000 -0.089257 -4.769250 254.246975 0.001180 0.012468 0.000812 0.999921
229.000000 -0.066679 -4.783541 255.041548 0.004284 0.014282 0.000077 0.999889
230.000000 -0.057508 -4.809809 255.847577 0.005797 0.016330 -0.000984 0.999849
231.000000 -0.032704 -4.821430 256.665145 0.005979 0.017767 -0.001905 0.999822
232.000000 -0.014886 -4.849029 257.493197 0.004631 0.019136 -0.000985 0.999806
233.000000 0.020085 -4.866708 258.327904 0.002983 0.020838 0.000130 0.999778
234.000000 0.049388 -4.874945 259.164641 0.002676 0.022254 0.001252 0.999748
235.000000 0.063763 -4.900854 260.003718 0.002273 0.024655 0.000956 0.999693
236.000000 0.064357 -4.931401 260.838109 0.003400 0.026260 -0.000180 0.999649
237.000000 0.109813 -4.961023 261.674136 0.004709 0.026925 0.000589 0.999626
238.000000 0.136159 -4.985803 262.513144 0.004823 0.028353 0.000251 0.999586
239.000000 0.191329 -4.998104 263.354721 0.004037 0.029332 -0.000702 0.999561
240.000000 0.203532 -5.005511 264.197514 0.003530 0.031494 -0.002982 0.999493
241.000000 0.238217 -5.028713 265.037124 0.003695 0.033041 -0.003195 0.999442
242.000000 0.266291 -5.057803 265.880504 0.003907 0.034183 -0.002690 0.999404
243.000000 0.321567 -5.070266 266.723257 0.004155 0.035501 -0.001914 0.999359
244.000000 0.367998 -5.088803 267.569366 0.003456 0.037607 -0.001234 0.999286
245.000000 0.387614 -5.098898 268.418433 0.003709 0.040686 -0.000854 0.999165
246.000000 0.410082 -5.131388 269.266337 0.003544 0.041145 -0.000086 0.999147
247.000000 0.442381 -5.163198 270.119095 0.003364 0.042148 -0.000322 0.999106
248.000000 0.493279 -5.185492 270.971404 0.003266 0.042018 -0.000664 0.999111
249.000000 0.554452 -5.201155 271.825636 0.003184 0.042018 -0.001330 0.999111
250.000000 0.607914 -5.224278 272.679303 0.003506 0.041422 -0.001316 0.999135
251.000000 0.670202 -5.251109 273.530096 0.003698 0.040221 -0.001878 0.999182
252.000000 0.735409 -5.263002 274.384440 0.004258 0.039422 -0.002502 0.999210
253.000000 0.783664 -5.287664 275.236322 0.004319 0.039409 -0.003754 0.999207
254.000000 0.843093 -5.307030 276.086067 0.004477 0.038884 -0.004509 0.999224
255.000000 0.911928 -5.324186 276.933484 0.004546 0.037769 -0.004733 0.999265
256.000000 0.936475 -5.353734 277.781505 0.003695 0.036404 -0.005470 0.999315
257.000000 0.989792 -5.360946 278.625782 0.002976 0.034561 -0.005641 0.999382
258.000000 1.029040 -5.389025 279.463818 0.002035 0.031783 -0.004870 0.999481
259.000000 1.059644 -5.413901 280.296717 0.001415 0.029511 -0.004661 0.999553
260.000000 1.058786 -5.421529 281.118071 0.001606 0.027918 -0.005037 0.999596
261.000000 1.092353 -5.446873 281.930703 0.001171 0.025132 -0.005391 0.999669
262.000000 1.161962 -5.461251 282.728313 0.001098 0.021821 -0.004682 0.999750
263.000000 1.183371 -5.487588 283.512070 0.001180 0.019465 -0.004276 0.999801
264.000000 1.162119 -5.517139 284.278725 0.001245 0.017709 -0.003529 0.999836
265.000000 1.108262 -5.542226 285.026402 0.001211 0.016397 -0.003672 0.999858
266.000000 1.140263 -5.561884 285.756302 0.001195 0.013893 -0.003385 0.999897
267.000000 1.095379 -5.592123 286.462534 0.001469 0.012733 -0.003225 0.999913
268.000000 1.061127 -5.623867 287.150353 0.002090 0.010717 -0.003840 0.999933
269.000000 1.046818 -5.647191 287.817646 0.003082 0.007587 -0.004403 0.999957
270.000000 1.031335 -5.660876 288.468508 0.003986 0.003654 -0.004684 0.999974
271.000000 1.048957 -5.675575 289.106863 0.004628 -0.002236 -0.004448 0.999977
272.000000 1.053955 -5.684770 289.736547 0.004833 -0.009037 -0.005084 0.999935
273.000000 0.980476 -5.730465 290.343576 0.004129 -0.016900 -0.005619 0.999833
274.000000 0.925004 -5.771659 290.945513 0.003580 -0.026799 -0.006972 0.999610
275.000000 0.839856 -5.787086 291.520556 0.003811 -0.037623 -0.007588 0.999256
276.000000 0.712970 -5.807120 292.086489 0.003863 -0.049175 -0.008213 0.998749
277.000000 0.619260 -5.814780 292.647654 0.003939 -0.062852 -0.008633 0.997978
278.000000 0.527646 -5.824333 293.184952 0.003473 -0.078244 -0.009403 0.996884
279.000000 0.368349 -5.846593 293.709710 0.002715 -0.094108 -0.009780 0.995510
280.000000 0.249197 -5.863284 294.234095 0.002050 -0.112628 -0.009766 0.993587
281.000000 0.026696 -5.903479 294.688249 0.000633 -0.130350 -0.009816 0.991419
282.000000 -0.130830 -5.919517 295.180949 -0.000355 -0.150656 -0.010030 0.988535
283.000000 -0.288307 -5.939103 295.637228 -0.001226 -0.171942 -0.010085 0.985055
284.000000 -0.497133 -5.921904 296.094366 -0.001272 -0.193120 -0.010016 0.981123
285.000000 -0.725311 -5.916357 296.538188 -0.001046 -0.215601 -0.009213 0.976437
286.000000 -0.957688 -5.912359 296.938120 -0.000778 -0.238887 -0.008348 0.971011
287.000000 -1.221609 -5.908357 297.349342 -0.000744 -0.262742 -0.007343 0.964838
288.000000 -1.520146 -5.908869 297.730700 -0.001479 -0.286857 -0.007330 0.957944
289.000000 -1.819796 -5.901971 298.065570 -0.001476 -0.311683 -0.008117 0.950150
290.000000 -2.116429 -5.914232 298.438740 -0.001130 -0.337524 -0.007813 0.941284
291.000000 -2.440974 -5.904153 298.735703 -0.001219 -0.363509 -0.006225 0.931569
292.000000 -2.809620 -5.880558 299.028368 -0.001239 -0.390686 -0.003498 0.920516
293.000000 -3.196824 -5.911359 299.280687 -0.002348 -0.418453 -0.001123 0.908235
294.000000 -3.570684 -5.914609 299.488475 -0.004026 -0.446316 -0.001385 0.894865
295.000000 -3.975823 -5.928487 299.682419 -0.007045 -0.473514 -0.003682 0.880750
296.000000 -4.386358 -5.924528 299.845170 -0.008279 -0.500034 -0.005167 0.865951
297.000000 -4.773101 -5.919767 299.990130 -0.008815 -0.526901 -0.005959 0.849860
298.000000 -5.180033 -5.923866 300.110468 -0.009749 -0.552640 -0.005860 0.833343
299.000000 -5.579321 -5.925137 300.207673 -0.011005 -0.577859 -0.005032 0.816047
300.000000 -5.993817 -5.926246 300.269936 -0.012522 -0.601926 -0.004170 0.798442
301.000000 -6.414683 -5.933589 300.309333 -0.013436 -0.626253 -0.002876 0.779499
302.000000 -6.842709 -5.928741 300.329404 -0.015355 -0.650710 -0.002831 0.759166
303.000000 -7.282100 -5.901541 300.335720 -0.017211 -0.675334 -0.002763 0.737306
304.000000 -7.726700 -5.885721 300.286655 -0.019887 -0.698725 -0.001899 0.715111
305.000000 -8.189161 -5.882041 300.205587 0.022830 0.721705 0.000596 -0.691824
306.000000 -8.641808 -5.875466 300.083931 0.025553 0.743067 -0.000231 -0.668728
307.000000 -9.118456 -5.871063 299.945374 0.027672 0.764516 -0.001431 -0.644009
308.000000 -9.579208 -5.871213 299.780727 0.029527 0.784917 -0.002141 -0.618894
309.000000 -10.046599 -5.875293 299.605447 0.030924 0.804631 -0.002481 -0.592965
310.000000 -10.538198 -5.879961 299.387768 0.031747 0.823325 -0.002114 -0.566678
311.000000 -11.005486 -5.864266 299.143625 0.032489 0.840426 -0.000999 -0.540950
312.000000 -11.490933 -5.853482 298.841087 0.033554 0.855805 -0.000175 -0.516209
313.000000 -11.953423 -5.848024 298.514238 0.034791 0.869081 0.000585 -0.493444
314.000000 -12.427277 -5.832468 298.159507 0.036217 0.880958 0.001099 -0.471806
315.000000 -12.913865 -5.820289 297.753368 0.036430 0.891779 0.000114 -0.451003
316.000000 -13.382075 -5.818385 297.323124 0.034809 0.902154 -0.002963 -0.429998
317.000000 -13.874131 -5.811338 296.847504 0.034794 0.912351 -0.004869 -0.407899
318.000000 -14.344158 -5.825772 296.353541 0.035296 0.921926 -0.006030 -0.385707
319.000000 -14.830020 -5.795105 295.814090 0.037881 0.930376 -0.002696 -0.364636
320.000000 -15.244715 -5.798488 295.217804 0.038453 0.937844 -0.000080 -0.344921
321.000000 -15.699185 -5.780772 294.619760 0.039515 0.945432 0.003245 -0.323398
322.000000 -16.125264 -5.768285 293.947319 0.040627 0.951705 0.006094 -0.304252
323.000000 -16.533635 -5.753660 293.255846 0.042279 0.957545 0.006900 -0.285083
324.000000 -16.918015 -5.738304 292.501678 0.044903 0.962659 0.008789 -0.266822
325.000000 -17.285443 -5.715154 291.737123 0.044978 0.967785 0.009466 -0.247548
326.000000 -17.651441 -5.676421 290.922576 0.043654 0.972750 0.009038 -0.227532
327.000000 -17.974159 -5.664543 290.085744 0.042151 0.977115 0.008268 -0.208331
328.000000 -18.275157 -5.655864 289.214564 0.042352 0.980831 0.006843 -0.190079
329.000000 -18.571751 -5.638286 288.295826 0.041472 0.984301 0.006038 -0.171449
330.000000 -18.852725 -5.626766 287.369475 0.041702 0.987270 0.006178 -0.153367
331.000000 -19.028877 -5.639321 286.382186 0.042230 0.989544 0.007724 -0.137697
332.000000 -19.237583 -5.614388 285.391561 0.042483 0.991665 0.009222 -0.121285
333.000000 -19.452083 -5.587869 284.371357 0.042763 0.993469 0.009410 -0.105364
334.000000 -19.622458 -5.579334 283.309058 0.043406 0.994933 0.009128 -0.090225
335.000000 -19.778789 -5.564723 282.229603 0.043478 0.996114 0.009640 -0.075989
336.000000 -19.870046 -5.557852 281.112765 0.044605 0.996934 0.009889 -0.063531
337.000000 -20.024010 -5.543656 279.985157 0.045867 0.997619 0.009342 -0.050644
338.000000 -20.139958 -5.522447 278.824642 0.046086 0.998196 0.009035 -0.037400
339.000000 -20.197691 -5.515528 277.646537 0.047413 0.998471 0.009688 -0.026727
340.000000 -20.284349 -5.503360 276.456159 0.049189 0.998577 0.010624 -0.017672
341.000000 -20.314645 -5.485058 275.245126 0.051771 0.998532 0.011339 -0.011173
342.000000 -20.311685 -5.473304 274.016320 0.053830 0.998469 0.010540 -0.007152
343.000000 -20.297718 -5.461052 272.766452 0.055925 0.998369 0.010099 -0.005471
344.000000 -20.300253 -5.460807 271.503564 0.057202 0.998292 0.010611 -0.005310
345.000000 -20.304809 -5.457815 270.221487 0.058537 0.998203 0.011100 -0.006413
346.000000 -20.331324 -5.434627 268.925134 0.058627 0.998195 0.010714 -0.007367
347.000000 -20.324564 -5.422130 267.615203 0.059250 0.998151 0.010348 -0.008727
348.000000 -20.353797 -5.412102 266.290548 0.059742 0.998111 0.009880 -0.010380
349.000000 -20.374925 -5.408396 264.956785 0.060116 0.998070 0.008819 -0.012827
350.000000 -20.383428 -5.407375 263.622117 0.060295 0.998027 0.007662 -0.015728
351.000000 -20.416734 -5.408910 262.288856 0.060637 0.997971 0.006747 -0.018214
352.000000 -20.450448 -5.431129 260.959956 0.060743 0.997917 0.006535 -0.020732
353.000000 -20.475690 -5.434168 259.617788 0.061870 0.997781 0.007287 -0.023476
354.000000 -20.564511 -5.439918 258.280361 0.062537 0.997701 0.007532 -0.025001
355.000000 -20.502238 -5.466822 256.939523 0.063094 0.997540 0.007491 -0.029616
356.000000 -20.593606 -5.440578 255.595432 0.063493 0.997423 0.006415 -0.032780
357.000000 -20.699182 -5.429995 254.249402 0.063036 0.997388 0.005028 -0.034917
358.000000 -20.796807 -5.433010 252.900747 0.062645 0.997303 0.004912 -0.037934
359.000000 -20.911981 -5.447960 251.554965 0.062146 0.997263 0.005009 -0.039736
360.000000 -21.024323 -5.463449 250.202228 0.061978 0.997221 0.005168 -0.041008
361.000000 -21.132527 -5.494405 248.854643 0.062084 0.997179 0.006390 -0.041697
362.000000 -21.234975 -5.496579 247.499665 0.062605 0.997084 0.007505 -0.042983
363.000000 -21.337405 -5.492738 246.135316 0.062965 0.997023 0.006499 -0.044022
364.000000 -21.438760 -5.510422 244.770419 0.063279 0.996961 0.005337 -0.045117
365.000000 -21.552632 -5.508240 243.400587 0.063165 0.996969 0.005325 -0.045101
366.000000 -21.685580 -5.514909 242.033293 0.061900 0.997099 0.004900 -0.044013
367.000000 -21.833300 -5.540455 240.657119 0.061628 0.997145 0.004767 -0.043379
368.000000 -21.943718 -5.557613 239.280505 0.060825 0.997205 0.005523 -0.043045
369.000000 -22.018734 -5.589850 237.898023 0.059877 0.997275 0.005948 -0.042690
370.000000 -22.106543 -5.616706 236.511346 0.059494 0.997309 0.004968 -0.042552
371.000000 -22.187830 -5.625972 235.120486 0.059562 0.997317 0.003576 -0.042402
372.000000 -22.245011 -5.642815 233.722825 0.060277 0.997265 0.003157 -0.042649
373.000000 -22.362395 -5.647431 232.326549 0.061033 0.997261 0.002893 -0.041683
374.000000 -22.457100 -5.666459 230.928494 0.061700 0.997238 0.003004 -0.041237
375.000000 -22.561589 -5.681799 229.528218 0.062096 0.997224 0.002984 -0.040991
376.000000 -22.679377 -5.681537 228.128147 0.061477 0.997270 0.003779 -0.040725
377.000000 -22.791742 -5.692910 226.719865 0.061351 0.997277 0.004696 -0.040646
378.000000 -22.893220 -5.701941 225.306301 0.060805 0.997319 0.004218 -0.040498
379.000000 -23.017016 -5.717034 223.891120 0.060703 0.997369 0.003630 -0.039456
380.000000 -23.112537 -5.715289 222.470514 0.060913 0.997342 0.003683 -0.039804
381.000000 -23.207024 -5.726271 221.048842 0.061038 0.997339 0.002983 -0.039746
382.000000 -23.292893 -5.751117 219.621292 0.060501 0.997380 0.003156 -0.039532
383.000000 -23.417739 -5.763393 218.197901 0.061309 0.997349 0.003791 -0.039015
384.000000 -23.536103 -5.779474 216.765538 0.060985 0.997382 0.003263 -0.038716
385.000000 -23.598809 -5.814958 215.327539 0.060961 0.997332 0.001905 -0.040122
386.000000 -23.713942 -5.834459 213.890006 0.060754 0.997350 0.002339 -0.039964
387.000000 -23.846581 -5.857392 212.454879 0.060402 0.997380 0.003403 -0.039671
388.000000 -23.979878 -5.846992 211.013473 0.060544 0.997390 0.003471 -0.039198
389.000000 -24.102672 -5.891745 209.567273 0.058788 0.997525 0.002701 -0.038474
390.000000 -24.202816 -5.883152 208.116356 0.058219 0.997558 0.003758 -0.038390
391.000000 -24.284984 -5.892929 206.657459 0.058911 0.997491 0.003094 -0.039136
392.000000 -24.376634 -5.898389 205.196193 0.059434 0.997449 0.002350 -0.039469
393.000000 -24.479050 -5.931807 203.736355 0.059921 0.997420 0.002058 -0.039489
394.000000 -24.589880 -5.946470 202.276559 0.058995 0.997457 0.002066 -0.039947
395.000000 -24.710898 -5.966687 200.821761 0.058394 0.997490 0.002018 -0.039986
396.000000 -24.805465 -5.996331 199.355733 0.058156 0.997512 0.001168 -0.039829
397.000000 -24.916353 -6.022397 197.895286 0.058326 0.997492 -0.000215 -0.040090
398.000000 -25.037216 -6.030022 196.438674 0.059333 0.997412 -0.000217 -0.040596
399.000000 -25.141137 -6.046805 194.982054 0.059511 0.997388 -0.000214 -0.040923
400.000000 -25.229752 -6.076408 193.528905 0.060078 0.997326 -0.000381 -0.041604
401.000000 -25.345789 -6.106661 192.077208 0.059998 0.997310 -0.000079 -0.042108
402.000000 -25.413055 -6.154985 190.626431 0.060411 0.997194 0.000221 -0.044216
403.000000 -25.571140 -6.193392 189.186517 0.059200 0.997305 -0.000306 -0.043344
404.000000 -25.693229 -6.225547 187.743215 0.059511 0.997277 -0.000222 -0.043565
405.000000 -25.803211 -6.259033 186.305349 0.059456 0.997268 -0.000242 -0.043845
406.000000 -25.915208 -6.271237 184.865310 0.060464 0.997198 0.000222 -0.044039
407.000000 -26.004984 -6.294895 183.428052 0.060938 0.997139 -0.000136 -0.044729
408.000000 -26.114732 -6.324082 181.994991 0.060759 0.997121 -0.000440 -0.045372
409.000000 -26.248437 -6.363614 180.570732 0.060517 0.997108 -0.000154 -0.045965
410.000000 -26.357663 -6.407912 179.149486 0.060136 0.997099 0.000118 -0.046661
411.000000 -26.473223 -6.430801 177.729333 0.059623 0.997053 -0.000861 -0.048274
412.000000 -26.575768 -6.455201 176.319437 0.060025 0.996932 -0.001217 -0.050226
413.000000 -26.727704 -6.453689 174.919510 0.059643 0.996901 -0.000391 -0.051303
414.000000 -26.856533 -6.482187 173.533259 0.059459 0.996862 -0.000574 -0.052254
415.000000 -26.986917 -6.513198 172.158041 0.059661 0.996794 -0.001146 -0.053306
416.000000 -27.065586 -6.569106 170.796678 0.059219 0.996735 -0.002382 -0.054842
417.000000 -27.236077 -6.614686 169.462984 0.057824 0.996802 -0.003376 -0.055055
418.000000 -27.291371 -6.652531 168.143560 0.057807 0.996715 -0.003054 -0.056643
419.000000 -27.431649 -6.687834 166.846312 0.057104 0.996745 -0.003314 -0.056809
420.000000 -27.640633 -6.693094 165.580093 0.058113 0.996720 -0.003790 -0.056198
421.000000 -27.769485 -6.738500 164.327141 0.058100 0.996700 -0.003789 -0.056558
422.000000 -27.889267 -6.773846 163.100852 0.058373 0.996682 -0.002910 -0.056657
423.000000 -28.019640 -6.795123 161.897606 0.058761 0.996659 -0.002589 -0.056676
424.000000 -28.110414 -6.833985 160.717370 0.058970 0.996574 -0.002665 -0.057921
425.000000 -28.132845 -6.885124 159.557992 0.059521 0.996317 -0.002831 -0.061659
426.000000 -28.239019 -6.907272 158.429686 0.059614 0.996323 -0.003346 -0.061451
427.000000 -28.383675 -6.929276 157.329447 0.059501 0.996359 -0.004179 -0.060912
428.000000 -28.507455 -6.963482 156.255332 0.059887 0.996328 -0.004477 -0.061019
429.000000 -28.626353 -7.006097 155.210966 0.060168 0.996364 -0.004304 -0.060175
430.000000 -28.763094 -7.028247 154.190700 0.059347 0.996460 -0.003604 -0.059431
431.000000 -28.869200 -7.061450 153.195724 0.059018 0.996487 -0.002940 -0.059340
432.000000 -28.962551 -7.077144 152.223799 0.059309 0.996478 -0.003074 -0.059195
433.000000 -29.059424 -7.099449 151.279683 0.059077 0.996501 -0.003494 -0.059028
434.000000 -29.162868 -7.130746 150.363347 0.059242 0.996495 -0.003737 -0.058941
435.000000 -29.258601 -7.143241 149.467804 0.059354 0.996502 -0.003893 -0.058700
436.000000 -29.369469 -7.179474 148.597126 0.059324 0.996521 -0.004224 -0.058376
437.000000 -29.470463 -7.195205 147.740627 0.060100 0.996510 -0.003790 -0.057809
438.000000 -29.587162 -7.259139 146.905774 0.059242 0.996597 -0.002969 -0.057244
439.000000 -29.584182 -7.285627 146.074320 0.058008 0.996633 -0.001825 -0.057912
440.000000 -29.548781 -7.340415 145.257967 0.057446 0.996632 -0.001738 -0.058498
441.000000 -29.610258 -7.424585 144.463240 0.058157 0.996546 -0.002248 -0.059241
442.000000 -29.662045 -7.467303 143.683312 0.058180 0.996525 -0.001928 -0.059581
443.000000 -29.699355 -7.564298 142.922482 0.057185 0.996570 -0.002236 -0.059775
444.000000 -29.343445 -7.621624 142.253937 0.056613 0.996329 -0.002234 -0.064172
445.000000 -29.290014 -7.679826 141.507225 0.056484 0.996249 -0.002964 -0.065483
446.000000 -29.399099 -7.703431 140.772684 0.056409 0.996258 -0.003418 -0.065391
447.000000 -29.567058 -7.693283 140.058056 0.055879 0.996317 -0.003038 -0.064970
448.000000 -29.710136 -7.716577 139.351137 0.054384 0.996473 -0.003017 -0.063842
449.000000 -29.710971 -7.787092 138.640182 0.053684 0.996435 -0.003114 -0.065012
450.000000 -29.424842 -7.899180 138.001687 0.052570 0.996218 -0.003101 -0.069109
451.000000 -29.600800 -7.892799 137.319511 0.052119 0.996275 -0.001872 -0.068675
452.000000 -29.690688 -7.944598 136.626195 0.051899 0.996289 -0.001277 -0.068645
453.000000 -29.709567 -7.966120 135.927421 0.052951 0.996168 -0.000146 -0.069613
454.000000 -29.398923 -7.999881 135.304008 0.053222 0.995800 0.000652 -0.074500
455.000000 -29.348701 -8.028138 134.610330 0.053070 0.995673 -0.000078 -0.076275
456.000000 -29.396123 -8.048278 133.916741 0.051770 0.995679 -0.001902 -0.077075
457.000000 -29.487722 -8.070416 133.234735 0.053581 0.995577 -0.001575 -0.077159
458.000000 -29.527831 -8.069681 132.555596 0.056265 0.995398 -0.000308 -0.077574
459.000000 -29.613252 -8.082201 131.878490 0.056795 0.995298 0.002427 -0.078421
460.000000 -29.612875 -8.099668 131.193619 0.055398 0.995268 0.005499 -0.079640
461.000000 -29.620195 -8.114876 130.496349 0.057178 0.995088 0.006337 -0.080559
462.000000 -29.780101 -8.119485 129.806109 0.059622 0.995031 0.005705 -0.079540
463.000000 -29.864808 -8.114214 129.088237 0.061280 0.994969 0.003878 -0.079161
464.000000 -30.013157 -8.162475 128.372749 0.062319 0.995130 0.001879 -0.076350
465.000000 -30.134007 -8.144988 127.641487 0.062433 0.995217 0.001894 -0.075105
466.000000 -30.262144 -8.156361 126.900671 0.062031 0.995421 0.002379 -0.072682
467.000000 -30.444571 -8.115437 126.160510 0.062659 0.995576 0.003807 -0.069918
468.000000 -30.512934 -8.116714 125.380691 0.063823 0.995597 0.003726 -0.068549
469.000000 -30.676868 -8.108745 124.595772 0.064551 0.995718 0.002261 -0.066131
470.000000 -30.765126 -8.110942 123.781611 0.064821 0.995808 0.000042 -0.064531
471.000000 -30.861912 -8.117858 122.951766 0.064142 0.995978 -0.001165 -0.062542
472.000000 -30.933184 -8.146343 122.106596 0.063691 0.996112 -0.001540 -0.060839
473.000000 -31.081173 -8.153444 121.252306 0.062977 0.996343 -0.000823 -0.057736
474.000000 -31.142334 -8.187422 120.372686 0.062074 0.996479 0.000057 -0.056354
475.000000 -31.239489 -8.187945 119.478033 0.060964 0.996656 0.000559 -0.054401
476.000000 -31.326170 -8.190644 118.561303 0.060754 0.996777 0.000420 -0.052384
477.000000 -31.344227 -8.222664 117.624684 0.060510 0.996799 -0.000556 -0.052242
478.000000 -31.399933 -8.248297 116.669000 0.060361 0.996891 -0.001614 -0.050615
479.000000 -31.473215 -8.274908 115.700806 0.058753 0.997082 -0.001587 -0.048704
480.000000 -31.571760 -8.311977 114.719954 0.057464 0.997267 -0.001023 -0.046435
481.000000 -31.666883 -8.322766 113.721319 0.056828 0.997426 0.000700 -0.043724
482.000000 -31.749516 -8.330643 112.702484 0.056665 0.997519 0.001393 -0.041743
483.000000 -31.824271 -8.334462 111.663428 0.055591 0.997632 0.001131 -0.040492
484.000000 -31.896322 -8.342090 110.607966 0.055133 0.997690 0.001384 -0.039661
485.000000 -31.971859 -8.362417 109.538479 0.056546 0.997602 0.002689 -0.039809
486.000000 -31.986938 -8.374629 108.448148 0.056936 0.997539 0.004576 -0.040659
487.000000 -32.074795 -8.363903 107.345970 0.055650 0.997613 0.005884 -0.040447
488.000000 -32.175781 -8.353873 106.217675 0.054812 0.997686 0.004054 -0.040028
489.000000 -32.244068 -8.361816 105.066371 0.054839 0.997688 0.001041 -0.040131
490.000000 -32.328539 -8.358649 103.902388 0.054701 0.997671 0.000111 -0.040757
491.000000 -32.408412 -8.369761 102.730269 0.055197 0.997633 0.001119 -0.040989
492.000000 -32.490943 -8.385137 101.538450 0.055800 0.997585 0.001832 -0.041329
493.000000 -32.620027 -8.376120 100.332913 0.056165 0.997596 0.001797 -0.040559
494.000000 -32.703001 -8.399147 99.109651 0.056714 0.997577 0.002471 -0.040222
495.000000 -32.826453 -8.409934 97.874312 0.056338 0.997593 0.002522 -0.040350
496.000000 -32.926833 -8.377056 96.620797 0.056465 0.997542 0.001598 -0.041458
497.000000 -33.016511 -8.394294 95.346557 0.056802 0.997486 0.000503 -0.042360
498.000000 -33.094240 -8.404172 94.062536 0.057959 0.997342 0.001528 -0.044127
499.000000 -33.198930 -8.404334 92.761799 0.058286 0.997269 0.001288 -0.045344
500.000000 -33.341838 -8.398651 91.452159 0.060298 0.997085 0.002862 -0.046658
501.000000 -33.450966 -8.406947 90.134512 0.059424 0.997021 0.007393 -0.048622
502.000000 -33.636841 -8.372792 88.802132 0.059013 0.997063 0.009300 -0.047917
503.000000 -33.667129 -8.402308 87.429432 0.059187 0.996952 0.005333 -0.050554
504.000000 -33.803010 -8.387581 86.049251 0.060279 0.996852 0.002744 -0.051425
505.000000 -33.948279 -8.359460 84.660635 0.062356 0.996669 0.003784 -0.052415
506.000000 -34.081558 -8.355246 83.262633 0.062963 0.996569 0.004749 -0.053514
507.000000 -34.201049 -8.365630 81.839989 0.063210 0.996479 0.005327 -0.054823
508.000000 -34.444453 -8.312374 80.418219 0.063330 0.996549 0.006178 -0.053302
509.000000 -34.584140 -8.291376 78.968337 0.062962 0.996514 0.006513 -0.054339
510.000000 -34.705106 -8.291894 77.502358 0.062960 0.996439 0.005216 -0.055832
511.000000 -34.788609 -8.305863 76.030954 0.062871 0.996320 0.004076 -0.058112
512.000000 -34.957470 -8.304007 74.564355 0.063241 0.996268 0.002484 -0.058683
513.000000 -35.084345 -8.313522 73.095083 0.062970 0.996150 0.000389 -0.060997
514.000000 -35.301157 -8.323602 71.637966 0.062081 0.996241 -0.000367 -0.060415
515.000000 -35.464346 -8.311766 70.178703 0.061886 0.996193 0.000769 -0.061401
516.000000 -35.634563 -8.321363 68.718762 0.062254 0.996126 0.001644 -0.062090
517.000000 -35.808524 -8.350327 67.261237 0.062277 0.996104 0.001429 -0.062415
518.000000 -35.948471 -8.344515 65.797760 0.063101 0.995994 0.001456 -0.063333
519.000000 -36.105716 -8.371904 64.341334 0.062269 0.995925 0.001267 -0.065222
520.000000 -36.268373 -8.412698 62.887270 0.063118 0.995814 0.002408 -0.066066
521.000000 -36.479511 -8.429643 61.431411 0.062481 0.995883 0.001498 -0.065662
522.000000 -36.665934 -8.446920 59.972953 0.062609 0.995877 -0.000258 -0.065640
523.000000 -36.854801 -8.472528 58.517267 0.062392 0.995927 -0.001715 -0.065063
524.000000 -37.005029 -8.518358 57.062642 0.062121 0.995964 -0.001251 -0.064769
525.000000 -37.174888 -8.562167 55.619282 0.062532 0.995969 0.000420 -0.064312
526.000000 -37.368551 -8.600748 54.174055 0.063116 0.995985 0.002010 -0.063444
527.000000 -37.544934 -8.618314 52.728111 0.063413 0.995986 0.002270 -0.063128
528.000000 -37.711851 -8.632631 51.283420 0.063627 0.995990 0.001514 -0.062869
529.000000 -37.894443 -8.653650 49.839115 0.062988 0.996070 -0.000216 -0.062263
530.000000 -38.021418 -8.663868 48.393817 0.062246 0.996080 -0.002160 -0.062809
531.000000 -38.186770 -8.726904 46.956692 0.063259 0.996048 -0.002442 -0.062296
532.000000 -38.331043 -8.748811 45.525401 0.063474 0.995996 -0.000136 -0.062952
533.000000 -38.508471 -8.785586 44.097536 0.063570 0.995971 0.001221 -0.063234
534.000000 -38.695802 -8.805031 42.670395 0.062041 0.996092 0.000487 -0.062854
535.000000 -38.872288 -8.819696 41.244779 0.061552 0.996134 -0.001058 -0.062661
536.000000 -39.022537 -8.866400 39.815992 0.061817 0.996073 -0.001979 -0.063357
537.000000 -39.184076 -8.888404 38.396787 0.062557 0.996007 -0.001277 -0.063682
538.000000 -39.330540 -8.901370 36.977047 0.062964 0.995953 -0.000906 -0.064134
539.000000 -39.469213 -8.941459 35.558268 0.063778 0.995867 -0.000522 -0.064660
540.000000 -39.644812 -8.960265 34.149140 0.062888 0.995939 -0.000121 -0.064432
541.000000 -39.851466 -8.968977 32.747042 0.062679 0.995962 0.000028 -0.064268
542.000000 -40.051265 -8.990859 31.337820 0.061491 0.996081 -0.000706 -0.063562
543.000000 -40.261528 -9.019397 29.936257 0.061245 0.996150 -0.000882 -0.062721
544.000000 -40.430213 -9.047676 28.536009 0.061553 0.996173 -0.000253 -0.062052
545.000000 -40.608027 -9.071581 27.139830 0.062812 0.996110 -0.000234 -0.061804
546.000000 -40.787770 -9.095595 25.747060 0.063109 0.996132 -0.000528 -0.061134
547.000000 -40.981636 -9.109882 24.362475 0.062936 0.996208 -0.000606 -0.060077
548.000000 -41.170498 -9.098506 22.983191 0.063327 0.996253 -0.000660 -0.058905
549.000000 -41.317504 -9.117575 21.606712 0.062977 0.996253 -0.000798 -0.059273
550.000000 -41.513486 -9.131841 20.236188 0.062424 0.996249 -0.001294 -0.059912
551.000000 -41.665180 -9.176904 18.864860 0.062303 0.996251 -0.002008 -0.059991
552.000000 -41.800550 -9.213754 17.496184 0.063098 0.996159 -0.000642 -0.060703
553.000000 -41.940496 -9.255252 16.132889 0.064495 0.996054 0.001669 -0.060946
554.000000 -42.089806 -9.275377 14.773572 0.066295 0.995946 0.002565 -0.060741
555.000000 -42.248578 -9.302911 13.409238 0.068152 0.995886 0.001524 -0.059695
556.000000 -42.381497 -9.323351 12.046975 0.068605 0.995865 0.000414 -0.059555
557.000000 -42.517620 -9.341019 10.687900 0.068038 0.995898 -0.000588 -0.059655
558.000000 -42.709487 -9.346238 9.336501 0.066507 0.996071 -0.001211 -0.058467
559.000000 -42.834642 -9.389071 7.983552 0.064220 0.996207 -0.002030 -0.058688
560.000000 -43.010199 -9.428845 6.631535 0.063068 0.996243 -0.001907 -0.059317
561.000000 -43.148649 -9.444310 5.276796 0.062571 0.996248 -0.000566 -0.059778
562.000000 -43.325214 -9.470022 3.925222 0.062554 0.996281 0.000362 -0.059257
563.000000 -43.447674 -9.484992 2.563159 0.063712 0.996123 0.000714 -0.060655
564.000000 -43.631768 -9.500280 1.203100 0.064287 0.996080 0.000366 -0.060767
565.000000 -43.775528 -9.520565 -0.162967 0.064583 0.996051 0.000728 -0.060912
566.000000 -43.901014 -9.547593 -1.534395 0.064969 0.995995 0.001536 -0.061409
567.000000 -44.060167 -9.559469 -2.904208 0.065311 0.995966 0.001783 -0.061505
568.000000 -44.207461 -9.587333 -4.280556 0.066558 0.995868 0.001433 -0.061765
569.000000 -44.380610 -9.612322 -5.659450 0.066210 0.995946 0.001378 -0.060883
570.000000 -44.484639 -9.648493 -7.046595 0.067228 0.995803 0.000952 -0.062093
571.000000 -44.620559 -9.663083 -8.438414 0.068971 0.995653 -0.000284 -0.062596
572.000000 -44.774351 -9.681998 -9.824904 0.070390 0.995544 0.000019 -0.062746
573.000000 -44.927686 -9.705396 -11.214223 0.070564 0.995514 0.001580 -0.063012
574.000000 -45.124862 -9.699796 -12.604260 0.070429 0.995533 0.001683 -0.062851
575.000000 -45.301286 -9.696576 -14.001588 0.070191 0.995559 0.001231 -0.062715
576.000000 -45.444764 -9.718075 -15.399589 0.070757 0.995497 0.002341 -0.063030
577.000000 -45.594950 -9.731177 -16.800885 0.070845 0.995511 0.004063 -0.062623
578.000000 -45.738603 -9.738234 -18.204418 0.070745 0.995504 0.004248 -0.062835
579.000000 -45.887281 -9.737260 -19.616587 0.069844 0.995572 0.003375 -0.062817
580.000000 -46.046811 -9.750979 -21.028215 0.068495 0.995689 0.002983 -0.062476
581.000000 -46.189650 -9.741425 -22.441859 0.067932 0.995718 0.003223 -0.062620
582.000000 -46.409330 -9.776813 -23.847373 0.067414 0.995796 0.002484 -0.061960
583.000000 -46.589834 -9.773726 -25.256234 0.068034 0.995769 0.003572 -0.061665
584.000000 -46.702681 -9.776145 -26.679410 0.069010 0.995693 0.002971 -0.061833
585.000000 -46.880372 -9.759193 -28.100999 0.069003 0.995719 0.001623 -0.061471
586.000000 -47.036184 -9.751434 -29.518032 0.068387 0.995760 0.001912 -0.061488
587.000000 -47.263780 -9.725653 -30.922786 0.067315 0.995910 0.003065 -0.060189
588.000000 -47.407236 -9.736407 -32.339612 0.066275 0.995988 0.002689 -0.060071
589.000000 -47.545069 -9.765101 -33.757407 0.065796 0.996037 0.002040 -0.059802
590.000000 -47.673953 -9.802238 -35.172440 0.064986 0.996059 0.001610 -0.060340
591.000000 -47.869317 -9.807551 -36.575791 0.063927 0.996200 0.001772 -0.059131
592.000000 -48.011873 -9.846070 -37.985278 0.062448 0.996275 0.000132 -0.059462
593.000000 -48.181834 -9.875635 -39.389967 0.061042 0.996422 -0.000689 -0.058453
594.000000 -48.329491 -9.904830 -40.790959 0.059540 0.996516 0.001163 -0.058390
595.000000 -48.487080 -9.934713 -42.184108 0.058351 0.996618 0.003197 -0.057770
596.000000 -48.633432 -9.946021 -43.582439 0.057070 0.996713 0.003710 -0.057380
597.000000 -48.715294 -9.972898 -44.987620 0.057615 0.996638 0.002508 -0.058204
598.000000 -48.841536 -10.009839 -46.387832 0.057587 0.996618 0.001586 -0.058602
599.000000 -48.986890 -10.038788 -47.782951 0.057603 0.996602 0.001825 -0.058842
600.000000 -49.147122 -10.036452 -49.176042 0.058734 0.996524 0.002325 -0.059029
601.000000 -49.326775 -10.078206 -50.568475 0.058303 0.996625 0.001385 -0.057766
602.000000 -49.489587 -10.081188 -51.954525 0.058198 0.996615 0.002606 -0.058008
603.000000 -49.636587 -10.063519 -53.348619 0.058871 0.996521 0.003033 -0.058914
604.000000 -49.756949 -10.067320 -54.746375 0.058718 0.996494 0.002711 -0.059538
605.000000 -49.898678 -10.087223 -56.138599 0.058629 0.996473 0.002924 -0.059972
606.000000 -50.049127 -10.091197 -57.530005 0.057715 0.996492 0.003514 -0.060500
607.000000 -50.185362 -10.086294 -58.922242 0.057173 0.996482 0.003834 -0.061151
608.000000 -50.329513 -10.106488 -60.317022 0.057977 0.996408 0.003537 -0.061621
609.000000 -50.484518 -10.116430 -61.707867 0.059000 0.996313 0.003448 -0.062185
610.000000 -50.633100 -10.137482 -63.100006 0.058003 0.996343 0.002567 -0.062682
611.000000 -50.818345 -10.152489 -64.483585 0.058569 0.996280 0.002698 -0.063161
612.000000 -51.022123 -10.111240 -65.860416 0.058720 0.996271 0.002912 -0.063154
613.000000 -51.204627 -10.124390 -67.244364 0.058696 0.996273 0.003534 -0.063109
614.000000 -51.315738 -10.174994 -68.627747 0.058913 0.996193 0.004607 -0.064083
615.000000 -51.480454 -10.191142 -70.003078 0.058643 0.996212 0.004692 -0.064029
616.000000 -51.677707 -10.181217 -71.375937 0.057971 0.996312 0.004082 -0.063131
617.000000 -51.849679 -10.182374 -72.746267 0.057902 0.996350 0.003609 -0.062621
618.000000 -52.019420 -10.195331 -74.116055 0.058268 0.996395 0.003041 -0.061583
619.000000 -52.182615 -10.207062 -75.476467 0.058006 0.996434 0.003470 -0.061170
620.000000 -52.366511 -10.216682 -76.831020 0.058357 0.996455 0.005361 -0.060362
621.000000 -52.500765 -10.229368 -78.184851 0.058457 0.996407 0.006157 -0.060978
622.000000 -52.644180 -10.267530 -79.540610 0.058051 0.996472 0.004585 -0.060431
623.000000 -52.823828 -10.242551 -80.891931 0.057973 0.996544 0.003065 -0.059412
624.000000 -52.969192 -10.245869 -82.238748 0.058285 0.996530 0.002337 -0.059372
625.000000 -53.094048 -10.273939 -83.581952 0.057979 0.996536 0.002167 -0.059584
626.000000 -53.230119 -10.297338 -84.917772 0.057504 0.996548 0.002828 -0.059813
627.000000 -53.384405 -10.303736 -86.252730 0.057309 0.996536 0.003689 -0.060156
628.000000 -53.524030 -10.321348 -87.583110 0.058523 0.996412 0.004264 -0.060996
629.000000 -53.694081 -10.321366 -88.905520 0.059179 0.996353 0.003774 -0.061352
630.000000 -53.862940 -10.341937 -90.230421 0.059219 0.996335 0.002960 -0.061646
631.000000 -54.010217 -10.357461 -91.545931 0.060192 0.996251 0.003836 -0.062021
632.000000 -54.186864 -10.390502 -92.857812 0.060552 0.996219 0.004182 -0.062165
633.000000 -54.397270 -10.369561 -94.162079 0.060890 0.996170 0.003717 -0.062642
634.000000 -54.556315 -10.383651 -95.470411 0.060902 0.996128 0.003154 -0.063322
635.000000 -54.711909 -10.403734 -96.774352 0.061083 0.996071 0.002929 -0.064057
636.000000 -54.856476 -10.424864 -98.073528 0.060862 0.996058 0.002801 -0.064464
637.000000 -55.019422 -10.423280 -99.369962 0.060711 0.996050 0.003115 -0.064718
638.000000 -55.197597 -10.437206 -100.660093 0.060951 0.996052 0.003246 -0.064464
639.000000 -55.359696 -10.449871 -101.949410 0.060697 0.996053 0.003145 -0.064686
640.000000 -55.519196 -10.447851 -103.233476 0.060317 0.996096 0.003240 -0.064372
641.000000 -55.639861 -10.472218 -104.514688 0.060543 0.996028 0.003834 -0.065172
642.000000 -55.776206 -10.471986 -105.797661 0.060992 0.995902 0.004892 -0.066591
643.000000 -55.904799 -10.475402 -107.074306 0.061736 0.995773 0.004608 -0.067845
644.000000 -56.063098 -10.482573 -108.347790 0.061909 0.995749 0.003498 -0.068114
645.000000 -56.240345 -10.481577 -109.611857 0.061874 0.995786 0.004274 -0.067552
646.000000 -56.397516 -10.469697 -110.873887 0.061983 0.995740 0.004645 -0.068103
647.000000 -56.517417 -10.503302 -112.138485 0.061861 0.995715 0.004175 -0.068613
648.000000 -56.714375 -10.520711 -113.386433 0.060952 0.995802 0.003402 -0.068199
649.000000 -56.860230 -10.522127 -114.636061 0.061348 0.995763 0.003476 -0.068407
650.000000 -57.024888 -10.540535 -115.879892 0.061518 0.995777 0.003114 -0.068074
651.000000 -57.170394 -10.550385 -117.121085 0.060700 0.995864 0.003097 -0.067537
652.000000 -57.335300 -10.600877 -118.349882 0.061881 0.995820 0.002719 -0.067132
653.000000 -57.530214 -10.591581 -119.565224 0.061919 0.995796 0.003104 -0.067436
654.000000 -57.710569 -10.596921 -120.774140 0.061725 0.995869 0.003385 -0.066517
655.000000 -57.879329 -10.617832 -121.976677 0.062406 0.995780 0.003195 -0.067217
656.000000 -58.041605 -10.624645 -123.171398 0.062045 0.995798 0.002523 -0.067315
657.000000 -58.201627 -10.631563 -124.358865 0.062976 0.995697 0.002377 -0.067934
658.000000 -58.359443 -10.639406 -125.533605 0.063349 0.995622 0.002892 -0.068676
659.000000 -58.515093 -10.649677 -126.698226 0.063185 0.995598 0.003724 -0.069126
660.000000 -58.664880 -10.666777 -127.852141 0.063513 0.995571 0.003412 -0.069227
661.000000 -58.832159 -10.690636 -128.993019 0.062951 0.995644 0.002013 -0.068751
662.000000 -58.987133 -10.693044 -130.120030 0.062606 0.995680 0.001159 -0.068553
663.000000 -59.128901 -10.710293 -131.228821 0.061129 0.995770 0.000719 -0.068597
664.000000 -59.277380 -10.746939 -132.314851 0.061385 0.995742 0.000802 -0.068763
665.000000 -59.394606 -10.762450 -133.388714 0.062093 0.995644 0.000253 -0.069547
666.000000 -59.540157 -10.780741 -134.438650 0.061303 0.995705 -0.001139 -0.069366
667.000000 -59.678614 -10.797070 -135.462069 0.061651 0.995632 -0.000933 -0.070115
668.000000 -59.781498 -10.822329 -136.465472 0.062100 0.995532 -0.000336 -0.071131
669.000000 -59.909137 -10.842103 -137.437682 0.062427 0.995459 -0.000403 -0.071861
670.000000 -60.069279 -10.838482 -138.379117 0.062133 0.995461 -0.000585 -0.072093
671.000000 -60.200054 -10.857284 -139.294920 0.061575 0.995487 -0.000681 -0.072202
672.000000 -60.322695 -10.877719 -140.182419 0.061157 0.995529 -0.000691 -0.071976
673.000000 -60.393700 -10.917653 -141.047640 0.060004 0.995637 -0.000580 -0.071456
674.000000 -60.493932 -10.927449 -141.875538 0.058180 0.995952 0.000032 -0.068522
675.000000 -60.604184 -10.946538 -142.676144 0.056058 0.996472 0.000432 -0.062457
676.000000 -60.673244 -10.973605 -143.454167 0.054025 0.997077 0.000448 -0.054031
677.000000 -60.683105 -11.010527 -144.209151 0.053585 0.997634 -0.000161 -0.043075
678.000000 -60.683532 -11.024184 -144.937391 0.054031 0.998062 -0.001281 -0.030832
679.000000 -60.669698 -11.065647 -145.643180 0.055145 0.998329 -0.002814 -0.017065
680.000000 -60.687881 -11.075110 -146.320125 0.055519 0.998454 -0.002426 -0.000947
681.000000 -60.717049 -11.113870 -146.961423 0.055324 0.998325 -0.000836 0.016921
682.000000 -60.646766 -11.142611 -147.583785 0.054885 0.997805 0.001341 0.037018
683.000000 -60.552555 -11.156800 -148.185172 0.054631 0.996754 0.003308 0.059039
684.000000 -60.433943 -11.176164 -148.743900 0.055016 0.995035 0.004276 0.082825
685.000000 -60.146614 -11.240029 -149.235056 0.054825 0.992695 0.004661 0.107370
686.000000 -59.769694 -11.278811 -149.612229 0.054106 0.989688 0.005658 0.132506
687.000000 -59.438877 -11.331751 -150.047792 0.054418 0.985625 0.006331 0.159821
688.000000 -59.144749 -11.362675 -150.504585 0.053665 0.980504 0.007445 0.188881
689.000000 -58.888097 -11.400815 -150.948092 0.053958 0.974015 0.007716 0.219825
690.000000 -58.585995 -11.414149 -151.387621 0.053114 0.966429 0.008590 0.251237
691.000000 -58.274294 -11.438873 -151.810685 0.053027 0.957412 0.009023 0.283671
692.000000 -57.946865 -11.438364 -152.186080 0.051590 0.947019 0.009738 0.316856
693.000000 -57.533662 -11.491177 -152.486613 0.051183 0.935449 0.009237 0.349615
694.000000 -57.099501 -11.489858 -152.716211 0.052422 0.922823 0.008888 0.381538
695.000000 -56.708218 -11.479605 -153.028017 0.053276 0.908572 0.009651 0.414206
696.000000 -56.278542 -11.531034 -153.267011 0.053893 0.893817 0.009716 0.445075
697.000000 -55.805716 -11.583559 -153.324302 0.053048 0.879819 0.010952 0.472213
698.000000 -55.408739 -11.615210 -153.598973 0.051595 0.862696 0.013120 0.502913
699.000000 -54.982325 -11.600200 -153.382436 0.053888 0.851872 0.016389 0.520713
700.000000 -54.534191 -11.664578 -153.532463 0.053130 0.833694 0.017687 0.549380
701.000000 -54.073791 -11.688698 -153.665415 0.052950 0.813926 0.017255 0.578293
702.000000 -53.591908 -11.707727 -153.749467 0.050235 0.793615 0.015855 0.606136
703.000000 -53.100320 -11.715318 -153.782403 0.046024 0.772797 0.014764 0.632810
704.000000 -52.605748 -11.742106 -153.833723 0.041851 0.749692 0.011699 0.660359
705.000000 -52.105446 -11.815306 -153.750094 0.038152 0.727412 0.007051 0.685104
706.000000 -51.605418 -11.852970 -153.681282 0.036194 0.703008 0.003654 0.710251
707.000000 -51.096013 -11.889606 -153.572220 0.034742 0.677862 0.003074 0.734361
708.000000 -50.622406 -11.915835 -153.371694 0.033820 0.652468 0.003133 0.757055
709.000000 -50.130275 -11.943288 -153.182391 0.031525 0.625683 0.003001 0.779434
710.000000 -49.588028 -11.896256 -153.041191 0.030831 0.595597 0.003248 0.802685
711.000000 -49.124372 -11.920364 -152.743142 0.029294 0.568654 0.001635 0.822054
712.000000 -48.626874 -12.010850 -152.445717 0.026824 0.540277 0.001116 0.841059
713.000000 -48.134381 -12.049141 -152.157760 0.027120 0.510851 0.001002 0.859241
714.000000 -47.682858 -12.122567 -151.793920 0.026561 0.483090 0.002904 0.875163
715.000000 -47.203447 -12.154565 -151.399744 0.026708 0.455286 0.005616 0.889927
716.000000 -46.588148 -12.139197 -151.417413 0.026859 0.412195 0.007526 0.910668
717.000000 -46.191184 -12.188514 -150.895130 0.024765 0.384891 0.007439 0.922600
718.000000 -45.776693 -12.234608 -150.402883 0.023004 0.354645 0.006913 0.934692
719.000000 -45.398942 -12.265883 -149.864975 0.021464 0.324456 0.007569 0.945627
720.000000 -45.040090 -12.296856 -149.262876 0.020577 0.295310 0.006560 0.955157
721.000000 -44.709186 -12.363410 -148.655081 0.018670 0.267035 0.007736 0.963475
722.000000 -44.386471 -12.388654 -148.000172 0.019782 0.241713 0.005084 0.970133
723.000000 -44.084105 -12.415666 -147.327438 0.021418 0.218733 0.003339 0.975544
724.000000 -43.754401 -12.444202 -146.629016 0.022278 0.198503 0.000951 0.979847
725.000000 -43.490247 -12.473517 -145.887009 0.021924 0.180589 0.001104 0.983314
726.000000 -43.239332 -12.511521 -145.116962 0.021261 0.164312 0.001349 0.986178
727.000000 -42.998109 -12.561016 -144.318166 0.020492 0.149419 0.001108 0.988561
728.000000 -42.801924 -12.616381 -143.489058 0.020491 0.136378 0.000105 0.990445
729.000000 -42.578038 -12.657027 -142.642698 0.021268 0.125681 -0.002812 0.991839
730.000000 -42.410773 -12.711615 -141.765560 0.022098 0.118302 -0.004643 0.992721
731.000000 -42.204027 -12.752265 -140.873497 0.022998 0.113679 -0.006970 0.993227
732.000000 -41.975074 -12.793317 -139.966940 0.023440 0.111156 -0.008866 0.993487
733.000000 -41.756001 -12.834715 -139.034445 0.023419 0.110565 -0.009729 0.993545
734.000000 -41.550942 -12.894503 -138.081025 0.022798 0.110352 -0.009587 0.993585
735.000000 -41.308934 -12.936031 -137.114280 0.022518 0.109477 -0.010438 0.993679
736.000000 -41.078585 -13.009707 -136.129858 0.022223 0.107833 -0.010327 0.993867
737.000000 -40.852872 -13.077202 -135.126039 0.022305 0.105830 -0.010538 0.994078
738.000000 -40.657184 -13.142843 -134.094792 0.021720 0.104986 -0.009948 0.994187
739.000000 -40.428087 -13.199236 -133.050910 0.020617 0.103888 -0.010578 0.994319
740.000000 -40.210322 -13.248243 -131.986981 0.020074 0.103213 -0.009453 0.994412
741.000000 -39.989982 -13.291435 -130.905414 0.020930 0.102401 -0.009743 0.994475
742.000000 -39.782998 -13.355058 -129.805095 0.021561 0.101743 -0.009273 0.994534
743.000000 -39.565634 -13.428277 -128.688862 0.021412 0.100914 -0.008994 0.994624
744.000000 -39.357851 -13.508158 -127.554813 0.021328 0.100337 -0.008782 0.994686
745.000000 -39.133380 -13.573984 -126.410575 0.021959 0.099706 -0.008668 0.994737
746.000000 -38.901752 -13.622658 -125.246087 0.022394 0.099797 -0.008287 0.994721
747.000000 -38.650206 -13.690145 -124.071086 0.022119 0.100049 -0.009554 0.994691
748.000000 -38.401243 -13.760609 -122.879020 0.021807 0.099560 -0.009473 0.994747
749.000000 -38.163468 -13.824830 -121.672666 0.022964 0.100550 -0.010000 0.994617
750.000000 -37.871356 -13.892461 -120.466402 0.024674 0.100763 -0.009778 0.994556
751.000000 -37.605245 -13.971175 -119.236823 0.025968 0.100647 -0.008861 0.994544
752.000000 -37.357031 -14.051870 -117.982753 0.026159 0.100889 -0.008571 0.994517
753.000000 -37.153063 -14.129506 -116.707234 0.025618 0.101817 -0.008756 0.994435
754.000000 -36.941699 -14.220633 -115.418311 0.025697 0.101764 -0.007955 0.994445
755.000000 -36.700039 -14.311146 -114.124182 0.026968 0.101199 -0.007930 0.994469
756.000000 -36.486367 -14.396647 -112.809645 0.027750 0.100262 -0.006997 0.994549
757.000000 -36.278219 -14.500030 -111.474744 0.027040 0.099424 -0.007220 0.994651
758.000000 -36.021216 -14.585393 -110.133387 0.026189 0.098348 -0.006739 0.994785
759.000000 -35.768579 -14.670749 -108.779010 0.026648 0.097475 -0.006816 0.994858
760.000000 -35.540051 -14.776684 -107.408929 0.026417 0.097278 -0.006017 0.994888
761.000000 -35.298897 -14.866296 -106.022831 0.026963 0.096936 -0.004867 0.994913
762.000000 -35.015317 -14.951402 -104.630118 0.027857 0.095796 -0.004841 0.994999
763.000000 -34.707843 -15.035597 -103.229378 0.028102 0.093894 -0.005287 0.995171
764.000000 -34.466961 -15.131530 -101.798582 0.027611 0.093723 -0.005475 0.995200
765.000000 -34.315567 -15.253617 -100.339640 0.025414 0.094781 -0.005662 0.995158
766.000000 -33.892347 -15.360209 -98.926383 0.024422 0.091840 -0.005073 0.995461
767.000000 -33.609248 -15.447442 -97.452273 0.023038 0.091333 -0.005072 0.995541
768.000000 -33.343342 -15.522316 -95.967001 0.020297 0.091512 -0.006203 0.995578
769.000000 -33.084713 -15.585466 -94.476815 0.017947 0.092017 -0.006946 0.995572
770.000000 -32.793290 -15.647089 -92.995287 0.017098 0.091696 -0.008473 0.995604
771.000000 -32.534539 -15.736891 -91.510866 0.016273 0.091427 -0.008650 0.995641
772.000000 -32.297847 -15.819877 -90.025470 0.015935 0.092157 -0.008472 0.995581
773.000000 -32.027899 -15.912852 -88.549722 0.016677 0.091556 -0.007936 0.995629
774.000000 -31.760237 -15.991989 -87.069222 0.017771 0.091838 -0.007724 0.995585
775.000000 -31.451400 -16.051778 -85.602665 0.018395 0.091310 -0.008321 0.995618
776.000000 -31.219138 -16.124145 -84.109264 0.017526 0.092430 -0.008664 0.995527
777.000000 -30.982281 -16.219659 -82.626074 0.017565 0.093620 -0.008297 0.995419
778.000000 -30.713766 -16.315346 -81.149212 0.018268 0.093963 -0.008321 0.995373
779.000000 -30.409486 -16.403929 -79.679665 0.018080 0.093900 -0.008209 0.995384
780.000000 -30.162900 -16.484148 -78.199263 0.017433 0.094966 -0.007288 0.995301
781.000000 -29.897298 -16.587020 -76.721198 0.016072 0.095711 -0.006601 0.995258
782.000000 -29.649563 -16.680616 -75.242206 0.015223 0.095834 -0.006279 0.995261
783.000000 -29.412480 -16.766514 -73.767886 0.015740 0.095832 -0.005825 0.995256
784.000000 -29.143553 -16.860650 -72.302192 0.017477 0.094943 -0.005855 0.995312
785.000000 -28.871318 -16.945138 -70.842159 0.018540 0.094581 -0.007620 0.995315
786.000000 -28.559830 -17.066483 -69.386440 0.017730 0.094082 -0.007325 0.995380
787.000000 -28.300081 -17.156901 -67.920521 0.017224 0.093888 -0.007974 0.995402
788.000000 -28.023823 -17.240155 -66.466501 0.018224 0.093814 -0.006437 0.995402
789.000000 -27.796209 -17.319741 -65.002088 0.017668 0.094096 -0.006077 0.995388
790.000000 -27.564792 -17.410950 -63.543326 0.016458 0.094087 -0.004748 0.995417
791.000000 -27.302392 -17.520086 -62.090531 0.016865 0.093260 -0.004401 0.995489
792.000000 -27.001626 -17.597670 -60.653657 0.018495 0.091454 -0.003835 0.995630
793.000000 -26.752037 -17.692976 -59.205687 0.018046 0.090382 -0.003300 0.995738
794.000000 -26.475555 -17.761129 -57.757230 0.015767 0.088766 -0.003486 0.995922
795.000000 -26.226478 -17.813208 -56.312132 0.016416 0.089119 -0.003610 0.995879
796.000000 -25.981970 -17.901528 -54.872457 0.016737 0.088156 -0.003302 0.995961
797.000000 -25.708365 -17.987487 -53.439073 0.016761 0.087142 -0.003820 0.996048
798.000000 -25.488722 -18.075486 -51.999778 0.016646 0.086849 -0.004076 0.996074
799.000000 -25.291907 -18.150021 -50.558954 0.017096 0.087854 -0.004276 0.995978
800.000000 -25.010720 -18.248719 -49.135934 0.016795 0.086374 -0.003939 0.996113
801.000000 -24.802311 -18.318863 -47.700839 0.016950 0.087362 -0.003692 0.996026
802.000000 -24.565805 -18.406487 -46.273023 0.016848 0.087729 -0.003380 0.995996
803.000000 -24.339722 -18.490093 -44.850135 0.016747 0.088108 -0.002921 0.995966
804.000000 -24.088230 -18.565026 -43.427337 0.016054 0.088083 -0.002755 0.995980
805.000000 -23.852520 -18.654588 -42.006652 0.016035 0.088515 -0.002759 0.995942
806.000000 -23.625367 -18.739903 -40.587531 0.016685 0.088938 -0.002780 0.995894
807.000000 -23.407067 -18.835556 -39.172475 0.017524 0.089461 -0.002910 0.995832
808.000000 -23.169395 -18.912771 -37.759497 0.017874 0.090440 -0.003994 0.995733
809.000000 -22.892269 -18.993561 -36.355648 0.016899 0.089776 -0.004328 0.995809
810.000000 -22.636596 -19.072643 -34.949345 0.016193 0.090119 -0.004860 0.995788
811.000000 -22.344697 -19.152579 -33.553795 0.016335 0.090326 -0.005478 0.995763
812.000000 -22.089417 -19.250053 -32.158021 0.016982 0.090774 -0.005338 0.995712
813.000000 -21.796566 -19.342933 -30.771506 0.017915 0.091636 -0.005164 0.995618
814.000000 -21.540657 -19.419965 -29.380303 0.017168 0.091977 -0.005168 0.995600
815.000000 -21.259766 -19.468257 -27.987412 0.017286 0.092761 -0.005910 0.995521
816.000000 -21.022991 -19.559480 -26.602013 0.019404 0.093182 -0.005720 0.995444
817.000000 -20.794531 -19.647682 -25.219005 0.021988 0.093905 -0.006650 0.995316
818.000000 -20.538817 -19.740537 -23.841734 0.023477 0.093408 -0.007036 0.995326
819.000000 -20.319226 -19.844675 -22.461019 0.023791 0.094675 -0.006629 0.995202
820.000000 -20.090918 -19.942216 -21.084964 0.023588 0.095969 -0.006815 0.995081
821.000000 -19.817191 -20.026449 -19.717220 0.022851 0.096115 -0.006787 0.995085
822.000000 -19.555806 -20.116084 -18.351113 0.022037 0.096540 -0.007205 0.995059
823.000000 -19.329063 -20.201870 -16.988031 0.022197 0.096989 -0.006148 0.995019
824.000000 -19.055821 -20.298779 -15.634807 0.022897 0.096637 -0.005707 0.995040
825.000000 -18.808192 -20.404580 -14.282215 0.023208 0.096173 -0.005088 0.995081
826.000000 -18.556063 -20.503805 -12.932288 0.022433 0.095383 -0.005751 0.995171
827.000000 -18.324217 -20.583753 -11.581330 0.022416 0.095515 -0.005746 0.995159
828.000000 -18.080422 -20.680954 -10.236743 0.021806 0.094815 -0.006243 0.995237
829.000000 -17.800917 -20.769482 -8.897080 0.021505 0.093233 -0.006492 0.995391
830.000000 -17.502344 -20.863519 -7.566936 0.022397 0.092677 -0.006414 0.995424
831.000000 -17.285858 -20.962151 -6.222717 0.023185 0.092665 -0.005684 0.995411
832.000000 -17.031848 -21.051596 -4.884282 0.023758 0.092496 -0.006330 0.995409
833.000000 -16.859819 -21.112923 -3.533868 0.024251 0.092897 -0.006333 0.995360
834.000000 -16.659555 -21.235615 -2.188075 0.023594 0.092234 -0.006071 0.995439
835.000000 -16.433079 -21.336286 -0.850245 0.023910 0.091821 -0.006325 0.995468
836.000000 -16.232246 -21.431032 0.491597 0.023737 0.092060 -0.006421 0.995450
837.000000 -15.964967 -21.508739 1.822279 0.024076 0.091721 -0.007084 0.995468
838.000000 -15.712582 -21.602878 3.151813 0.023923 0.091506 -0.007636 0.995488
839.000000 -15.446176 -21.684969 4.483784 0.024800 0.091494 -0.008155 0.995463
840.000000 -15.189740 -21.787739 5.811265 0.024333 0.090834 -0.009181 0.995526
841.000000 -14.949618 -21.865081 7.144132 0.024393 0.090312 -0.008475 0.995579
842.000000 -14.708812 -21.961070 8.474791 0.023876 0.090444 -0.009582 0.995569
843.000000 -14.511039 -22.059463 9.809241 0.024230 0.090652 -0.008158 0.995554
844.000000 -14.292769 -22.164194 11.142070 0.024195 0.090664 -0.007276 0.995561
845.000000 -14.047017 -22.278175 12.468203 0.023992 0.090508 -0.007263 0.995580
846.000000 -13.812824 -22.376428 13.795229 0.023993 0.090304 -0.007190 0.995599
847.000000 -13.540969 -22.461769 15.118002 0.023949 0.090085 -0.007136 0.995620
848.000000 -13.303919 -22.545280 16.444407 0.023946 0.090133 -0.006578 0.995620
849.000000 -13.020072 -22.624508 17.762626 0.024531 0.089821 -0.007982 0.995624
850.000000 -12.799547 -22.713122 19.088853 0.025071 0.090198 -0.008438 0.995572
851.000000 -12.563648 -22.818256 20.410725 0.024740 0.089885 -0.009018 0.995604
852.000000 -12.330387 -22.914209 21.733975 0.024798 0.089644 -0.008968 0.995625
853.000000 -12.092308 -23.010937 23.050076 0.024806 0.089024 -0.008698 0.995683
854.000000 -11.880722 -23.117254 24.370895 0.023954 0.088984 -0.007725 0.995715
855.000000 -11.719669 -23.232004 25.694824 0.023240 0.090164 -0.007552 0.995627
856.000000 -11.515320 -23.309746 27.007972 0.024313 0.091690 -0.008747 0.995452
857.000000 -11.294656 -23.400479 28.313861 0.024734 0.091914 -0.008152 0.995426
858.000000 -11.057897 -23.496435 29.621187 0.024997 0.092102 -0.007977 0.995404
859.000000 -10.798501 -23.588955 30.916734 0.024578 0.091398 -0.007293 0.995484
860.000000 -10.603551 -23.690766 32.219145 0.024255 0.091829 -0.007007 0.995455
861.000000 -10.393792 -23.797608 33.514824 0.023888 0.092337 -0.006943 0.995417
862.000000 -10.132156 -23.907090 34.795819 0.023734 0.092080 -0.006391 0.995448
863.000000 -9.928964 -24.002074 36.088454 0.023189 0.092430 -0.005771 0.995432
864.000000 -9.646797 -24.049634 37.364390 0.023268 0.091441 -0.006228 0.995519
865.000000 -9.438760 -24.137216 38.651527 0.023434 0.091528 -0.006343 0.995507
866.000000 -9.219375 -24.222753 39.928684 0.023489 0.090096 -0.006372 0.995636
867.000000 -8.988554 -24.327764 41.201714 0.022835 0.088796 -0.007420 0.995760
868.000000 -8.780039 -24.414201 42.479458 0.021586 0.088310 -0.007107 0.995834
869.000000 -8.569491 -24.499608 43.756684 0.019902 0.087952 -0.007861 0.995895
870.000000 -8.311717 -24.596383 45.018268 0.017747 0.086763 -0.008199 0.996037
871.000000 -8.089705 -24.671243 46.285391 0.017501 0.085553 -0.007332 0.996153
872.000000 -7.846320 -24.777228 47.535969 0.017700 0.084455 -0.006064 0.996252
873.000000 -7.560925 -24.862776 48.784024 0.017972 0.082171 -0.006852 0.996433
874.000000 -7.380252 -24.932161 50.046464 0.018180 0.081650 -0.007242 0.996469
875.000000 -7.144556 -25.038794 51.294026 0.017668 0.079231 -0.006924 0.996676
876.000000 -6.960919 -25.134346 52.546079 0.017550 0.078226 -0.006855 0.996758
877.000000 -6.770203 -25.214403 53.801726 0.017150 0.077560 -0.007089 0.996815
878.000000 -6.582091 -25.276746 55.055956 0.017277 0.076943 -0.007235 0.996860
879.000000 -6.402549 -25.341313 56.305214 0.017471 0.076674 -0.007668 0.996874
880.000000 -6.237540 -25.414084 57.553375 0.017926 0.075989 -0.007685 0.996918
881.000000 -6.094808 -25.500067 58.797476 0.018264 0.076830 -0.006272 0.996857
882.000000 -5.919586 -25.603800 60.039530 0.018082 0.075928 -0.004437 0.996939
883.000000 -5.701908 -25.691457 61.268920 0.017554 0.074222 -0.004121 0.997079
884.000000 -5.539262 -25.765676 62.508449 0.016622 0.074689 -0.004102 0.997060
885.000000 -5.301007 -25.826040 63.728126 0.017332 0.072496 -0.003619 0.997211
886.000000 -5.164729 -25.901281 64.956754 0.017984 0.072606 -0.004617 0.997188
887.000000 -4.983787 -25.970393 66.184022 0.017885 0.072366 -0.005441 0.997203
888.000000 -4.826783 -26.021850 67.409380 0.018496 0.072734 -0.007466 0.997152
889.000000 -4.695384 -26.103317 68.631904 0.018428 0.074154 -0.008499 0.997040
890.000000 -4.558471 -26.176948 69.849522 0.017662 0.075147 -0.008803 0.996977
891.000000 -4.408508 -26.263528 71.051542 0.016410 0.076587 -0.009469 0.996883
892.000000 -4.270570 -26.312753 72.245469 0.017573 0.078375 -0.008906 0.996729
893.000000 -4.104415 -26.380031 73.411234 0.019451 0.079341 -0.006892 0.996634
894.000000 -3.928857 -26.448252 74.560434 0.019143 0.080250 -0.007329 0.996564
895.000000 -3.758653 -26.518829 75.696334 0.017193 0.081689 -0.006768 0.996487
896.000000 -3.587546 -26.593852 76.803412 0.016547 0.082839 -0.006484 0.996404
897.000000 -3.422559 -26.668580 77.896452 0.018245 0.084882 -0.006266 0.996204
898.000000 -3.238399 -26.739844 78.977899 0.020668 0.086248 -0.005689 0.996043
899.000000 -3.082452 -26.812682 80.059615 0.023580 0.088503 -0.005058 0.995784
900.000000 -2.889515 -26.902258 81.134644 0.024157 0.089483 -0.004308 0.995686
901.000000 -2.701791 -26.978016 82.213826 0.022971 0.090194 -0.004552 0.995649
902.000000 -2.495076 -27.042692 83.288310 0.022231 0.090717 -0.005053 0.995616
903.000000 -2.307368 -27.117547 84.354940 0.022606 0.091183 -0.005119 0.995564
904.000000 -2.117711 -27.190617 85.418572 0.023713 0.091761 -0.005100 0.995486
905.000000 -1.919847 -27.257802 86.477385 0.023903 0.091855 -0.005425 0.995471
906.000000 -1.741840 -27.327951 87.538188 0.023233 0.092167 -0.005570 0.995457
907.000000 -1.623198 -27.400656 88.603386 0.022457 0.093863 -0.005383 0.995317
908.000000 -1.433239 -27.474022 89.653069 0.021778 0.093412 -0.005172 0.995376
909.000000 -1.256532 -27.547183 90.699477 0.021074 0.092664 -0.004490 0.995464
910.000000 -1.079897 -27.621236 91.744846 0.020924 0.091196 -0.003547 0.995607
911.000000 -0.887833 -27.697065 92.778475 0.021872 0.089174 -0.002104 0.995774
912.000000 -0.705527 -27.764390 93.814188 0.023608 0.087318 -0.001966 0.995899
913.000000 -0.540109 -27.837182 94.854867 0.025201 0.085216 -0.002319 0.996041
914.000000 -0.392984 -27.917534 95.904096 0.025749 0.083224 -0.002480 0.996195
915.000000 -0.238062 -28.004188 96.956102 0.025114 0.080647 -0.002555 0.996423
916.000000 -0.048738 -28.073992 98.011590 0.024232 0.077087 -0.003045 0.996725
917.000000 0.085331 -28.149745 99.078563 0.023815 0.073302 -0.002507 0.997022
918.000000 0.183801 -28.207269 100.154554 0.023746 0.070307 -0.003080 0.997238
919.000000 0.293823 -28.291452 101.235712 0.023101 0.067057 -0.004419 0.997472
920.000000 0.411900 -28.365019 102.322375 0.022596 0.065035 -0.005945 0.997609
921.000000 0.431790 -28.438459 103.419126 0.022909 0.065177 -0.008039 0.997578
922.000000 0.560797 -28.508038 104.515263 0.023629 0.066084 -0.010226 0.997482
923.000000 0.677220 -28.579161 105.618778 0.024151 0.068319 -0.012260 0.997296
924.000000 0.777064 -28.650351 106.733878 0.023992 0.071900 -0.013588 0.997031
925.000000 0.803635 -28.737038 107.857479 0.023228 0.076015 -0.014586 0.996729
926.000000 0.840148 -28.832340 108.988724 0.022675 0.080780 -0.015024 0.996361
927.000000 1.026314 -28.901857 110.109130 0.023028 0.085262 -0.015887 0.995966
928.000000 1.209913 -28.969858 111.237715 0.023502 0.089826 -0.016054 0.995551
929.000000 1.408959 -29.059149 112.369604 0.023371 0.094204 -0.015548 0.995157
930.000000 1.644534 -29.140411 113.505582 0.023569 0.098062 -0.014849 0.994790
931.000000 1.871059 -29.209566 114.648077 0.023905 0.102218 -0.013755 0.994380
932.000000 2.115994 -29.309997 115.795087 0.023123 0.105860 -0.013291 0.994023
933.000000 2.366118 -29.390994 116.948560 0.022477 0.109296 -0.013232 0.993667
934.000000 2.606605 -29.475664 118.112469 0.022038 0.112152 -0.013285 0.993358
935.000000 2.845547 -29.541948 119.290320 0.021956 0.115484 -0.014204 0.992965
936.000000 3.089445 -29.612961 120.472845 0.021762 0.117791 -0.015713 0.992676
937.000000 3.383350 -29.684719 121.654321 0.021947 0.119431 -0.017230 0.992450
938.000000 3.675391 -29.770070 122.844403 0.021132 0.120714 -0.017212 0.992313
939.000000 3.977035 -29.858581 124.039441 0.021166 0.121281 -0.017147 0.992244
940.000000 4.268094 -29.947543 125.248080 0.022746 0.120704 -0.015592 0.992305
941.000000 4.557819 -30.019928 126.469733 0.022751 0.120231 -0.013247 0.992397
942.000000 4.848894 -30.102854 127.705383 0.021021 0.119182 -0.011521 0.992583
943.000000 5.104731 -30.163103 128.958959 0.019964 0.117983 -0.009126 0.992773
944.000000 5.377353 -30.223076 130.222739 0.018944 0.115682 -0.006077 0.993087
945.000000 5.657473 -30.291640 131.492109 0.018719 0.112979 -0.003471 0.993415
946.000000 5.937588 -30.359077 132.769278 0.019126 0.109751 -0.001415 0.993774
947.000000 6.222130 -30.422928 134.063074 0.019200 0.106519 -0.000265 0.994125
948.000000 6.496748 -30.493955 135.368341 0.018853 0.103559 -0.000412 0.994445
949.000000 6.770492 -30.560701 136.680982 0.017944 0.100640 -0.000332 0.994761
950.000000 6.980514 -30.642403 138.022506 0.017236 0.098510 -0.001405 0.994986
951.000000 7.222347 -30.714384 139.365355 0.017637 0.095889 -0.001209 0.995235
952.000000 7.557489 -30.763502 140.696444 0.019685 0.092256 -0.002290 0.995538
953.000000 7.761725 -30.841755 142.062529 0.020872 0.090356 -0.002570 0.995687
954.000000 7.934605 -30.947580 143.435864 0.022916 0.088892 -0.002282 0.995775
955.000000 8.117920 -31.052030 144.824541 0.024727 0.088336 -0.002398 0.995781
956.000000 8.347039 -31.145549 146.216040 0.024842 0.087675 -0.003219 0.995834
957.000000 8.603413 -31.210468 147.614456 0.025405 0.087307 -0.003412 0.995852
958.000000 8.847215 -31.312008 149.018461 0.024568 0.086278 -0.003740 0.995961
959.000000 9.138446 -31.379117 150.423455 0.024472 0.084366 -0.003915 0.996127
960.000000 9.409319 -31.455644 151.839061 0.024098 0.083049 -0.004218 0.996245
961.000000 9.655494 -31.510733 153.258258 0.024465 0.081860 -0.005756 0.996327
962.000000 9.761114 -31.649824 154.691002 0.022932 0.082415 -0.005297 0.996320
963.000000 10.025075 -31.736615 156.104631 0.022629 0.081186 -0.005854 0.996425
964.000000 10.218785 -31.861586 157.526498 0.022665 0.079877 -0.005326 0.996533
965.000000 10.476205 -31.948787 158.938808 0.023088 0.078000 -0.006211 0.996667
966.000000 10.660739 -32.044528 160.360490 0.023596 0.078252 -0.006425 0.996634
967.000000 10.878502 -32.142290 161.777464 0.024446 0.077973 -0.007179 0.996630
968.000000 11.092843 -32.243594 163.192186 0.024718 0.077757 -0.007137 0.996640
969.000000 11.322326 -32.340326 164.611711 0.023568 0.077274 -0.008036 0.996699
970.000000 11.558788 -32.421308 166.023748 0.023435 0.076729 -0.007957 0.996745
971.000000 11.750539 -32.527772 167.439493 0.023150 0.076874 -0.007681 0.996742
972.000000 11.959027 -32.617790 168.849467 0.023204 0.077199 -0.008233 0.996712
973.000000 12.184573 -32.743282 170.248774 0.023361 0.076372 -0.008250 0.996772
974.000000 12.337654 -32.847028 171.661615 0.023485 0.077312 -0.008312 0.996696
975.000000 12.471570 -32.984276 173.067663 0.022964 0.078916 -0.006998 0.996592
976.000000 12.687483 -33.078659 174.462477 0.023791 0.079167 -0.005667 0.996561
977.000000 12.866966 -33.169899 175.862229 0.024184 0.080478 -0.004019 0.996455
978.000000 13.094940 -33.276392 177.251862 0.022407 0.080784 -0.004020 0.996472
979.000000 13.370907 -33.360982 178.633159 0.020100 0.080194 -0.003508 0.996570
980.000000 13.556320 -33.451352 180.019123 0.021054 0.081425 -0.004206 0.996448
981.000000 13.781174 -33.548465 181.391861 0.022482 0.081996 -0.004728 0.996368
982.000000 14.013164 -33.643236 182.762455 0.023007 0.081918 -0.004671 0.996363
983.000000 14.241821 -33.719884 184.135362 0.022987 0.082552 -0.004759 0.996310
984.000000 14.412287 -33.845436 185.512256 0.021722 0.082707 -0.003584 0.996331
985.000000 14.680045 -33.951114 186.868655 0.020628 0.081440 -0.002563 0.996461
986.000000 14.902476 -34.038445 188.228413 0.020904 0.081294 -0.001778 0.996469
987.000000 15.076466 -34.145560 189.589140 0.021496 0.081595 -0.001201 0.996433
988.000000 15.275059 -34.238581 190.946485 0.022406 0.082296 -0.000862 0.996356
989.000000 15.493818 -34.341410 192.297521 0.022415 0.081833 -0.001017 0.996393
990.000000 15.724387 -34.428555 193.642337 0.021908 0.080384 -0.000742 0.996523
991.000000 15.902155 -34.518726 194.993284 0.021278 0.080536 -0.001439 0.996524
992.000000 16.109474 -34.614582 196.330655 0.020970 0.080309 -0.002040 0.996547
993.000000 16.332830 -34.691001 197.669221 0.020786 0.079934 -0.002347 0.996581
994.000000 16.542006 -34.758812 199.004487 0.021383 0.079811 -0.002591 0.996577
995.000000 16.684661 -34.869162 200.339074 0.021368 0.080255 -0.002559 0.996542
996.000000 16.891279 -34.967387 201.663198 0.021401 0.080070 -0.002414 0.996557
997.000000 17.094673 -35.068809 202.982626 0.021432 0.079448 -0.002090 0.996606
998.000000 17.266585 -35.160716 204.309007 0.021014 0.079886 -0.002325 0.996580
999.000000 17.449322 -35.217160 205.629985 0.021278 0.080897 -0.002714 0.996492
1000.000000 17.621092 -35.335680 206.939286 0.021012 0.081266 -0.003369 0.996465
1001.000000 17.797924 -35.423357 208.241123 0.020973 0.081175 -0.003376 0.996473
1002.000000 17.962672 -35.506313 209.528291 0.020466 0.080954 -0.002433 0.996505
1003.000000 18.138021 -35.584679 210.795356 0.019609 0.080255 -0.002104 0.996579
1004.000000 18.341530 -35.672410 212.035516 0.018307 0.078844 -0.001781 0.996717
1005.000000 18.504576 -35.755724 213.257709 0.017017 0.078602 -0.002355 0.996758
1006.000000 18.691838 -35.816735 214.450204 0.017054 0.077908 -0.003044 0.996810
1007.000000 18.893044 -35.882883 215.609328 0.017483 0.076411 -0.003483 0.996917
1008.000000 19.046738 -35.954941 216.753796 0.017469 0.075444 -0.003218 0.996992
1009.000000 19.201465 -36.022868 217.867236 0.017608 0.073804 -0.003263 0.997112
1010.000000 19.346290 -36.095418 218.950090 0.017487 0.071512 -0.002120 0.997284
1011.000000 19.462723 -36.179558 220.003204 0.017543 0.069646 -0.002107 0.997415
1012.000000 19.619527 -36.228080 221.027316 0.018100 0.067938 -0.002561 0.997522
1013.000000 19.730170 -36.286218 222.020474 0.018394 0.066289 -0.003962 0.997623
1014.000000 19.840421 -36.344494 222.984034 0.018118 0.065591 -0.003977 0.997674
1015.000000 19.940324 -36.409680 223.915599 0.017303 0.065210 -0.004708 0.997710
1016.000000 20.056374 -36.476005 224.808662 0.017076 0.064136 -0.004640 0.997784
1017.000000 20.149193 -36.526745 225.675368 0.017283 0.063420 -0.005017 0.997825
1018.000000 20.175176 -36.597705 226.512360 0.017498 0.064035 -0.004055 0.997786
1019.000000 20.249657 -36.654986 227.314924 0.018247 0.063621 -0.004601 0.997797
1020.000000 20.298688 -36.724880 228.097022 0.019007 0.064618 -0.004933 0.997717
1021.000000 20.388519 -36.774438 228.864474 0.021019 0.065234 -0.005752 0.997632
1022.000000 20.496936 -36.812077 229.630177 0.022815 0.067292 -0.007038 0.997448
1023.000000 20.588701 -36.868315 230.395145 0.023342 0.069823 -0.007277 0.997260
1024.000000 20.702667 -36.921871 231.155557 0.023016 0.071815 -0.006448 0.997131
1025.000000 20.830266 -36.975221 231.912094 0.021867 0.073903 -0.006506 0.997004
1026.000000 20.928688 -37.021773 232.666844 0.021780 0.076555 -0.006416 0.996807
1027.000000 21.039425 -37.070196 233.421323 0.021637 0.078880 -0.006489 0.996628
1028.000000 21.157119 -37.120461 234.167935 0.021860 0.080859 -0.006552 0.996464
1029.000000 21.284357 -37.184341 234.909116 0.021243 0.082385 -0.006879 0.996350
1030.000000 21.370177 -37.246834 235.653191 0.020453 0.084894 -0.007266 0.996154
1031.000000 21.502050 -37.293169 236.387991 0.019681 0.086001 -0.006674 0.996078
1032.000000 21.611427 -37.337713 237.124219 0.018929 0.087399 -0.006546 0.995972
1033.000000 21.720601 -37.383052 237.857586 0.018756 0.088395 -0.005728 0.995892
1034.000000 21.853265 -37.425991 238.581513 0.019671 0.088810 -0.005816 0.995837
1035.000000 21.993338 -37.458385 239.304410 0.021778 0.088685 -0.006845 0.995798
1036.000000 22.117368 -37.502348 240.033976 0.023571 0.089142 -0.007593 0.995711
1037.000000 22.229923 -37.560894 240.769172 0.023915 0.089797 -0.006325 0.995653
1038.000000 22.355131 -37.609594 241.510698 0.023765 0.090075 -0.006988 0.995627
1039.000000 22.487754 -37.652488 242.254570 0.024349 0.089206 -0.007542 0.995687
1040.000000 22.602735 -37.706395 243.004694 0.024098 0.089068 -0.007733 0.995704
1041.000000 22.704347 -37.754488 243.762845 0.024783 0.089112 -0.008778 0.995675
1042.000000 22.814291 -37.813288 244.520305 0.025850 0.089525 -0.007389 0.995622
1043.000000 22.960800 -37.849902 245.278655 0.026799 0.090565 -0.006610 0.995508
1044.000000 23.069504 -37.913480 246.050724 0.025454 0.091375 -0.005997 0.995473
1045.000000 23.216882 -37.955414 246.825906 0.022557 0.091620 -0.009676 0.995491
1046.000000 23.356606 -37.986992 247.610331 0.020884 0.092542 -0.010963 0.995429
1047.000000 23.513597 -38.046650 248.387468 0.020807 0.092824 -0.010502 0.995410
1048.000000 23.655950 -38.097192 249.168459 0.023715 0.094460 -0.010637 0.995189
1049.000000 23.789718 -38.144625 249.956952 0.026066 0.096119 -0.011299 0.994964
1050.000000 23.936015 -38.195688 250.749022 0.026773 0.097066 -0.011841 0.994847
1051.000000 24.088717 -38.254095 251.552081 0.025798 0.098227 -0.011877 0.994759
1052.000000 24.268189 -38.298548 252.353748 0.025017 0.098623 -0.010773 0.994752
1053.000000 24.417017 -38.350808 253.166918 0.024325 0.099263 -0.009442 0.994719
1054.000000 24.591818 -38.399583 253.978657 0.025051 0.100103 -0.009387 0.994617
1055.000000 24.744423 -38.451070 254.799882 0.026765 0.100166 -0.009932 0.994561
1056.000000 24.917005 -38.510383 255.624677 0.028705 0.100580 -0.010262 0.994462
1057.000000 25.090071 -38.578338 256.457810 0.029351 0.101240 -0.009772 0.994381
1058.000000 25.221769 -38.630909 257.313846 0.029057 0.102677 -0.010942 0.994230
1059.000000 25.380329 -38.693205 258.172769 0.028297 0.103824 -0.011866 0.994122
1060.000000 25.545032 -38.745259 259.040877 0.028472 0.104680 -0.011386 0.994033
1061.000000 25.728017 -38.789119 259.914004 0.029074 0.105249 -0.011928 0.993949
1062.000000 25.922902 -38.857961 260.792157 0.028862 0.104876 -0.010808 0.994008
1063.000000 26.101598 -38.939031 261.680725 0.028013 0.104822 -0.009999 0.994046
1064.000000 26.291539 -39.002809 262.577672 0.027892 0.105128 -0.009684 0.994020
1065.000000 26.501670 -39.068661 263.476586 0.027769 0.104027 -0.009658 0.994140
1066.000000 26.682219 -39.145427 264.388441 0.027248 0.103859 -0.009430 0.994174
1067.000000 26.811564 -39.202227 265.313071 0.027008 0.104632 -0.009312 0.994101
1068.000000 26.997833 -39.269513 266.230434 0.026699 0.104158 -0.009004 0.994162
1069.000000 27.154376 -39.352501 267.149818 0.026610 0.104606 -0.009444 0.994113
1070.000000 27.338918 -39.427118 268.064766 0.027066 0.103268 -0.008816 0.994246
1071.000000 27.501001 -39.493181 268.984014 0.027764 0.102275 -0.010013 0.994318
1072.000000 27.703669 -39.574774 269.892229 0.027890 0.100583 -0.010412 0.994483
1073.000000 27.800312 -39.661999 270.817375 0.027108 0.101421 -0.011569 0.994407
1074.000000 27.983705 -39.714562 271.730379 0.026742 0.100341 -0.012659 0.994513
1075.000000 28.137409 -39.782854 272.648696 0.025566 0.100029 -0.013112 0.994570
1076.000000 28.291382 -39.852721 273.560813 0.024849 0.099034 -0.013250 0.994686
1077.000000 28.447791 -39.932377 274.468797 0.024524 0.097879 -0.013491 0.994805
1078.000000 28.644321 -39.982480 275.368177 0.024648 0.096630 -0.013678 0.994921
1079.000000 28.813727 -40.046344 276.269224 0.024806 0.095934 -0.013287 0.994990
1080.000000 28.972680 -40.119214 277.168041 0.025098 0.094988 -0.013096 0.995076
1081.000000 29.138269 -40.186220 278.061813 0.025124 0.094078 -0.012928 0.995164
1082.000000 29.305219 -40.253533 278.942962 0.024700 0.093238 -0.013001 0.995253
1083.000000 29.488453 -40.307354 279.805337 0.024425 0.092591 -0.013178 0.995317
1084.000000 29.639430 -40.348480 280.651908 0.025081 0.092178 -0.013763 0.995331
1085.000000 29.807383 -40.401629 281.477360 0.026316 0.091964 -0.015147 0.995299
1086.000000 29.998780 -40.457727 282.283689 0.028067 0.090976 -0.016185 0.995326
1087.000000 30.141477 -40.507115 283.096528 0.029454 0.090631 -0.016346 0.995315
1088.000000 30.263252 -40.583944 283.908954 0.029665 0.091110 -0.017297 0.995249
1089.000000 30.064710 -40.621160 284.708270 0.030282 0.098278 -0.018286 0.994530
1090.000000 30.217309 -40.685868 285.511697 0.030857 0.098799 -0.019105 0.994445
1091.000000 30.379703 -40.741133 286.308588 0.031532 0.099412 -0.019908 0.994347
1092.000000 30.551348 -40.815090 287.099096 0.031558 0.099671 -0.020510 0.994308
1093.000000 30.709355 -40.877912 287.889156 0.031046 0.100416 -0.021602 0.994226
1094.000000 30.833402 -40.942770 288.685929 0.030174 0.101123 -0.021439 0.994185
1095.000000 30.990480 -40.997862 289.472243 0.029184 0.101193 -0.021499 0.994206
1096.000000 31.185976 -41.022972 290.247147 0.028912 0.099465 -0.020133 0.994417
1097.000000 31.340099 -41.084631 291.027393 0.028271 0.098634 -0.019636 0.994528
1098.000000 31.503954 -41.143518 291.804388 0.027887 0.097967 -0.019587 0.994606
1099.000000 31.602648 -41.216914 292.593372 0.026969 0.098208 -0.019156 0.994616
1100.000000 31.738694 -41.281512 293.379860 0.026429 0.097375 -0.018287 0.994729
