1.000000 0.000000 0.000000 0.000000 0.002392 0.000786 -0.000544 0.999997
2.000000 0.000000 0.000000 0.000000 0.002831 0.001297 0.000338 0.999995
3.000000 -0.001127 -0.048973 2.926609 0.000755 0.001285 0.001102 0.999998
4.000000 -0.026592 -0.058279 3.887101 -0.001978 0.001515 0.001963 0.999995
5.000000 -0.042697 -0.059631 4.845629 -0.001677 0.001119 0.003960 0.999990
6.000000 -0.034423 -0.073608 5.778237 -0.000250 0.000454 0.004930 0.999988
7.000000 -0.060232 -0.081789 6.715386 0.001597 0.000848 0.004547 0.999988
8.000000 -0.108297 -0.098246 7.643974 0.001941 0.001424 0.004325 0.999988
9.000000 -0.115110 -0.105434 8.573395 0.001178 0.001852 0.003249 0.999992
10.000000 -0.075938 -0.121502 9.502931 -0.000059 0.000072 0.003909 0.999992
11.000000 -0.061494 -0.131454 10.425928 -0.000788 -0.000543 0.004103 0.999991
12.000000 -0.089380 -0.147225 11.376135 -0.000943 0.000138 0.004268 0.999990
13.000000 -0.118177 -0.163744 12.259675 -0.000617 0.000854 0.004144 0.999991
14.000000 -0.133522 -0.178069 13.169565 0.000160 0.001058 0.003598 0.999993
15.000000 -0.163546 -0.195687 14.077480 0.001257 0.000851 0.004497 0.999989
16.000000 -0.162500 -0.215240 14.981680 0.001935 0.000217 0.005148 0.999985
17.000000 -0.149349 -0.214984 15.882553 0.002779 -0.000664 0.004412 0.999986
18.000000 -0.134108 -0.217594 16.779495 0.003843 -0.001846 0.003293 0.999985
19.000000 -0.139108 -0.248860 17.670881 0.003421 -0.002678 0.002516 0.999987
20.000000 -0.142791 -0.267277 18.562890 0.003025 -0.003525 0.002753 0.999985
21.000000 -0.146845 -0.278612 19.450450 0.002674 -0.004288 0.002186 0.999985
22.000000 -0.147714 -0.291333 20.331249 0.002691 -0.004871 0.001324 0.999984
23.000000 -0.134591 -0.318530 21.205055 0.002581 -0.006387 0.002089 0.999974
24.000000 -0.144952 -0.342309 22.073890 0.002795 -0.007173 0.001779 0.999969
25.000000 -0.155950 -0.361011 22.936834 0.002604 -0.007540 0.001449 0.999967
26.000000 -0.155300 -0.383984 23.793619 0.001472 -0.008434 0.001538 0.999962
27.000000 -0.163123 -0.400067 24.651339 0.000257 -0.008870 0.001995 0.999959
28.000000 -0.176852 -0.418391 25.477967 -0.000488 -0.009310 0.002162 0.999954
29.000000 -0.207586 -0.428031 26.301624 0.000461 -0.009302 0.001634 0.999955
30.000000 -0.228302 -0.442700 27.115698 0.001847 -0.009623 0.000533 0.999952
31.000000 -0.218087 -0.473609 27.911952 0.002354 -0.010699 0.000247 0.999940
32.000000 -0.245305 -0.507537 28.703709 0.002203 -0.010862 -0.000837 0.999938
33.000000 -0.272562 -0.532807 29.488321 0.002314 -0.011363 -0.000586 0.999933
34.000000 -0.276061 -0.547138 30.260472 0.003015 -0.012906 -0.000440 0.999912
35.000000 -0.317757 -0.568669 31.026083 0.002814 -0.013545 -0.000259 0.999904
36.000000 -0.357563 -0.587794 31.785323 0.002139 -0.013978 -0.000485 0.999900
37.000000 -0.382070 -0.583357 32.529553 0.001448 -0.014868 -0.000810 0.999888
38.000000 -0.406289 -0.599816 33.267142 0.000621 -0.015875 -0.000990 0.999873
39.000000 -0.436741 -0.610562 33.994805 0.000456 -0.016837 -0.001825 0.999856
40.000000 -0.465388 -0.624775 34.736482 0.000838 -0.017529 -0.003192 0.999841
41.000000 -0.506181 -0.663565 35.424900 0.000649 -0.018412 -0.003827 0.999823
42.000000 -0.545158 -0.686212 36.116992 -0.000022 -0.019036 -0.003543 0.999813
43.000000 -0.574509 -0.695361 36.804927 -0.000883 -0.019226 -0.004881 0.999803
44.000000 -0.612867 -0.712309 37.480643 -0.001316 -0.019165 -0.006069 0.999797
45.000000 -0.641456 -0.724016 38.143069 -0.000156 -0.018732 -0.007430 0.999797
46.000000 -0.671316 -0.736772 38.795378 0.001375 -0.017893 -0.008136 0.999806
47.000000 -0.681047 -0.755313 39.432744 0.002108 -0.016976 -0.008433 0.999818
48.000000 -0.680107 -0.760710 40.070241 0.001790 -0.015959 -0.008947 0.999831
49.000000 -0.706291 -0.772833 40.719720 0.000383 -0.014246 -0.011508 0.999832
50.000000 -0.722430 -0.791245 41.325163 -0.001588 -0.012367 -0.013661 0.999829
51.000000 -0.806134 -0.817220 41.918006 -0.002424 -0.009264 -0.015340 0.999836
52.000000 -0.820863 -0.830619 42.502825 -0.002786 -0.006555 -0.017011 0.999830
53.000000 -0.841028 -0.835451 43.071234 -0.004056 -0.003564 -0.018869 0.999807
54.000000 -0.842847 -0.837138 43.619531 -0.004711 -0.000358 -0.021029 0.999768
55.000000 -0.855104 -0.847968 44.146406 -0.004841 0.003444 -0.022656 0.999726
56.000000 -0.853069 -0.844980 44.653976 -0.005004 0.007284 -0.024374 0.999664
57.000000 -0.849457 -0.851623 45.137372 -0.005059 0.011208 -0.026598 0.999571
58.000000 -0.829726 -0.850008 45.600991 -0.003777 0.015089 -0.028583 0.999470
59.000000 -0.804853 -0.851848 46.039844 -0.002339 0.018941 -0.029021 0.999397
60.000000 -0.781909 -0.850862 46.461130 -0.002449 0.022808 -0.029116 0.999313
61.000000 -0.767946 -0.851582 46.858470 -0.003400 0.027125 -0.029294 0.999197
62.000000 -0.738758 -0.857243 47.229762 -0.004146 0.031023 -0.029954 0.999061
63.000000 -0.713216 -0.860413 47.592183 -0.004532 0.035440 -0.031484 0.998865
64.000000 -0.671791 -0.834268 47.899928 -0.004195 0.039528 -0.033585 0.998645
65.000000 -0.650669 -0.841035 48.198285 -0.004597 0.044126 -0.035399 0.998388
66.000000 -0.614124 -0.841230 48.471859 -0.005347 0.048577 -0.034719 0.998202
67.000000 -0.601320 -0.848328 48.739306 -0.004992 0.054415 -0.033906 0.997930
68.000000 -0.557446 -0.852127 48.997201 -0.003311 0.060472 -0.032825 0.997625
69.000000 -0.539411 -0.867660 49.255950 -0.002085 0.067809 -0.033052 0.997149
70.000000 -0.509747 -0.875949 49.512174 -0.001725 0.076066 -0.033774 0.996529
71.000000 -0.478368 -0.887944 49.777137 -0.002081 0.084643 -0.034123 0.995825
72.000000 -0.413731 -0.911495 50.009038 -0.002626 0.092595 -0.033736 0.995129
73.000000 -0.360360 -0.920465 50.255028 -0.003026 0.101919 -0.033149 0.994236
74.000000 -0.278703 -0.951635 50.495513 -0.004101 0.110796 -0.033056 0.993285
75.000000 -0.238349 -0.956097 50.731601 -0.004409 0.121752 -0.033242 0.991994
76.000000 -0.143000 -0.953786 50.961857 -0.004141 0.132344 -0.033738 0.990621
77.000000 -0.028944 -0.970158 51.183618 -0.004424 0.143590 -0.033532 0.989059
78.000000 0.059215 -0.960876 51.423058 -0.004843 0.156167 -0.033439 0.987153
79.000000 0.181818 -0.981475 51.648884 -0.005739 0.169196 -0.034914 0.984947
80.000000 0.305766 -0.998594 51.881453 -0.006603 0.183260 -0.035993 0.982383
81.000000 0.430053 -1.013030 52.105397 -0.007650 0.198435 -0.036280 0.979413
82.000000 0.559270 -1.018144 52.332518 -0.008522 0.214736 -0.035046 0.976006
83.000000 0.693228 -1.024611 52.563916 -0.009474 0.232846 -0.033119 0.971903
84.000000 0.894733 -1.031850 52.739561 -0.009477 0.249936 -0.031230 0.967712
85.000000 1.048864 -1.035647 52.964631 -0.008783 0.269296 -0.030817 0.962524
86.000000 1.316897 -1.004931 53.065396 -0.005948 0.283151 -0.030429 0.958574
87.000000 1.522432 -1.012564 53.284985 -0.005878 0.303975 -0.031074 0.952155
88.000000 1.732910 -1.017785 53.504199 -0.005889 0.325241 -0.032923 0.945040
89.000000 1.961839 -1.027003 53.737114 -0.005938 0.347161 -0.035234 0.937125
90.000000 2.210477 -1.035196 53.972940 -0.006921 0.370130 -0.035723 0.928267
91.000000 2.498532 -1.042797 54.188398 -0.008997 0.393705 -0.035256 0.918516
92.000000 2.819136 -1.046400 54.409097 -0.010749 0.417520 -0.034867 0.907935
93.000000 3.153537 -1.049069 54.627529 -0.012237 0.442318 -0.034778 0.896100
94.000000 3.506464 -1.045458 54.835956 -0.013213 0.467734 -0.033775 0.883125
95.000000 3.892539 -1.055652 55.020343 -0.014971 0.492411 -0.033323 0.869596
96.000000 4.296860 -1.060023 55.192359 -0.017401 0.516864 -0.033756 0.855225
97.000000 4.729340 -1.063632 55.342233 -0.019391 0.539717 -0.035087 0.840891
98.000000 5.153944 -1.065335 55.528304 -0.019901 0.563358 -0.037992 0.825099
99.000000 5.608259 -1.080184 55.663694 -0.021364 0.585038 -0.037450 0.809859
100.000000 6.086986 -1.097766 55.764522 -0.025017 0.605106 -0.033942 0.795027
101.000000 6.591670 -1.139092 55.785451 -0.029746 0.621616 -0.031483 0.782124
102.000000 7.115746 -1.127267 55.835514 -0.032544 0.638101 -0.027340 0.768779
103.000000 7.630273 -1.118705 55.873684 -0.033374 0.652480 -0.024938 0.756660
104.000000 8.163938 -1.115796 55.896665 -0.035547 0.664664 -0.021013 0.746000
105.000000 8.717239 -1.106245 55.904271 -0.038375 0.675191 -0.018392 0.736415
106.000000 9.283476 -1.087994 55.922006 -0.041285 0.684183 -0.015556 0.727975
107.000000 9.861330 -1.074663 55.943105 -0.042607 0.691934 -0.014512 0.720556
108.000000 10.442855 -1.029420 55.947767 -0.042918 0.697603 -0.011642 0.715103
109.000000 11.048547 -1.006569 55.947575 -0.043197 0.702297 -0.011282 0.710483
110.000000 11.649777 -0.981214 55.935638 -0.042716 0.706494 -0.010919 0.706345
111.000000 12.270065 -0.967382 55.930895 -0.042799 0.710107 -0.008916 0.702736
112.000000 12.900908 -0.935929 55.922122 -0.043615 0.712356 -0.006559 0.700431
113.000000 13.540436 -0.909483 55.919990 -0.043855 0.714091 -0.006806 0.698645
114.000000 14.193221 -0.874040 55.879734 -0.044250 0.714781 -0.008491 0.697896
115.000000 14.855625 -0.852872 55.861306 -0.046082 0.715541 -0.011788 0.696949
116.000000 15.536616 -0.812516 55.875387 -0.048383 0.716419 -0.013114 0.695867
117.000000 16.222267 -0.789978 55.825800 -0.050153 0.716530 -0.013097 0.695628
118.000000 16.912092 -0.769065 55.773248 -0.050671 0.716006 -0.011209 0.696163
119.000000 17.608748 -0.737563 55.798506 -0.048497 0.716163 -0.008209 0.696197
120.000000 18.311621 -0.697244 55.799601 -0.045879 0.715698 -0.005072 0.696883
121.000000 19.031314 -0.652038 55.766992 -0.045730 0.714689 -0.004618 0.697930
122.000000 19.768541 -0.608278 55.741296 -0.046981 0.713789 -0.006230 0.698755
123.000000 20.506785 -0.579118 55.722128 -0.049143 0.712886 -0.008770 0.699501
124.000000 21.242225 -0.541771 55.735431 -0.048860 0.712895 -0.009852 0.699497
125.000000 21.968528 -0.515793 55.696805 -0.049850 0.711622 -0.005294 0.700771
126.000000 22.698041 -0.476044 55.695657 -0.048096 0.710902 -0.002941 0.701639
127.000000 23.434114 -0.423327 55.691497 -0.045473 0.710477 -0.004843 0.702233
128.000000 24.163853 -0.392493 55.722591 -0.045080 0.709549 -0.007820 0.703169
129.000000 24.907438 -0.378423 55.713555 -0.047777 0.707967 -0.008008 0.704582
130.000000 25.647111 -0.347673 55.696796 -0.049065 0.706423 -0.005935 0.706062
131.000000 26.371509 -0.313934 55.691518 -0.047365 0.705337 -0.004487 0.707273
132.000000 27.102927 -0.282064 55.757712 -0.046156 0.704875 -0.005581 0.707806
133.000000 27.841709 -0.264904 55.765875 -0.046258 0.703581 -0.006523 0.709078
134.000000 28.581067 -0.230770 55.719477 -0.048649 0.701880 -0.006166 0.710606
135.000000 29.316890 -0.206351 55.725681 -0.050148 0.700620 -0.004480 0.711756
136.000000 30.052503 -0.163835 55.726032 -0.050260 0.699131 -0.003334 0.713217
137.000000 30.787119 -0.120121 55.724942 -0.050319 0.697999 -0.003254 0.714321
138.000000 31.526671 -0.073967 55.735808 -0.051426 0.696786 -0.003110 0.715427
139.000000 32.267954 -0.033185 55.751754 -0.052540 0.695382 -0.002727 0.716712
140.000000 33.006753 0.008894 55.767098 -0.051968 0.694266 -0.003356 0.717832
141.000000 33.748628 0.062266 55.789443 -0.050360 0.693079 -0.003635 0.719091
142.000000 34.491855 0.097865 55.831721 -0.050858 0.692468 -0.003511 0.719645
143.000000 35.239172 0.144891 55.867073 -0.050261 0.691515 -0.004396 0.720598
144.000000 35.982378 0.198089 55.909160 -0.049529 0.690714 -0.004715 0.721415
145.000000 36.739749 0.226158 55.919888 -0.048936 0.689042 -0.006094 0.723042
146.000000 37.493061 0.266406 55.965872 -0.047965 0.687916 -0.005885 0.724180
147.000000 38.247902 0.311493 55.997793 -0.046427 0.686636 -0.004828 0.725501
148.000000 39.010103 0.358070 56.026932 -0.045534 0.685168 -0.003785 0.726951
149.000000 39.774141 0.396479 56.092171 -0.042849 0.684374 -0.005485 0.727850
150.000000 40.544567 0.428627 56.177249 -0.042208 0.683874 -0.007463 0.728340
151.000000 41.322356 0.466838 56.215785 -0.042497 0.682428 -0.006192 0.729690
152.000000 42.098949 0.485551 56.295906 -0.042493 0.681177 -0.006593 0.730855
153.000000 42.883436 0.523938 56.363693 -0.041048 0.679882 -0.007885 0.732130
154.000000 43.671841 0.563526 56.459337 -0.041938 0.678659 -0.008675 0.733204
155.000000 44.479162 0.594152 56.541667 -0.041996 0.677039 -0.008596 0.734697
156.000000 45.259621 0.616038 56.569836 -0.039897 0.674485 -0.008610 0.737160
157.000000 46.052033 0.637571 56.644326 -0.036503 0.672208 -0.006384 0.739435
158.000000 46.857911 0.660666 56.720361 -0.034155 0.669502 -0.005651 0.742003
159.000000 47.674510 0.692362 56.817416 -0.032263 0.666680 -0.006102 0.744620
160.000000 48.469267 0.723299 56.913531 -0.031156 0.663884 -0.008370 0.747139
161.000000 49.283232 0.747744 57.029278 -0.031917 0.661118 -0.008796 0.749551
162.000000 50.093567 0.783156 57.173153 -0.032942 0.658915 -0.010004 0.751429
163.000000 50.911090 0.806109 57.298520 -0.034304 0.656137 -0.012776 0.753753
164.000000 51.724290 0.837943 57.420539 -0.036782 0.653177 -0.015641 0.756149
165.000000 52.548021 0.838897 57.548830 -0.037822 0.650503 -0.017056 0.758369
166.000000 53.333887 0.856210 57.680245 -0.036862 0.647850 -0.016466 0.760697
167.000000 54.123323 0.880100 57.814917 -0.034874 0.645586 -0.013616 0.762770
168.000000 54.907199 0.893127 57.952622 -0.032989 0.643683 -0.013448 0.764463
169.000000 55.668302 0.906311 58.104462 -0.031430 0.642060 -0.013162 0.765897
170.000000 56.435895 0.923689 58.250454 -0.031162 0.639896 -0.014126 0.767700
171.000000 57.212461 0.946146 58.392302 -0.033580 0.637672 -0.012960 0.769467
172.000000 57.956466 0.964620 58.542310 -0.036599 0.635874 -0.014583 0.770787
173.000000 58.700696 0.963545 58.716624 -0.038212 0.634878 -0.018339 0.771449
174.000000 59.445388 0.981342 58.850853 -0.038589 0.633335 -0.020845 0.772634
175.000000 60.174021 0.993096 58.980845 -0.038291 0.631862 -0.021500 0.773836
176.000000 60.888657 1.014625 59.128644 -0.037066 0.630973 -0.021322 0.774625
177.000000 61.589789 1.026758 59.288781 -0.034662 0.630435 -0.021532 0.775169
178.000000 62.284589 1.039732 59.430971 -0.032368 0.629799 -0.021018 0.775799
179.000000 62.963791 1.043117 59.578443 -0.030152 0.628992 -0.019632 0.776579
180.000000 63.638120 1.052823 59.731822 -0.029802 0.628506 -0.018468 0.777014
181.000000 64.302862 1.064215 59.895632 -0.029290 0.628065 -0.019376 0.777368
182.000000 64.961286 1.062722 60.053127 -0.030563 0.627884 -0.020598 0.777434
183.000000 65.616232 1.066235 60.187631 -0.031645 0.627547 -0.021321 0.777643
184.000000 66.249666 1.086743 60.349988 -0.032117 0.628230 -0.020773 0.777087
185.000000 66.880871 1.091121 60.483206 -0.032241 0.628733 -0.021287 0.776661
186.000000 67.502199 1.112180 60.621575 -0.032263 0.628994 -0.020447 0.776471
187.000000 68.126686 1.115798 60.763967 -0.030937 0.630063 -0.020060 0.775668
188.000000 68.704235 1.117534 60.883200 -0.029711 0.631053 -0.018159 0.774958
189.000000 69.312738 1.127057 60.997412 -0.029355 0.631446 -0.017006 0.774678
190.000000 69.889977 1.135364 61.136557 -0.029172 0.633294 -0.018024 0.773151
191.000000 70.472516 1.138293 61.251623 -0.030252 0.634227 -0.019220 0.772316
192.000000 71.041125 1.160134 61.369697 -0.031495 0.635334 -0.019580 0.771346
193.000000 71.597110 1.163038 61.460338 -0.033233 0.635759 -0.017803 0.770966
194.000000 72.145521 1.171252 61.554560 -0.033520 0.636405 -0.015604 0.770468
195.000000 72.687927 1.174229 61.660462 -0.033524 0.637918 -0.013523 0.769255
196.000000 73.227845 1.187221 61.755279 -0.032539 0.638581 -0.013185 0.768753
197.000000 73.759993 1.170808 61.883406 -0.031317 0.639836 -0.013657 0.767752
198.000000 74.304457 1.184635 61.987978 -0.032894 0.640313 -0.013099 0.767297
199.000000 74.844338 1.190586 62.099529 -0.034931 0.640357 -0.011230 0.767201
200.000000 75.390465 1.233777 62.184974 -0.036685 0.639400 -0.008679 0.767950
201.000000 75.938371 1.272085 62.290323 -0.037209 0.638778 -0.007075 0.768458
202.000000 76.490763 1.281541 62.409443 -0.036806 0.637768 -0.008563 0.769301
203.000000 77.033273 1.304123 62.550897 -0.036573 0.636174 -0.008664 0.770630
204.000000 77.598642 1.340600 62.637235 -0.038308 0.632978 -0.007660 0.773184
205.000000 78.177113 1.369637 62.764027 -0.038063 0.629925 -0.008250 0.775679
206.000000 78.742220 1.382175 62.879409 -0.038686 0.626817 -0.009023 0.778154
207.000000 79.305048 1.405068 63.029743 -0.038185 0.623633 -0.010564 0.780713
208.000000 79.901412 1.439169 63.171638 -0.038225 0.619563 -0.010667 0.783943
209.000000 80.474526 1.450757 63.308656 -0.035618 0.615487 -0.012040 0.787249
210.000000 81.068487 1.489860 63.511308 -0.034198 0.612138 -0.011953 0.789921
211.000000 81.663328 1.513504 63.693115 -0.032323 0.607819 -0.012811 0.793314
212.000000 82.269451 1.522779 63.883572 -0.031360 0.603747 -0.013138 0.796451
213.000000 82.882216 1.538011 64.081152 -0.031046 0.599740 -0.014174 0.799467
214.000000 83.504176 1.563513 64.313020 -0.030861 0.595763 -0.014061 0.802444
215.000000 84.149876 1.574673 64.517620 -0.029951 0.591130 -0.015946 0.805862
216.000000 84.809469 1.583556 64.753629 -0.032123 0.587073 -0.017456 0.808708
217.000000 85.475065 1.598684 64.998905 -0.035987 0.583102 -0.017600 0.811410
218.000000 86.162900 1.600562 65.224201 -0.037559 0.578397 -0.018783 0.814674
219.000000 86.852594 1.621846 65.481582 -0.038562 0.573951 -0.020295 0.817729
220.000000 87.560801 1.637747 65.742759 -0.040501 0.570134 -0.018194 0.820351
221.000000 88.269008 1.681764 66.004194 -0.043199 0.566072 -0.016270 0.823062
222.000000 88.995664 1.704954 66.293088 -0.048139 0.562941 -0.014530 0.824966
223.000000 89.722796 1.741912 66.568270 -0.050689 0.559629 -0.013071 0.827088
224.000000 90.442523 1.784820 66.868632 -0.050415 0.556507 -0.012179 0.829222
225.000000 91.180798 1.798959 67.103113 -0.047373 0.552738 -0.009779 0.831950
226.000000 91.899694 1.840228 67.418597 -0.045843 0.549546 -0.006592 0.834178
227.000000 92.610637 1.897751 67.733398 -0.044618 0.547105 -0.006794 0.835846
228.000000 93.319796 1.941536 68.029935 -0.044114 0.544103 -0.009663 0.837802
229.000000 94.002253 1.984888 68.371152 -0.041944 0.542339 -0.011798 0.839029
230.000000 94.675603 2.019327 68.706206 -0.040349 0.540867 -0.011206 0.840065
231.000000 95.364818 2.045121 69.016738 -0.038268 0.538998 -0.012039 0.841351
232.000000 96.003219 2.107994 69.354451 -0.035379 0.538350 -0.012618 0.841884
233.000000 96.670257 2.129698 69.666379 -0.036029 0.536495 -0.013729 0.843022
234.000000 97.341366 2.159518 69.971503 -0.037260 0.534395 -0.014085 0.844295
235.000000 97.975657 2.175920 70.279423 -0.038835 0.532643 -0.014980 0.845316
236.000000 98.629289 2.198209 70.591050 -0.039000 0.530929 -0.015952 0.846368
237.000000 99.232033 2.240203 70.882783 -0.038389 0.529039 -0.015578 0.847586
238.000000 99.831198 2.259596 71.199602 -0.038117 0.528062 -0.014997 0.848217
239.000000 100.430819 2.278900 71.506107 -0.039705 0.526889 -0.013878 0.848893
240.000000 101.018905 2.302562 71.811060 -0.040257 0.526928 -0.013572 0.848848
241.000000 101.602826 2.321367 72.107468 -0.040447 0.526148 -0.014351 0.849309
242.000000 102.179791 2.346404 72.398218 -0.040813 0.525240 -0.013637 0.849866
243.000000 102.736628 2.377581 72.697727 -0.039840 0.524195 -0.013350 0.850561
244.000000 103.285704 2.392621 72.981505 -0.039985 0.522851 -0.011997 0.851402
245.000000 103.827685 2.411233 73.276270 -0.040196 0.521957 -0.011356 0.851948
246.000000 104.390290 2.462463 73.496042 -0.041848 0.519649 -0.008476 0.853313
247.000000 104.923634 2.490757 73.770380 -0.042023 0.517960 -0.007978 0.854335
248.000000 105.451711 2.510076 74.033108 -0.042155 0.516390 -0.007927 0.855278
249.000000 105.962756 2.532300 74.319307 -0.042623 0.514967 -0.007921 0.856113
250.000000 106.482002 2.563947 74.575539 -0.042757 0.513101 -0.007207 0.857232
251.000000 106.982968 2.585034 74.863995 -0.042109 0.511245 -0.007240 0.858372
252.000000 107.506629 2.605692 75.112382 -0.041976 0.509155 -0.006470 0.859626
253.000000 107.977960 2.644104 75.441984 -0.040256 0.507352 -0.006576 0.860773
254.000000 108.454009 2.672394 75.744972 -0.037263 0.504863 -0.006818 0.862368
255.000000 108.954832 2.672099 76.033181 -0.033845 0.501944 -0.008429 0.864197
256.000000 109.441617 2.692739 76.328334 -0.030782 0.498774 -0.009442 0.866134
257.000000 109.947883 2.722684 76.606148 -0.028424 0.495026 -0.009577 0.868360
258.000000 110.471785 2.743075 76.873791 -0.028482 0.490637 -0.011470 0.870823
259.000000 110.991995 2.799904 77.172987 -0.028505 0.487325 -0.015183 0.872623
260.000000 111.508581 2.826275 77.502388 -0.029735 0.484143 -0.019116 0.874274
261.000000 112.024839 2.830114 77.853014 -0.030821 0.481086 -0.023805 0.875808
262.000000 112.568338 2.850778 78.173821 -0.031991 0.477122 -0.025029 0.877898
263.000000 113.063655 2.861009 78.565351 -0.030384 0.473935 -0.026495 0.879636
264.000000 113.589616 2.875499 78.940538 -0.028369 0.470644 -0.027525 0.881437
265.000000 114.124159 2.880247 79.322583 -0.026584 0.467465 -0.028446 0.883154
266.000000 114.687288 2.894713 79.700808 -0.025330 0.463964 -0.028946 0.885019
267.000000 115.244762 2.909578 80.113830 -0.024843 0.460430 -0.030099 0.886838
268.000000 115.862270 2.929613 80.458381 -0.023708 0.455385 -0.031617 0.889417
269.000000 116.437474 2.940531 80.896188 -0.024430 0.451634 -0.032075 0.891292
270.000000 117.025674 2.966242 81.333627 -0.025122 0.446983 -0.031706 0.893627
271.000000 117.610419 2.959983 81.792499 -0.025615 0.443072 -0.031494 0.895567
272.000000 118.198410 2.971980 82.258762 -0.024623 0.438572 -0.033360 0.897739
273.000000 118.789976 2.978586 82.747126 -0.024033 0.434271 -0.033634 0.899833
274.000000 119.426605 2.971933 83.201417 -0.023817 0.429059 -0.035010 0.902284
275.000000 120.015551 2.997266 83.736807 -0.023824 0.426550 -0.034684 0.903485
276.000000 120.627265 3.018276 84.264564 -0.023983 0.424784 -0.034027 0.904337
277.000000 121.259852 3.032242 84.813938 -0.024655 0.422774 -0.032436 0.905319
278.000000 121.898618 3.051961 85.309218 -0.025429 0.419959 -0.029752 0.906699
279.000000 122.556999 3.075077 85.852294 -0.027301 0.417759 -0.026708 0.907755
280.000000 123.212154 3.123821 86.406741 -0.028528 0.415149 -0.023710 0.908997
281.000000 123.866618 3.151530 86.950164 -0.030377 0.412931 -0.021479 0.910002
282.000000 124.543204 3.161144 87.490882 -0.031520 0.410103 -0.021540 0.911240
283.000000 125.186296 3.182845 88.068528 -0.030657 0.408265 -0.021789 0.912088
284.000000 125.876366 3.210620 88.636979 -0.028607 0.405388 -0.024107 0.913379
285.000000 126.502344 3.239332 89.240142 -0.027578 0.403637 -0.026956 0.914106
286.000000 127.156827 3.260125 89.845965 -0.029536 0.401867 -0.027910 0.914796
287.000000 127.816996 3.283975 90.458810 -0.031664 0.399432 -0.030710 0.915701
288.000000 128.471843 3.309787 91.081716 -0.035002 0.397154 -0.031516 0.916543
289.000000 129.116759 3.330247 91.710930 -0.036983 0.394356 -0.031056 0.917688
290.000000 129.770905 3.360286 92.334451 -0.037198 0.391551 -0.028128 0.918974
291.000000 130.411122 3.373925 92.962214 -0.036394 0.388675 -0.022815 0.920373
292.000000 131.035813 3.411092 93.634620 -0.032895 0.386439 -0.019134 0.921530
293.000000 131.676839 3.442628 94.260625 -0.031854 0.382438 -0.016925 0.923277
294.000000 132.339494 3.479668 94.901066 -0.033857 0.378391 -0.016377 0.924881
295.000000 133.002157 3.509674 95.549992 -0.035866 0.374427 -0.015213 0.926437
296.000000 133.647488 3.554020 96.212571 -0.036660 0.370755 -0.012468 0.927923
297.000000 134.286422 3.601168 96.883112 -0.034251 0.367695 -0.010663 0.929254
298.000000 134.919463 3.659233 97.560962 -0.033570 0.365084 -0.009762 0.930318
299.000000 135.554507 3.695068 98.253606 -0.034506 0.363160 -0.009357 0.931041
300.000000 136.196539 3.745521 98.939541 -0.037462 0.361151 -0.007693 0.931723
301.000000 136.833784 3.794995 99.656728 -0.039351 0.360686 -0.006891 0.931831
302.000000 137.447695 3.845457 100.345432 -0.041008 0.360846 -0.006349 0.931702
303.000000 138.073265 3.909930 101.048970 -0.041541 0.360622 -0.006393 0.931765
304.000000 138.706572 3.950508 101.749246 -0.041356 0.360975 -0.008478 0.931620
305.000000 139.331913 4.003653 102.463774 -0.040297 0.361536 -0.009051 0.931443
306.000000 139.970553 4.061620 103.186834 -0.038743 0.362579 -0.010602 0.931087
307.000000 140.593318 4.112455 103.867775 -0.037310 0.363886 -0.011937 0.930619
308.000000 141.229235 4.152374 104.553799 -0.036921 0.365300 -0.014443 0.930045
309.000000 141.852282 4.205053 105.274049 -0.036611 0.367330 -0.015471 0.929241
310.000000 142.495135 4.247693 105.958402 -0.037428 0.368992 -0.016030 0.928540
311.000000 143.130087 4.273531 106.638378 -0.038882 0.370744 -0.017437 0.927757
312.000000 143.764257 4.304359 107.322813 -0.040328 0.372810 -0.016355 0.926887
313.000000 144.395878 4.342983 107.987180 -0.037908 0.374870 -0.015665 0.926169
314.000000 145.029498 4.368790 108.644205 -0.032619 0.377338 -0.017499 0.925335
315.000000 145.671834 4.395257 109.303431 -0.029557 0.379477 -0.017129 0.924570
316.000000 146.329127 4.424540 109.967833 -0.031466 0.381666 -0.018529 0.923579
317.000000 146.966387 4.446180 110.615352 -0.033778 0.383932 -0.020717 0.922511
318.000000 147.625034 4.476756 111.275093 -0.035642 0.386162 -0.022407 0.921470
319.000000 148.253831 4.503952 111.906059 -0.035652 0.388393 -0.022166 0.920537
320.000000 148.895120 4.524926 112.546621 -0.036344 0.390546 -0.021962 0.919604
321.000000 149.543650 4.550721 113.194837 -0.036099 0.392666 -0.019812 0.918759
322.000000 150.195296 4.583487 113.811499 -0.035992 0.394890 -0.017595 0.917854
323.000000 150.849281 4.622102 114.405856 -0.035260 0.397226 -0.015275 0.916916
324.000000 151.510089 4.655260 115.011345 -0.035409 0.399341 -0.015379 0.915989
325.000000 152.187549 4.697075 115.603632 -0.035081 0.401526 -0.016078 0.915034
326.000000 152.858185 4.731278 116.211642 -0.035236 0.404720 -0.016006 0.913621
327.000000 153.515296 4.775154 116.822175 -0.034212 0.408290 -0.016763 0.912057
328.000000 154.183757 4.779630 117.432959 -0.030516 0.412226 -0.018512 0.910382
329.000000 154.853999 4.787742 118.038948 -0.027222 0.416173 -0.020805 0.908640
330.000000 155.549138 4.794184 118.643133 -0.025430 0.420360 -0.021662 0.906742
331.000000 156.264102 4.807107 119.217437 -0.028873 0.423806 -0.024144 0.904971
332.000000 156.979037 4.816752 119.817469 -0.031721 0.427986 -0.030420 0.902716
333.000000 157.697488 4.836355 120.410616 -0.034693 0.432188 -0.031335 0.900571
334.000000 158.436714 4.869448 120.984573 -0.035001 0.435928 -0.033681 0.898670
335.000000 159.188364 4.886527 121.554080 -0.034315 0.440256 -0.032372 0.896632
336.000000 159.957778 4.901814 122.124450 -0.033990 0.443891 -0.028823 0.894972
337.000000 160.687365 4.918037 122.680667 -0.028842 0.448096 -0.026272 0.893134
338.000000 161.445348 4.928594 123.217556 -0.028101 0.452146 -0.024031 0.891177
339.000000 162.202433 4.972721 123.824173 -0.029895 0.456771 -0.023472 0.888772
340.000000 162.972549 4.987166 124.346971 -0.032755 0.460674 -0.023266 0.886660
341.000000 163.736927 4.968316 124.860559 -0.033968 0.464200 -0.023533 0.884766
342.000000 164.486410 5.008632 125.403385 -0.032959 0.468385 -0.024206 0.882578
343.000000 165.259530 5.033539 125.916150 -0.033761 0.471649 -0.022309 0.880857
344.000000 166.039561 5.050811 126.397878 -0.036948 0.473880 -0.020876 0.879566
345.000000 166.794973 5.076885 126.894397 -0.038544 0.476362 -0.021225 0.878148
346.000000 167.535549 5.092901 127.400044 -0.039292 0.478692 -0.022547 0.876814
347.000000 168.284066 5.107921 127.863041 -0.038054 0.480949 -0.022557 0.875632
348.000000 169.043786 5.130896 128.334665 -0.036575 0.482916 -0.021418 0.874641
349.000000 169.774400 5.172864 128.766718 -0.033234 0.483987 -0.019951 0.874216
350.000000 170.493802 5.210734 129.207631 -0.032010 0.485284 -0.019830 0.873545
351.000000 171.221349 5.228487 129.647171 -0.034579 0.486395 -0.021113 0.872799
352.000000 171.941127 5.224615 130.090156 -0.038971 0.487789 -0.022362 0.871805
353.000000 172.668018 5.214357 130.494850 -0.042259 0.487726 -0.022067 0.871694
354.000000 173.370443 5.229842 130.915548 -0.043225 0.488442 -0.019527 0.871306
355.000000 174.059845 5.275361 131.335240 -0.042103 0.489613 -0.017112 0.870754
356.000000 174.729635 5.308367 131.762496 -0.038464 0.490829 -0.016261 0.870255
357.000000 175.398791 5.309538 132.176708 -0.034623 0.492200 -0.015865 0.869649
358.000000 176.111150 5.334456 132.530866 -0.033792 0.493084 -0.013227 0.869225
359.000000 176.758757 5.370464 132.935961 -0.036868 0.494745 -0.015124 0.868124
360.000000 177.418033 5.401484 133.358272 -0.040807 0.496699 -0.021567 0.866694
361.000000 178.077728 5.433702 133.750886 -0.042512 0.498128 -0.026690 0.865649
362.000000 178.720617 5.433560 134.138739 -0.041804 0.499682 -0.027501 0.864762
363.000000 179.367162 5.456835 134.497516 -0.040434 0.500904 -0.025322 0.864187
364.000000 180.011049 5.478911 134.850790 -0.039616 0.501597 -0.023676 0.863870
365.000000 180.652701 5.497131 135.189595 -0.040103 0.502605 -0.024150 0.863248
366.000000 181.270511 5.510608 135.551365 -0.040602 0.504013 -0.024895 0.862382
367.000000 181.891217 5.530118 135.878336 -0.040911 0.504857 -0.024982 0.861871
368.000000 182.485498 5.549282 136.251369 -0.040664 0.506423 -0.024538 0.860976
369.000000 183.086909 5.568466 136.582653 -0.040014 0.508179 -0.023506 0.860000
370.000000 183.669481 5.598068 136.922050 -0.039023 0.510540 -0.022872 0.858664
371.000000 184.256526 5.620766 137.239801 -0.038114 0.512829 -0.022176 0.857358
372.000000 184.833106 5.630121 137.560329 -0.037232 0.515626 -0.021812 0.855727
373.000000 185.419508 5.648448 137.858698 -0.035853 0.518275 -0.020238 0.854222
374.000000 186.008679 5.667560 138.147249 -0.034419 0.521151 -0.018727 0.852564
375.000000 186.607115 5.686007 138.440478 -0.033102 0.524235 -0.019144 0.850715
376.000000 187.194106 5.707511 138.759163 -0.032510 0.527610 -0.020837 0.848609
377.000000 187.809099 5.719916 139.043320 -0.031794 0.530184 -0.022560 0.846986
378.000000 188.417641 5.733222 139.352439 -0.031434 0.533492 -0.022501 0.844921
379.000000 189.027190 5.730763 139.673936 -0.030379 0.537290 -0.022347 0.842554
380.000000 189.629151 5.764737 140.014128 -0.027476 0.541118 -0.022189 0.840205
381.000000 190.270490 5.765360 140.292183 -0.026009 0.544166 -0.022188 0.838281
382.000000 190.911282 5.773681 140.587919 -0.024668 0.547890 -0.022406 0.835887
383.000000 191.572102 5.774751 140.866571 -0.023590 0.551471 -0.022226 0.833564
384.000000 192.249758 5.773395 141.137768 -0.022643 0.554781 -0.022310 0.831389
385.000000 192.932984 5.768456 141.406276 -0.023322 0.557920 -0.020446 0.829315
386.000000 193.627221 5.780298 141.686286 -0.024033 0.561408 -0.019846 0.826952
387.000000 194.331225 5.793069 141.972847 -0.025073 0.565317 -0.020295 0.824243
388.000000 195.051799 5.801094 142.248907 -0.025959 0.568480 -0.021875 0.821997
389.000000 195.791930 5.805688 142.511511 -0.027917 0.571209 -0.022937 0.820009
390.000000 196.577612 5.797402 142.719797 -0.029159 0.573346 -0.023104 0.818469
391.000000 197.332107 5.812894 142.990183 -0.031791 0.575537 -0.025228 0.816768
392.000000 198.106087 5.831621 143.263582 -0.034107 0.577917 -0.026084 0.814965
393.000000 198.903763 5.831873 143.500309 -0.035422 0.579517 -0.023886 0.813840
394.000000 199.695665 5.844804 143.754967 -0.033050 0.581167 -0.019102 0.812889
395.000000 200.456007 5.881915 144.063583 -0.029071 0.583487 -0.013549 0.811489
396.000000 201.285382 5.882953 144.247282 -0.027852 0.585701 -0.008116 0.810008
397.000000 202.119103 5.915563 144.506435 -0.030593 0.587608 -0.006684 0.808539
398.000000 202.980987 5.942073 144.737157 -0.035211 0.589423 -0.005701 0.807037
399.000000 203.854078 5.971126 145.001169 -0.038391 0.591618 -0.005952 0.805282
400.000000 204.680870 6.017677 145.304022 -0.034655 0.594289 -0.006228 0.803481
401.000000 205.526780 6.046179 145.532782 -0.029687 0.595974 -0.005708 0.802434
402.000000 206.414591 6.082910 145.789844 -0.027462 0.597928 -0.006622 0.801052
403.000000 207.278716 6.107386 146.024782 -0.028978 0.600018 -0.009509 0.799405
404.000000 208.164821 6.131600 146.264032 -0.029814 0.602077 -0.011756 0.797795
405.000000 209.043557 6.157518 146.527427 -0.028796 0.604430 -0.012106 0.796046
406.000000 209.924176 6.193731 146.802815 -0.027177 0.606844 -0.011199 0.794278
407.000000 210.835084 6.210843 146.997988 -0.027637 0.608534 -0.009721 0.792987
408.000000 211.773346 6.206907 147.053503 -0.027977 0.608472 -0.008530 0.793036
409.000000 212.689948 6.231770 147.292184 -0.028955 0.610028 -0.008147 0.791808
410.000000 213.613224 6.250913 147.526159 -0.029957 0.611433 -0.007642 0.790692
411.000000 214.551308 6.277761 147.690301 -0.030631 0.612501 -0.007280 0.789843
412.000000 215.354995 6.070872 147.207412 -0.031744 0.606090 -0.011182 0.794684
413.000000 216.283255 6.104885 147.458092 -0.033076 0.607088 -0.011363 0.793865
414.000000 217.212719 6.125444 147.699884 -0.032355 0.607828 -0.013002 0.793303
415.000000 218.140360 6.157370 147.933850 -0.030744 0.608516 -0.013118 0.792837
416.000000 219.054093 6.205480 148.212403 -0.030058 0.609116 -0.012877 0.792407
417.000000 219.961122 6.291789 148.503590 -0.028862 0.610615 -0.012831 0.791298
418.000000 220.889126 6.319621 148.763312 -0.029069 0.611353 -0.013201 0.790714
419.000000 221.816535 6.333100 148.989955 -0.031454 0.611634 -0.014240 0.790387
420.000000 222.739843 6.354062 149.229687 -0.032168 0.612384 -0.013760 0.789786
421.000000 223.665356 6.383408 149.477564 -0.030723 0.613261 -0.014612 0.789148
422.000000 224.600221 6.421094 149.699401 -0.028078 0.613675 -0.012041 0.788967
423.000000 225.502483 6.430228 149.932657 -0.027326 0.614588 -0.011306 0.788294
424.000000 226.414606 6.471151 150.172102 -0.024935 0.616090 -0.011788 0.787193
425.000000 227.359109 6.493367 150.409209 -0.026533 0.617085 -0.013298 0.786336
426.000000 228.251568 6.516084 150.631429 -0.028686 0.618413 -0.015285 0.785181
427.000000 229.187187 6.540240 150.852549 -0.030277 0.619986 -0.016134 0.783863
428.000000 230.090472 6.561320 151.054658 -0.028861 0.621494 -0.017005 0.782702
429.000000 231.003107 6.579384 151.264837 -0.028309 0.623220 -0.016552 0.781359
430.000000 231.920302 6.578674 151.475467 -0.028552 0.624621 -0.016075 0.780240
431.000000 232.844913 6.577653 151.657713 -0.029261 0.625939 -0.016133 0.779156
432.000000 233.775643 6.591127 151.853571 -0.029842 0.627503 -0.016089 0.777875
433.000000 234.708082 6.595744 152.013043 -0.029723 0.628290 -0.016768 0.777230
434.000000 235.621948 6.619418 152.206715 -0.028712 0.629965 -0.017401 0.775898
435.000000 236.537088 6.632602 152.411658 -0.027624 0.631628 -0.018283 0.774563
436.000000 237.461882 6.636595 152.613989 -0.027176 0.633217 -0.019553 0.773250
437.000000 238.370525 6.637516 152.806245 -0.025782 0.634631 -0.021140 0.772096
438.000000 239.281598 6.635596 152.983938 -0.023147 0.635584 -0.021763 0.771378
439.000000 240.186872 6.631980 153.162444 -0.020310 0.636866 -0.021206 0.770415
440.000000 241.101697 6.639705 153.329578 -0.018372 0.638341 -0.021351 0.769238
441.000000 242.012620 6.630744 153.521272 -0.018929 0.639630 -0.022937 0.768107
442.000000 242.925300 6.616458 153.703618 -0.020664 0.641477 -0.024045 0.766487
443.000000 243.833535 6.616766 153.888435 -0.021597 0.643433 -0.024906 0.764793
444.000000 244.736843 6.604936 154.058464 -0.022403 0.644470 -0.024545 0.763908
445.000000 245.649034 6.603539 154.174522 -0.022994 0.645485 -0.023853 0.763054
446.000000 246.543992 6.608182 154.344019 -0.021494 0.647254 -0.023677 0.761604
447.000000 247.435197 6.590838 154.503117 -0.020883 0.649483 -0.022630 0.759753
448.000000 248.341420 6.587092 154.623087 -0.025036 0.651536 -0.020575 0.757926
449.000000 249.242175 6.583141 154.756405 -0.027180 0.653283 -0.022549 0.756290
450.000000 250.137490 6.574451 154.891643 -0.027304 0.655811 -0.021657 0.754121
451.000000 251.022256 6.562787 155.014433 -0.023038 0.657951 -0.017120 0.752514
452.000000 251.903976 6.558459 155.115715 -0.018832 0.660108 -0.012594 0.750829
453.000000 252.796595 6.563720 155.230590 -0.016535 0.662226 -0.012008 0.749026
454.000000 253.692036 6.578604 155.350284 -0.017370 0.664152 -0.015250 0.747240
455.000000 254.584059 6.556754 155.475278 -0.018868 0.666860 -0.019331 0.744693
456.000000 255.471886 6.551465 155.598176 -0.019933 0.668797 -0.021671 0.742862
457.000000 256.356647 6.541343 155.656543 -0.018942 0.670715 -0.022767 0.741123
458.000000 257.236497 6.525231 155.762502 -0.018064 0.673505 -0.025512 0.738522
459.000000 258.118615 6.516347 155.850612 -0.018562 0.675994 -0.028302 0.736129
460.000000 258.995627 6.491495 155.944257 -0.019212 0.678933 -0.030183 0.733328
461.000000 259.868488 6.463058 155.995026 -0.020028 0.681376 -0.028079 0.731120
462.000000 260.739769 6.435675 156.038545 -0.019228 0.683776 -0.026113 0.728971
463.000000 261.609404 6.417317 156.067623 -0.019066 0.686174 -0.024741 0.726767
464.000000 262.484016 6.396638 156.100590 -0.019722 0.688374 -0.025447 0.724641
465.000000 263.358700 6.382345 156.145971 -0.020348 0.690517 -0.026651 0.722539
466.000000 264.229436 6.358495 156.182104 -0.021493 0.692671 -0.026190 0.720458
467.000000 265.097216 6.341013 156.216574 -0.021481 0.694599 -0.024724 0.718651
468.000000 265.958872 6.315425 156.249428 -0.020394 0.696464 -0.023504 0.716917
469.000000 266.825806 6.306217 156.250194 -0.020356 0.697617 -0.022386 0.715832
470.000000 267.693257 6.300178 156.288766 -0.022324 0.698885 -0.021059 0.714576
471.000000 268.560030 6.293253 156.338890 -0.023836 0.699721 -0.021316 0.713700
472.000000 269.424419 6.297170 156.344438 -0.025262 0.700196 -0.020917 0.713197
473.000000 270.289647 6.291260 156.348574 -0.026326 0.700730 -0.020520 0.712645
474.000000 271.149700 6.281120 156.356893 -0.026383 0.701226 -0.019350 0.712188
475.000000 272.005348 6.280169 156.408849 -0.027234 0.701582 -0.017930 0.711843
476.000000 272.859145 6.266551 156.422337 -0.027472 0.701655 -0.016475 0.711796
477.000000 273.707479 6.259355 156.413005 -0.028556 0.700688 -0.015523 0.712727
478.000000 274.559872 6.267648 156.434469 -0.028863 0.700218 -0.015008 0.713187
479.000000 275.367645 6.262495 156.446867 -0.030072 0.699429 -0.014224 0.713927
480.000000 276.186495 6.267462 156.480976 -0.031003 0.698671 -0.014280 0.714628
481.000000 276.995642 6.275727 156.497952 -0.032029 0.697602 -0.014698 0.715619
482.000000 277.802749 6.286660 156.527679 -0.032686 0.696364 -0.015793 0.716770
483.000000 278.588375 6.297059 156.563174 -0.033436 0.695096 -0.017233 0.717933
484.000000 279.366375 6.307025 156.600373 -0.033392 0.693889 -0.018829 0.719061
485.000000 280.131988 6.311549 156.625955 -0.031685 0.692273 -0.020386 0.720651
486.000000 280.886564 6.316870 156.660662 -0.030110 0.691009 -0.021019 0.721913
487.000000 281.631768 6.319131 156.682450 -0.029976 0.689440 -0.020990 0.723418
488.000000 282.372061 6.314535 156.746859 -0.030851 0.688379 -0.021998 0.724361
489.000000 283.092904 6.314347 156.783376 -0.031431 0.686784 -0.023697 0.725795
490.000000 283.807601 6.308574 156.843888 -0.031242 0.685673 -0.025514 0.726791
491.000000 284.495839 6.302727 156.891041 -0.031406 0.684216 -0.024680 0.728185
492.000000 285.171170 6.300178 156.945968 -0.031815 0.682795 -0.023911 0.729525
493.000000 285.837323 6.301598 156.982537 -0.030766 0.681082 -0.023229 0.731191
494.000000 286.491209 6.304085 157.035772 -0.029418 0.679578 -0.022489 0.732668
495.000000 287.131624 6.307980 157.096427 -0.028324 0.678360 -0.023364 0.733812
496.000000 287.760509 6.306590 157.142638 -0.027012 0.676845 -0.024009 0.735238
497.000000 288.377544 6.293656 157.198358 -0.026554 0.675702 -0.024752 0.736281
498.000000 288.980961 6.289697 157.250789 -0.026114 0.674352 -0.025260 0.737516
499.000000 289.582607 6.285676 157.300950 -0.025042 0.673204 -0.025608 0.738589
500.000000 290.145283 6.280785 157.380851 -0.022882 0.672212 -0.025769 0.739556
501.000000 290.721254 6.264284 157.442633 -0.022993 0.671462 -0.026393 0.740211
502.000000 291.282343 6.250817 157.505308 -0.022930 0.670195 -0.026619 0.741353
503.000000 291.829620 6.236344 157.591797 -0.022915 0.669658 -0.027456 0.741808
504.000000 292.370305 6.213783 157.627201 -0.022650 0.668651 -0.027231 0.742732
505.000000 292.900485 6.188351 157.675244 -0.022267 0.667396 -0.027396 0.743866
506.000000 293.418382 6.163373 157.754163 -0.021732 0.667125 -0.027759 0.744111
507.000000 293.930215 6.154406 157.805266 -0.021572 0.665773 -0.026781 0.745361
508.000000 294.427201 6.140383 157.883563 -0.020794 0.665897 -0.026763 0.745273
509.000000 294.922286 6.134012 157.939439 -0.020408 0.665163 -0.026555 0.745946
510.000000 295.407721 6.126540 157.997001 -0.019622 0.664590 -0.026157 0.746493
511.000000 295.899122 6.113182 158.013858 -0.018925 0.663611 -0.025993 0.747387
512.000000 296.381621 6.103230 158.097749 -0.018667 0.664023 -0.025715 0.747036
513.000000 296.874917 6.086075 158.158055 -0.018865 0.664520 -0.025745 0.746588
514.000000 297.373987 6.072523 158.210841 -0.018924 0.664883 -0.026514 0.746237
515.000000 297.877035 6.064468 158.269968 -0.019278 0.665542 -0.027182 0.745616
516.000000 298.386290 6.060593 158.322139 -0.019111 0.666407 -0.026481 0.744872
517.000000 298.900728 6.041688 158.345382 -0.018744 0.667160 -0.024484 0.744276
518.000000 299.421385 6.019299 158.404965 -0.019667 0.668473 -0.020844 0.743184
519.000000 299.948680 6.014978 158.471513 -0.018667 0.669824 -0.018208 0.742062
520.000000 300.493488 6.023324 158.524576 -0.016985 0.670993 -0.017703 0.741058
521.000000 301.040304 6.028132 158.640777 -0.016919 0.672031 -0.017482 0.740124
522.000000 301.608096 6.026850 158.703456 -0.019221 0.673456 -0.016961 0.738783
523.000000 302.190439 6.029967 158.758473 -0.023900 0.674026 -0.014906 0.738171
524.000000 302.778859 6.037044 158.805092 -0.024504 0.674756 -0.014597 0.737490
525.000000 303.368999 6.048372 158.888427 -0.021281 0.676030 -0.015569 0.736402
526.000000 303.968879 6.034518 158.972283 -0.020231 0.677271 -0.016237 0.735277
527.000000 304.591982 6.038822 159.011926 -0.022128 0.677554 -0.014872 0.734989
528.000000 305.219680 6.025612 159.095300 -0.025423 0.679358 -0.013514 0.733242
529.000000 305.848673 6.035809 159.247443 -0.025803 0.680211 -0.012865 0.732449
530.000000 306.502885 6.039559 159.306570 -0.024363 0.681265 -0.014029 0.731497
531.000000 307.162060 6.068377 159.405234 -0.022748 0.682107 -0.013744 0.730769
532.000000 307.836911 6.083834 159.400097 -0.021324 0.682436 -0.013130 0.730517
533.000000 308.522449 6.084460 159.453515 -0.020961 0.683180 -0.011857 0.729852
534.000000 309.224531 6.106235 159.514473 -0.020026 0.683305 -0.013408 0.729735
535.000000 309.927882 6.100893 159.551877 -0.018812 0.684212 -0.015252 0.728881
536.000000 310.642533 6.107872 159.552127 -0.017975 0.684634 -0.015211 0.728507
537.000000 311.364338 6.104585 159.591593 -0.016781 0.684978 -0.012028 0.728272
538.000000 312.092231 6.108770 159.596615 -0.014939 0.684748 -0.009333 0.728567
539.000000 312.827559 6.118305 159.688473 -0.014225 0.685519 -0.008058 0.727871
540.000000 313.581063 6.113354 159.719869 -0.016450 0.685859 -0.007624 0.727509
541.000000 314.345206 6.118706 159.736283 -0.020473 0.686055 -0.007418 0.727224
542.000000 315.116200 6.118159 159.757844 -0.022512 0.685862 -0.007423 0.727346
543.000000 315.891580 6.122490 159.802374 -0.023083 0.686335 -0.006379 0.726891
544.000000 316.670832 6.131989 159.877759 -0.022883 0.686872 -0.005487 0.726397
545.000000 317.462408 6.144413 159.914456 -0.022695 0.687073 -0.004725 0.726219
546.000000 318.263722 6.162724 159.957238 -0.023364 0.687056 -0.004787 0.726213
547.000000 319.074908 6.167349 160.002644 -0.023946 0.686788 -0.005725 0.726441
548.000000 319.887790 6.185750 160.068059 -0.024735 0.687026 -0.005771 0.726188
549.000000 320.703563 6.189219 160.225500 -0.025437 0.686821 -0.006082 0.726356
550.000000 321.530559 6.201833 160.294030 -0.026277 0.686300 -0.006625 0.726814
551.000000 322.373143 6.225410 160.324680 -0.027094 0.685346 -0.006700 0.727682
552.000000 323.219918 6.252060 160.398522 -0.027869 0.684822 -0.006682 0.728147
553.000000 324.076317 6.274467 160.432086 -0.028413 0.683959 -0.006430 0.728938
554.000000 324.934789 6.294001 160.515658 -0.028523 0.683179 -0.005966 0.729669
555.000000 325.806410 6.318703 160.531718 -0.029670 0.681825 -0.005271 0.730894
556.000000 326.690574 6.353280 160.551891 -0.030372 0.680553 -0.005103 0.732051
557.000000 327.564723 6.382262 160.687441 -0.031905 0.679695 -0.004696 0.732786
558.000000 328.454481 6.410915 160.753226 -0.032263 0.678565 -0.003991 0.733820
559.000000 329.348251 6.443132 160.864692 -0.032382 0.677614 -0.003515 0.734696
560.000000 330.249605 6.466682 160.904817 -0.032168 0.676127 -0.003029 0.736076
561.000000 331.146730 6.516237 161.037917 -0.030411 0.675245 -0.004009 0.736955
562.000000 332.041638 6.554264 161.196574 -0.030227 0.674337 -0.003795 0.737795
563.000000 332.954092 6.583189 161.281892 -0.029655 0.673506 -0.004543 0.738572
564.000000 333.859982 6.634232 161.425262 -0.029988 0.673052 -0.005168 0.738968
565.000000 334.775236 6.653579 161.525950 -0.031009 0.672402 -0.006040 0.739512
566.000000 335.695669 6.685598 161.591527 -0.032001 0.671863 -0.006973 0.739951
567.000000 336.617214 6.712297 161.657570 -0.032332 0.671464 -0.006784 0.740300
568.000000 337.529808 6.737026 161.786429 -0.031384 0.671497 -0.005954 0.740318
569.000000 338.449652 6.756748 161.888758 -0.031855 0.671062 -0.006170 0.740690
570.000000 339.366517 6.780419 161.987304 -0.031687 0.670957 -0.007784 0.740778
571.000000 340.280834 6.807704 162.085103 -0.032279 0.670790 -0.008856 0.740892
572.000000 341.195071 6.845868 162.148900 -0.030176 0.670225 -0.009344 0.741486
573.000000 342.103200 6.831205 162.226251 -0.031560 0.669825 -0.007767 0.741807
574.000000 343.012701 6.891637 162.283625 -0.030684 0.669784 -0.008167 0.741877
575.000000 343.921704 6.896277 162.368207 -0.030014 0.669558 -0.008665 0.742103
576.000000 344.829907 6.899649 162.463585 -0.029539 0.669780 -0.008946 0.741918
577.000000 345.736270 6.917123 162.560075 -0.029521 0.669703 -0.009333 0.741983
578.000000 346.644675 6.933481 162.648815 -0.030645 0.669490 -0.009336 0.742130
579.000000 347.533387 6.950633 162.819657 -0.029676 0.669955 -0.009732 0.741744
580.000000 348.421572 6.882277 162.963924 -0.031531 0.669721 -0.007892 0.741901
581.000000 349.300963 6.924361 163.162272 -0.031465 0.669811 -0.006548 0.741836
582.000000 350.180766 7.030010 163.350679 -0.031875 0.669987 -0.007876 0.741646
583.000000 351.084953 7.045097 163.438101 -0.033574 0.669254 -0.008239 0.742229
584.000000 351.978799 7.067419 163.545085 -0.034158 0.668571 -0.006224 0.742837
585.000000 352.871373 7.125242 163.654520 -0.033081 0.667586 -0.002310 0.743793
586.000000 353.761485 7.168981 163.787751 -0.032725 0.666595 -0.000206 0.744701
587.000000 354.649696 7.134577 163.961212 -0.034620 0.665462 0.001487 0.745627
588.000000 355.551740 7.112256 164.020493 -0.038625 0.663469 0.003785 0.747197
589.000000 356.446530 7.165569 164.150295 -0.038993 0.662077 0.005822 0.748398
590.000000 357.345140 7.237641 164.233724 -0.038694 0.660543 0.005750 0.749768
591.000000 358.245041 7.299138 164.355658 -0.039450 0.659230 0.004480 0.750892
592.000000 359.144551 7.350872 164.476344 -0.040482 0.657560 0.002146 0.752311
593.000000 360.046839 7.412426 164.587188 -0.039797 0.655542 0.000985 0.754109
594.000000 360.946323 7.449893 164.735317 -0.039782 0.653663 -0.000105 0.755739
595.000000 361.848566 7.495472 164.897641 -0.039092 0.651873 -0.001347 0.757319
596.000000 362.750995 7.536716 165.034922 -0.038839 0.649509 -0.001928 0.759359
597.000000 363.652844 7.578414 165.170662 -0.037997 0.646746 -0.002224 0.761755
598.000000 364.552306 7.619935 165.314713 -0.037818 0.643430 -0.002194 0.764567
599.000000 365.445082 7.661340 165.495663 -0.037146 0.640091 -0.002803 0.767396
600.000000 366.339106 7.693513 165.670564 -0.036851 0.636401 -0.003227 0.770471
601.000000 367.234700 7.745023 165.832234 -0.036181 0.632676 -0.003986 0.773561
602.000000 368.130026 7.777249 165.984259 -0.035706 0.628607 -0.004705 0.776889
603.000000 369.014410 7.807804 166.203791 -0.035567 0.625173 -0.005642 0.779655
604.000000 369.878717 7.812138 166.459796 -0.036060 0.622520 -0.006257 0.781748
605.000000 370.759876 7.850742 166.669053 -0.035683 0.619727 -0.007029 0.783974
606.000000 371.637017 7.893437 166.879363 -0.035115 0.617432 -0.007694 0.785802
607.000000 372.487380 7.952703 167.179508 -0.034131 0.616454 -0.008136 0.786609
608.000000 373.379445 7.972295 167.334312 -0.034218 0.614158 -0.008420 0.788396
609.000000 374.237640 8.022104 167.617107 -0.033509 0.612975 -0.009171 0.789338
610.000000 375.104385 8.101294 167.885862 -0.032996 0.611358 -0.009242 0.790612
611.000000 375.986354 8.163783 168.111875 -0.031920 0.609686 -0.009493 0.791943
612.000000 376.872480 8.215134 168.339927 -0.031117 0.607903 -0.010105 0.793337
613.000000 377.743738 8.274813 168.614047 -0.030627 0.606345 -0.011316 0.794531
614.000000 378.626531 8.266843 168.871653 -0.031215 0.604555 -0.012298 0.795856
615.000000 379.505838 8.285319 169.120790 -0.032293 0.602626 -0.012738 0.797269
616.000000 380.377131 8.311953 169.382064 -0.033017 0.600792 -0.013416 0.798611
617.000000 381.237535 8.340191 169.638824 -0.033543 0.598928 -0.014261 0.799973
618.000000 382.095881 8.318043 169.905254 -0.033776 0.597053 -0.014218 0.801364
619.000000 382.940212 8.354237 170.184907 -0.031857 0.595060 -0.013951 0.802928
620.000000 383.776688 8.402682 170.467691 -0.029594 0.593282 -0.014285 0.804324
621.000000 384.623521 8.426879 170.732656 -0.029333 0.591429 -0.014374 0.805695
622.000000 385.476405 8.430899 170.981004 -0.031471 0.589869 -0.016072 0.806726
623.000000 386.306688 8.437658 171.276204 -0.032575 0.588833 -0.018203 0.807393
624.000000 387.149265 8.444418 171.514898 -0.031270 0.588017 -0.019917 0.807998
625.000000 387.942332 8.488781 171.857290 -0.028196 0.587957 -0.019936 0.808155
626.000000 388.737062 8.475976 172.199732 -0.026702 0.587767 -0.018920 0.808368
627.000000 389.559070 8.465705 172.470273 -0.026702 0.587426 -0.019473 0.808603
628.000000 390.341280 8.510202 172.821934 -0.027048 0.587742 -0.022376 0.808287
629.000000 391.165408 8.529048 173.067826 -0.027891 0.587488 -0.025176 0.808360
630.000000 391.975249 8.513210 173.305664 -0.028652 0.587323 -0.026382 0.808415
631.000000 392.786697 8.528237 173.523636 -0.028259 0.587383 -0.026703 0.808375
632.000000 393.582813 8.532045 173.780389 -0.027712 0.587561 -0.026390 0.808275
633.000000 394.331920 8.565047 174.149632 -0.026644 0.588467 -0.026598 0.807644
634.000000 395.123179 8.575722 174.447639 -0.029160 0.588882 -0.024630 0.807317
635.000000 395.948405 8.580359 174.625388 -0.029458 0.588385 -0.024600 0.807670
636.000000 396.711149 8.588831 174.967645 -0.028481 0.589063 -0.024037 0.807228
637.000000 397.447045 8.652778 175.346087 -0.025952 0.590053 -0.022060 0.806645
638.000000 398.245089 8.633082 175.588807 -0.025023 0.590037 -0.019962 0.806741
639.000000 399.052169 8.688920 175.847916 -0.024704 0.590339 -0.021001 0.806504
640.000000 399.862669 8.710078 176.116300 -0.026088 0.590374 -0.021777 0.806414
641.000000 400.665963 8.701666 176.416146 -0.026308 0.590761 -0.022317 0.806109
642.000000 401.435326 8.682902 176.801682 -0.026022 0.591401 -0.021855 0.805661
643.000000 402.228071 8.702408 177.193334 -0.024170 0.592255 -0.020907 0.805116
644.000000 403.075337 8.718236 177.349502 -0.023815 0.591729 -0.020146 0.805533
645.000000 403.955393 8.777105 177.613447 -0.022558 0.591305 -0.020928 0.805861
646.000000 404.725243 8.807119 178.003265 -0.023651 0.591949 -0.021638 0.805338
647.000000 405.514304 8.800166 178.432013 -0.024530 0.592713 -0.020615 0.804776
648.000000 406.364493 8.810718 178.732348 -0.025031 0.592764 -0.018454 0.804776
649.000000 407.241544 8.816715 178.980860 -0.025526 0.592447 -0.016736 0.805031
650.000000 408.097552 8.824008 179.268594 -0.026906 0.592125 -0.016088 0.805236
651.000000 408.977738 8.860819 179.486502 -0.027964 0.591250 -0.013444 0.805891
652.000000 409.794452 8.815775 179.876751 -0.030567 0.591221 -0.011412 0.805849
653.000000 410.599432 8.910338 180.289779 -0.030580 0.592158 -0.013712 0.805125
654.000000 411.501973 8.898863 180.433274 -0.032122 0.590786 -0.016899 0.806012
655.000000 412.368894 8.899095 180.700852 -0.034386 0.590266 -0.017578 0.806284
656.000000 413.240442 8.913666 180.945839 -0.033670 0.589868 -0.017191 0.806614
657.000000 414.100465 8.930304 181.205114 -0.032832 0.589626 -0.015963 0.806851
658.000000 414.930418 8.960903 181.557444 -0.032376 0.589775 -0.014732 0.806784
659.000000 415.786845 8.990951 181.846429 -0.033206 0.589655 -0.014485 0.806843
660.000000 416.598571 9.016604 182.212100 -0.034972 0.589808 -0.014216 0.806661
661.000000 417.447062 9.030983 182.472006 -0.035637 0.589540 -0.014937 0.806814
662.000000 418.264870 9.051014 182.774897 -0.035083 0.589987 -0.015349 0.806504
663.000000 419.089641 9.071032 183.042464 -0.035115 0.590057 -0.015527 0.806448
664.000000 419.917132 9.097691 183.259247 -0.035867 0.590004 -0.015574 0.806453
665.000000 420.731371 9.118137 183.522368 -0.037188 0.590342 -0.015941 0.806139
666.000000 421.528220 9.129310 183.770046 -0.038040 0.590666 -0.016622 0.805847
667.000000 422.325472 9.175991 183.982480 -0.037544 0.591134 -0.016558 0.805529
668.000000 423.107385 9.198551 184.206315 -0.036906 0.591560 -0.015345 0.805270
669.000000 423.891236 9.181802 184.384930 -0.035446 0.591728 -0.014220 0.805233
670.000000 424.656493 9.209533 184.588027 -0.032814 0.592100 -0.013350 0.805085
671.000000 425.417880 9.232827 184.810127 -0.030721 0.592508 -0.012336 0.804884
672.000000 426.157083 9.255396 185.079080 -0.030924 0.593119 -0.011597 0.804437
673.000000 426.900206 9.276077 185.331476 -0.032468 0.593894 -0.013368 0.803777
674.000000 427.651235 9.276175 185.549859 -0.034551 0.594274 -0.014852 0.803383
675.000000 428.291800 9.177982 185.127127 -0.035805 0.586508 -0.016605 0.808981
676.000000 429.026813 9.184050 185.329300 -0.036591 0.586558 -0.015179 0.808938
677.000000 429.756910 9.234404 185.535265 -0.034631 0.586159 -0.014810 0.809320
678.000000 430.464849 9.275126 185.818828 -0.033706 0.586620 -0.014166 0.809036
679.000000 431.190658 9.302879 186.044394 -0.033684 0.586604 -0.013118 0.809066
680.000000 431.905792 9.327485 186.286049 -0.033617 0.586623 -0.012397 0.809067
681.000000 432.651139 9.348630 186.498056 -0.033607 0.585845 -0.011182 0.809649
682.000000 433.363173 9.366920 186.724020 -0.032905 0.585669 -0.011231 0.809805
683.000000 434.035806 9.399463 187.086289 -0.033016 0.586781 -0.010787 0.809000
684.000000 434.742543 9.427284 187.392015 -0.034010 0.587441 -0.011144 0.808475
685.000000 435.476099 9.451658 187.633812 -0.035098 0.586876 -0.011084 0.808840
686.000000 436.207238 9.476994 187.880236 -0.035826 0.586393 -0.011452 0.809153
687.000000 436.922666 9.506612 188.123671 -0.036114 0.585868 -0.012103 0.809511
688.000000 437.625016 9.525425 188.352566 -0.036757 0.585106 -0.012463 0.810027
689.000000 438.329670 9.541635 188.589736 -0.036606 0.584324 -0.012851 0.810592
690.000000 439.021390 9.551112 188.840595 -0.035614 0.583651 -0.013804 0.811106
691.000000 439.696400 9.571597 189.066827 -0.035397 0.582783 -0.013719 0.811740
692.000000 440.365430 9.587864 189.282250 -0.035286 0.581908 -0.014331 0.812362
693.000000 441.029466 9.597561 189.504041 -0.035537 0.581233 -0.015251 0.812818
694.000000 441.684901 9.615669 189.731546 -0.035339 0.581099 -0.016754 0.812893
695.000000 442.316444 9.623834 189.945536 -0.036015 0.580412 -0.016819 0.813353
696.000000 442.937068 9.654051 190.194313 -0.035928 0.580197 -0.016732 0.813511
697.000000 443.578219 9.663676 190.401514 -0.036295 0.579513 -0.016464 0.813988
698.000000 444.132478 9.643887 190.686195 -0.037711 0.579974 -0.016212 0.813600
699.000000 444.728467 9.682909 190.900208 -0.037846 0.579693 -0.015699 0.813804
700.000000 445.321652 9.715780 191.134682 -0.037547 0.579470 -0.015616 0.813979
701.000000 445.883781 9.746539 191.328425 -0.037351 0.578835 -0.015458 0.814442
702.000000 446.458218 9.742233 191.549846 -0.037284 0.578504 -0.015880 0.814673
703.000000 446.996580 9.753691 191.730280 -0.037269 0.577961 -0.015974 0.815057
704.000000 447.526675 9.730815 191.958817 -0.037723 0.577981 -0.016317 0.815014
705.000000 448.062467 9.745332 192.136208 -0.037757 0.577452 -0.017040 0.815373
706.000000 448.586033 9.782149 192.318276 -0.037617 0.577164 -0.017684 0.815570
707.000000 449.094375 9.806676 192.516574 -0.037797 0.577101 -0.018030 0.815599
708.000000 449.600816 9.838296 192.678090 -0.038110 0.576558 -0.017381 0.815982
709.000000 450.106214 9.757535 192.790368 -0.038619 0.575819 -0.017657 0.816474
710.000000 450.571368 9.798926 192.973489 -0.035894 0.576042 -0.017611 0.816441
711.000000 451.022940 9.806145 193.179787 -0.034422 0.576292 -0.017379 0.816334
712.000000 451.480489 9.819868 193.357025 -0.033566 0.575935 -0.016940 0.816631
713.000000 451.933078 9.786017 193.485091 -0.033975 0.575248 -0.016345 0.817110
714.000000 452.367595 9.799293 193.648435 -0.034252 0.575071 -0.015843 0.817233
715.000000 452.791375 9.809934 193.804569 -0.034845 0.575424 -0.016409 0.816948
716.000000 453.206597 9.836988 193.950352 -0.034665 0.576094 -0.017601 0.816458
717.000000 453.615718 9.840305 194.093727 -0.035014 0.576510 -0.018030 0.816141
718.000000 453.988275 9.858894 194.248700 -0.034930 0.577448 -0.018251 0.815476
719.000000 454.352084 9.855761 194.408935 -0.035357 0.578373 -0.018255 0.814801
720.000000 454.719408 9.872412 194.526824 -0.035440 0.578615 -0.018384 0.814623
721.000000 455.080373 9.889485 194.603514 -0.035334 0.578553 -0.018826 0.814661
722.000000 455.425910 9.898785 194.734197 -0.035792 0.579104 -0.018730 0.814252
723.000000 455.767177 9.895334 194.820064 -0.036276 0.579083 -0.018658 0.814247
724.000000 456.087790 9.925586 194.929070 -0.035390 0.579664 -0.019060 0.813864
725.000000 456.405120 9.940218 195.013855 -0.034987 0.579645 -0.019606 0.813882
726.000000 456.694293 9.951862 195.148357 -0.034586 0.580637 -0.020156 0.813178
727.000000 457.001138 9.933956 195.184926 -0.035153 0.580289 -0.020193 0.813401
728.000000 457.290202 9.931175 195.258154 -0.035316 0.580299 -0.019565 0.813402
729.000000 457.565611 9.942472 195.364143 -0.034597 0.580857 -0.018900 0.813050
730.000000 457.842382 9.971362 195.454626 -0.033955 0.581134 -0.018601 0.812887
731.000000 458.112223 9.984724 195.555895 -0.033941 0.581411 -0.018810 0.812684
732.000000 458.396826 9.952107 195.586627 -0.034434 0.580288 -0.019872 0.813441
733.000000 458.616044 9.958045 195.766579 -0.034414 0.581832 -0.020552 0.812320
734.000000 458.888614 9.935948 195.830624 -0.035384 0.580518 -0.021501 0.813194
735.000000 459.153908 9.939097 195.919962 -0.035103 0.579702 -0.022092 0.813772
736.000000 459.429474 9.889844 195.903150 -0.035341 0.576607 -0.023268 0.815925
737.000000 459.684096 9.894308 196.021037 -0.035380 0.575211 -0.023025 0.816915
738.000000 459.960258 9.828958 196.026989 -0.036102 0.571399 -0.024326 0.819517
739.000000 460.226309 9.850511 196.124885 -0.035001 0.568597 -0.024610 0.821503
740.000000 460.476983 9.865111 196.284756 -0.034246 0.565448 -0.025167 0.823688
741.000000 460.741458 9.871816 196.417612 -0.033520 0.561219 -0.025199 0.826604
742.000000 461.015278 9.876455 196.541250 -0.033536 0.556147 -0.024828 0.830036
743.000000 461.288255 9.896365 196.689977 -0.032890 0.550178 -0.025272 0.834017
744.000000 461.562832 9.910821 196.853395 -0.031570 0.543605 -0.026164 0.838339
745.000000 461.856769 9.913882 196.991037 -0.030268 0.535304 -0.027396 0.843672
746.000000 462.159885 9.983888 197.036796 -0.027860 0.524684 -0.025923 0.850446
747.000000 462.443530 10.014754 197.189024 -0.026287 0.515039 -0.024066 0.856425
748.000000 462.759803 9.984553 197.248229 -0.025933 0.502973 -0.024032 0.863579
749.000000 463.028968 10.028725 197.393259 -0.022988 0.493373 -0.025920 0.869128
750.000000 463.287706 10.047876 197.561877 -0.020263 0.486129 -0.027025 0.873234
751.000000 463.543192 10.047220 197.725597 -0.017900 0.482733 -0.029135 0.875100
752.000000 463.794014 10.056141 197.877952 -0.016995 0.482649 -0.029785 0.875142
753.000000 464.038671 10.061569 198.022804 -0.016577 0.484334 -0.030154 0.874206
754.000000 464.270645 10.067106 198.162012 -0.016380 0.489001 -0.030092 0.871610
755.000000 464.499342 10.070632 198.303697 -0.016579 0.496624 -0.029257 0.867314
756.000000 464.725611 10.066132 198.355419 -0.017491 0.502266 -0.027680 0.864093
757.000000 464.987709 10.071983 198.479812 -0.018469 0.511085 -0.025856 0.858943
758.000000 465.241267 10.067674 198.569216 -0.019105 0.520267 -0.025159 0.853419
759.000000 465.479588 10.068163 198.699222 -0.019353 0.530661 -0.025356 0.846983
760.000000 465.729015 10.060397 198.789971 -0.020005 0.540130 -0.025899 0.840945
761.000000 465.995833 10.032535 198.881714 -0.021160 0.549221 -0.026911 0.834976
762.000000 466.265659 10.029346 198.976399 -0.022453 0.557857 -0.025474 0.829242
763.000000 466.529183 10.038741 199.062564 -0.023404 0.565432 -0.023109 0.824139
764.000000 466.804309 10.040122 199.144200 -0.024443 0.571901 -0.021705 0.819671
765.000000 467.074509 10.045817 199.241648 -0.024418 0.577929 -0.021909 0.815428
766.000000 467.336699 10.039129 199.317669 -0.025422 0.582240 -0.022636 0.812304
767.000000 467.603593 10.030393 199.384625 -0.027398 0.585658 -0.023069 0.809766
768.000000 467.849710 10.011621 199.428136 -0.028550 0.587936 -0.023696 0.808056
769.000000 468.081254 10.022422 199.520351 -0.028565 0.589314 -0.023092 0.807069
770.000000 468.316794 10.029169 199.602862 -0.028270 0.588509 -0.022718 0.807677
771.000000 468.533054 10.037416 199.678549 -0.028842 0.585898 -0.021972 0.809574
772.000000 468.737687 10.039055 199.757973 -0.029860 0.581957 -0.021315 0.812391
773.000000 468.928289 10.060592 199.864150 -0.029518 0.577537 -0.021521 0.815546
774.000000 469.113191 10.054674 199.939598 -0.027924 0.571257 -0.023976 0.819946
775.000000 469.274383 10.050542 200.018827 -0.026207 0.565117 -0.025731 0.824193
776.000000 469.441216 10.054019 200.087055 -0.025384 0.558494 -0.027132 0.828676
777.000000 469.599611 10.045658 200.166898 -0.026096 0.551766 -0.028840 0.833091
778.000000 469.736797 10.060748 200.216384 -0.026572 0.544456 -0.027417 0.837920
779.000000 469.867383 10.046311 200.275819 -0.028081 0.537595 -0.022782 0.842427
780.000000 469.988045 10.062198 200.325140 -0.026433 0.529996 -0.018534 0.847386
781.000000 470.090280 10.067966 200.399131 -0.025006 0.522952 -0.018638 0.851791
782.000000 470.177406 10.080121 200.483399 -0.023433 0.516883 -0.022305 0.855444
783.000000 470.273696 10.081556 200.567356 -0.023003 0.510373 -0.025572 0.859265
784.000000 470.359571 10.084588 200.632605 -0.022893 0.504026 -0.026893 0.862966
785.000000 470.359571 10.084588 200.632605 -0.022893 0.504026 -0.026893 0.862966
786.000000 470.440883 10.086728 200.692747 -0.022906 0.498123 -0.026972 0.866384
787.000000 470.440883 10.086728 200.692747 -0.022906 0.498123 -0.026972 0.866384
788.000000 470.440883 10.086728 200.692747 -0.022906 0.498123 -0.026972 0.866384
789.000000 470.440883 10.086728 200.692747 -0.022906 0.498123 -0.026972 0.866384
790.000000 470.440883 10.086728 200.692747 -0.022906 0.498123 -0.026972 0.866384
791.000000 470.440883 10.086728 200.692747 -0.022906 0.498123 -0.026972 0.866384
792.000000 470.440883 10.086728 200.692747 -0.022906 0.498123 -0.026972 0.866384
793.000000 470.440883 10.086728 200.692747 -0.022906 0.498123 -0.026972 0.866384
794.000000 470.440883 10.086728 200.692747 -0.022906 0.498123 -0.026972 0.866384
795.000000 470.440883 10.086728 200.692747 -0.022906 0.498123 -0.026972 0.866384
796.000000 470.440883 10.086728 200.692747 -0.022906 0.498123 -0.026972 0.866384
797.000000 470.440883 10.086728 200.692747 -0.022906 0.498123 -0.026972 0.866384
798.000000 470.440883 10.086728 200.692747 -0.022906 0.498123 -0.026972 0.866384
799.000000 470.440883 10.086728 200.692747 -0.022906 0.498123 -0.026972 0.866384
800.000000 470.440883 10.086728 200.692747 -0.022906 0.498123 -0.026972 0.866384
