1.000000 0.000000 0.000000 0.000000 0.000056 -0.003570 0.000069 0.999994
2.000000 0.000000 0.000000 0.000000 0.000056 -0.003570 0.000069 0.999994
3.000000 0.147246 0.063489 0.987060 0.000056 -0.003570 0.000069 0.999994
4.000000 0.144545 0.060851 1.091426 0.000718 -0.007744 0.000095 0.999970
5.000000 0.133372 0.059028 1.205568 0.001439 -0.012623 0.000557 0.999919
6.000000 0.129430 0.057102 1.333461 0.002119 -0.019593 0.000513 0.999806
7.000000 0.119486 0.048984 1.473732 0.001754 -0.027618 0.000769 0.999617
8.000000 0.099008 0.061075 1.626391 0.002240 -0.036280 0.001144 0.999338
9.000000 0.060948 0.097879 1.783670 0.003962 -0.045783 0.000982 0.998943
10.000000 0.030975 0.094703 1.955229 0.004055 -0.057231 0.000625 0.998353
11.000000 -0.006520 0.074793 2.131883 0.004331 -0.069855 -0.000913 0.997547
12.000000 -0.076795 0.060668 2.306535 0.005081 -0.081673 -0.002481 0.996643
13.000000 -0.142859 0.063891 2.491960 0.005649 -0.095472 -0.003785 0.995409
14.000000 -0.202826 0.063858 2.687828 0.006200 -0.109763 -0.003747 0.993931
15.000000 -0.299453 0.054182 2.876253 0.005790 -0.123747 -0.004835 0.992285
16.000000 -0.384525 0.043701 3.077491 0.005468 -0.140410 -0.005813 0.990061
17.000000 -0.465260 0.039031 3.285402 0.004917 -0.158354 -0.006625 0.987348
18.000000 -0.556829 0.037561 3.489992 0.004998 -0.175845 -0.008034 0.984372
19.000000 -0.687267 0.036209 3.681346 0.005047 -0.193192 -0.009197 0.981105
20.000000 -0.814141 0.033860 3.878434 0.005403 -0.211852 -0.009717 0.977238
21.000000 -0.951854 0.018712 4.069919 0.006062 -0.231303 -0.008675 0.972824
22.000000 -1.079380 0.012059 4.275290 0.007585 -0.253060 -0.005923 0.967403
23.000000 -1.226738 0.005114 4.478746 0.006805 -0.276701 -0.005303 0.960917
24.000000 -1.422324 -0.002763 4.654774 0.004688 -0.300469 -0.007549 0.953750
25.000000 -1.618401 -0.009756 4.836929 0.003811 -0.325255 -0.008840 0.945577
26.000000 -1.815379 0.001114 5.027983 0.005398 -0.352013 -0.008790 0.935938
27.000000 -2.050343 -0.007157 5.183840 0.006480 -0.377753 -0.005766 0.925866
28.000000 -2.296466 -0.015731 5.344310 0.007559 -0.403866 -0.003609 0.914780
29.000000 -2.552547 -0.008870 5.507701 0.007937 -0.429794 -0.003145 0.902887
30.000000 -2.848901 -0.021009 5.620633 0.007297 -0.454970 -0.001676 0.890475
31.000000 -3.155815 -0.009495 5.731954 0.007328 -0.480355 -0.001612 0.877042
32.000000 -3.472027 -0.022599 5.848524 0.006095 -0.506193 -0.000665 0.862399
33.000000 -3.798342 -0.030816 5.984402 0.005298 -0.531973 0.000378 0.846745
34.000000 -4.157634 -0.029275 6.055008 0.004156 -0.555575 0.000124 0.831456
35.000000 -4.530206 -0.048441 6.141521 0.002334 -0.579150 0.001830 0.815216
36.000000 -4.915990 -0.071877 6.210728 0.001723 -0.600873 0.004504 0.799330
37.000000 -5.316170 -0.097700 6.260648 0.001437 -0.620839 0.005645 0.783916
38.000000 -5.734192 -0.107252 6.311799 -0.000023 -0.640107 0.004659 0.768272
39.000000 -6.169928 -0.119981 6.343468 -0.001046 -0.656284 0.003542 0.754505
40.000000 -6.619915 -0.122684 6.359197 -0.001100 -0.670109 0.001971 0.742259
41.000000 -7.083628 -0.128305 6.330478 -0.001121 -0.681930 0.000360 0.731416
42.000000 -7.560756 -0.138146 6.346945 -0.000642 -0.693311 -0.000775 0.720638
43.000000 -8.056107 -0.147746 6.337026 0.000362 -0.702644 -0.000973 0.711541
44.000000 -8.564812 -0.159414 6.298451 -0.000558 0.709171 0.002035 -0.705034
45.000000 -9.092355 -0.159341 6.252026 -0.001492 0.714430 0.002023 -0.699702
46.000000 -9.636867 -0.175119 6.228156 -0.002293 0.719528 0.000748 -0.694459
47.000000 -10.193695 -0.187881 6.177862 -0.000421 0.722771 0.001716 -0.691085
48.000000 -10.769105 -0.196695 6.133566 0.001150 0.725213 0.001711 -0.688522
49.000000 -11.359046 -0.184983 6.135237 0.001006 0.727193 0.001279 -0.686431
50.000000 -11.966494 -0.189950 6.111940 0.000059 0.728109 0.000198 -0.685461
51.000000 -12.589319 -0.216782 6.104310 0.000198 0.728449 -0.001808 -0.685098
52.000000 -13.227460 -0.221383 6.065340 0.000545 0.727914 -0.002639 -0.685663
53.000000 -13.882459 -0.230282 6.055751 0.001417 0.727650 -0.001727 -0.685945
54.000000 -14.544337 -0.234339 5.986041 0.000932 0.726525 -0.000422 -0.687140
55.000000 -15.224283 -0.244974 5.914207 0.001726 0.725290 -0.000023 -0.688442
56.000000 -15.924089 -0.243670 5.879806 0.002729 0.724282 -0.000702 -0.689498
57.000000 -16.640736 -0.236530 5.851317 0.003598 0.723686 -0.001449 -0.690119
58.000000 -17.370878 -0.249709 5.804798 0.004159 0.723144 -0.002400 -0.690681
59.000000 -18.111882 -0.269654 5.774185 0.005001 0.722534 -0.001635 -0.691315
60.000000 -18.866756 -0.296168 5.746948 0.005465 0.722071 -0.000178 -0.691797
61.000000 -19.632699 -0.289615 5.701429 0.005155 0.721946 0.000395 -0.691930
62.000000 -20.419295 -0.303454 5.668489 0.005164 0.721356 -0.001509 -0.692543
63.000000 -21.212185 -0.308871 5.627284 0.005594 0.721078 -0.002557 -0.692827
64.000000 -22.012241 -0.334326 5.570191 0.006475 0.720135 -0.003188 -0.693796
65.000000 -22.814169 -0.343504 5.535308 0.004355 0.720199 -0.001814 -0.693752
66.000000 -23.620278 -0.355320 5.483875 0.000512 0.719864 -0.000326 -0.694115
67.000000 -24.440907 -0.352912 5.431628 -0.001830 0.719088 0.001130 -0.694915
68.000000 -25.272082 -0.359507 5.398315 -0.001516 0.719183 0.000733 -0.694819
69.000000 -26.115869 -0.386979 5.353123 0.001659 0.718776 -0.001802 -0.695237
70.000000 -26.964305 -0.402695 5.317624 0.004640 0.718802 -0.003772 -0.695189
71.000000 -27.811343 -0.425182 5.267160 0.007502 0.718704 -0.005198 -0.695257
72.000000 -28.658190 -0.448843 5.221999 0.008739 0.718269 -0.005052 -0.695693
73.000000 -29.499644 -0.461665 5.171476 0.007877 0.717785 -0.003271 -0.696213
74.000000 -30.339716 -0.484344 5.167673 0.007480 0.719281 -0.002776 -0.694673
75.000000 -31.182936 -0.493488 5.112054 0.008700 0.718746 -0.002204 -0.695215
76.000000 -32.023374 -0.494193 5.062694 0.009211 0.718912 -0.002080 -0.695037
77.000000 -32.866768 -0.508462 5.027336 0.008956 0.719390 -0.001459 -0.694548
78.000000 -33.700201 -0.514636 4.987677 0.006859 0.719305 0.000442 -0.694660
79.000000 -34.536187 -0.523090 4.949173 0.005693 0.719596 0.002634 -0.694365
80.000000 -35.372344 -0.496342 4.881354 0.004174 0.718965 0.002021 -0.695031
81.000000 -36.211075 -0.497477 4.838744 0.004238 0.718144 0.000912 -0.695882
82.000000 -37.053997 -0.495725 4.858238 0.005269 0.719033 -0.001423 -0.694955
83.000000 -37.897127 -0.493154 4.821485 0.006387 0.718586 -0.003860 -0.695398
84.000000 -38.733007 -0.497678 4.771522 0.007746 0.718590 -0.004400 -0.695377
85.000000 -39.567512 -0.531409 4.788948 0.008306 0.719372 -0.004531 -0.694561
86.000000 -40.399132 -0.550525 4.743840 0.006638 0.718919 -0.003266 -0.695054
87.000000 -41.228180 -0.583577 4.738982 0.006063 0.718933 -0.002213 -0.695049
88.000000 -42.057998 -0.608503 4.738830 0.006871 0.719062 -0.000076 -0.694912
89.000000 -42.886102 -0.616755 4.689536 0.007685 0.718958 0.001706 -0.695009
90.000000 -43.706819 -0.621682 4.591867 0.006653 0.718290 0.001719 -0.695709
91.000000 -44.531473 -0.636393 4.545151 0.004448 0.718713 0.002257 -0.695289
92.000000 -45.356316 -0.647535 4.534708 0.002130 0.719197 0.001023 -0.694803
93.000000 -46.180839 -0.645698 4.563888 0.002795 0.720954 -0.000079 -0.692977
94.000000 -47.006952 -0.668936 4.532264 0.005260 0.721737 -0.002961 -0.692141
95.000000 -47.825431 -0.691271 4.521971 0.005839 0.722859 -0.005186 -0.690952
96.000000 -48.635289 -0.719401 4.457136 0.005579 0.723038 -0.004895 -0.690768
97.000000 -49.438894 -0.743425 4.394501 0.005776 0.723381 -0.002548 -0.690420
98.000000 -50.237135 -0.766127 4.329415 0.006858 0.723878 0.000608 -0.689894
99.000000 -51.036145 -0.784779 4.280358 0.008130 0.724471 0.001823 -0.689255
100.000000 -51.831396 -0.790510 4.211108 0.008807 0.724050 0.001838 -0.689688
101.000000 -52.624600 -0.787549 4.134248 0.008868 0.723897 0.001645 -0.689849
102.000000 -53.413020 -0.790531 4.082558 0.008763 0.724102 0.002366 -0.689633
103.000000 -54.196508 -0.794760 4.019857 0.008491 0.724076 0.002670 -0.689663
104.000000 -54.975154 -0.806409 3.941788 0.008845 0.723724 0.000971 -0.690032
105.000000 -55.753123 -0.811835 3.910210 0.009812 0.724348 -0.000255 -0.689364
106.000000 -56.527688 -0.819871 3.853270 0.011489 0.724319 -0.001369 -0.689368
107.000000 -57.292818 -0.841444 3.793507 0.011704 0.724380 -0.002892 -0.689296
108.000000 -58.050381 -0.863164 3.743841 0.011771 0.724907 -0.003306 -0.688738
109.000000 -58.798501 -0.886864 3.684141 0.011126 0.724182 -0.003008 -0.689512
110.000000 -59.531790 -0.901584 3.615811 0.010896 0.723904 -0.001070 -0.689813
111.000000 -60.261662 -0.911799 3.620900 0.009457 0.724402 -0.000236 -0.689313
112.000000 -60.973497 -0.910972 3.591797 0.008681 0.724413 0.000485 -0.689311
113.000000 -61.670350 -0.911482 3.548284 0.008682 0.723352 0.001292 -0.690424
114.000000 -62.349781 -0.918917 3.481686 0.008439 0.721720 0.000692 -0.692133
115.000000 -63.015514 -0.889363 3.444855 0.006542 0.719980 0.000094 -0.693964
116.000000 -63.666809 -0.909146 3.451335 0.006289 0.717652 -0.001253 -0.696373
117.000000 -64.302954 -0.919029 3.435434 0.006963 0.714739 -0.001612 -0.699355
118.000000 -64.923284 -0.922061 3.425673 0.007461 0.710744 -0.001741 -0.703409
119.000000 -65.524357 -0.942709 3.450772 -0.009309 -0.706572 0.001280 0.707578
120.000000 -66.106639 -0.957322 3.403577 -0.009971 -0.700074 0.001573 0.713999
121.000000 -66.667153 -0.967527 3.435545 -0.010540 -0.692615 0.001392 0.721229
122.000000 -67.206270 -0.975389 3.473890 -0.009739 -0.683126 0.002337 0.730232
123.000000 -67.718193 -0.977516 3.541512 -0.008500 -0.672626 0.003164 0.739927
124.000000 -68.212100 -1.014799 3.578840 -0.008342 -0.659172 0.004536 0.751932
125.000000 -68.690233 -1.027808 3.621389 -0.007621 -0.643993 0.005904 0.764971
126.000000 -69.148421 -1.059845 3.671354 -0.007615 -0.627371 0.006980 0.778652
127.000000 -69.593545 -1.056621 3.800763 -0.007269 -0.609019 0.008312 0.793079
128.000000 -70.018757 -1.089848 3.941403 -0.006062 -0.589034 0.010820 0.808013
129.000000 -70.418262 -1.104815 4.150155 -0.002111 -0.568951 0.014099 0.822248
130.000000 -70.768706 -1.122464 4.412069 0.001972 -0.548523 0.017160 0.835957
131.000000 -71.164550 -1.124333 4.616530 0.005394 -0.523554 0.018474 0.851775
132.000000 -71.531757 -1.112860 4.849783 0.006378 -0.499186 0.018036 0.866284
133.000000 -71.866779 -1.147226 5.134822 0.006553 -0.476202 0.019051 0.879105
134.000000 -72.190043 -1.183390 5.431149 0.007952 -0.453798 0.022826 0.890777
135.000000 -72.500274 -1.212102 5.727537 0.010630 -0.430619 0.028030 0.902036
136.000000 -72.797783 -1.225220 6.034471 0.014727 -0.406797 0.028527 0.912954
137.000000 -73.106466 -1.235584 6.314841 0.019819 -0.380464 0.025654 0.924227
138.000000 -73.361313 -1.252158 6.662948 0.026377 -0.354252 0.021898 0.934521
139.000000 -73.593240 -1.271704 7.034059 0.031466 -0.328420 0.018805 0.943820
140.000000 -73.818764 -1.276751 7.439565 0.035054 -0.301355 0.018098 0.952696
141.000000 -74.066026 -1.297087 7.850362 0.037381 -0.273492 0.016958 0.960998
142.000000 -74.273568 -1.346833 8.287703 0.037850 -0.246187 0.012776 0.968399
143.000000 -74.479864 -1.402539 8.753641 0.037418 -0.219997 0.011944 0.974710
144.000000 -74.657826 -1.457230 9.243255 0.036438 -0.196559 0.007640 0.979785
145.000000 -74.814251 -1.507879 9.759010 0.036775 -0.174545 0.004302 0.983953
146.000000 -74.978162 -1.550197 10.294537 0.036011 -0.154873 0.001352 0.987277
147.000000 -75.097440 -1.616594 10.854828 0.034526 -0.140840 0.000343 0.989430
148.000000 -75.283628 -1.668659 11.417538 0.033881 -0.127495 0.000390 0.991260
149.000000 -75.417597 -1.724162 12.010881 0.032247 -0.117310 0.000018 0.992572
150.000000 -75.565730 -1.767155 12.620379 0.030785 -0.108046 -0.001543 0.993668
151.000000 -75.707134 -1.821993 13.243836 0.029563 -0.099630 -0.004026 0.994577
152.000000 -75.813675 -1.878289 13.889941 0.028699 -0.093220 -0.004811 0.995220
153.000000 -75.916764 -1.934222 14.550395 0.028420 -0.086934 -0.003567 0.995802
154.000000 -76.066298 -1.983155 15.218151 0.028446 -0.079302 -0.003688 0.996438
155.000000 -76.142699 -2.031874 15.913535 0.027985 -0.073137 -0.004538 0.996919
156.000000 -76.264623 -2.084421 16.618111 0.027293 -0.065674 -0.006476 0.997447
157.000000 -76.421851 -2.143954 17.322949 0.028551 -0.057595 -0.007345 0.997905
158.000000 -76.493578 -2.211683 18.054628 0.030964 -0.052265 -0.008896 0.998113
159.000000 -76.539362 -2.273458 18.797406 0.033907 -0.048180 -0.006998 0.998238
160.000000 -76.642145 -2.328660 19.551293 0.033578 -0.043407 -0.007068 0.998468
161.000000 -76.734506 -2.393274 20.318810 0.030354 -0.039657 -0.007571 0.998724
162.000000 -76.789228 -2.450655 21.094082 0.026287 -0.037954 -0.009317 0.998890
163.000000 -76.834350 -2.525309 21.866663 0.024015 -0.037052 -0.007677 0.998995
164.000000 -76.871373 -2.562515 22.634168 0.025209 -0.035132 -0.007435 0.999037
165.000000 -76.955546 -2.616204 23.397990 0.025721 -0.032888 -0.008510 0.999092
166.000000 -77.022695 -2.664763 24.166961 0.024486 -0.031493 -0.008174 0.999171
167.000000 -77.096439 -2.707718 24.934911 0.023201 -0.030275 -0.005608 0.999257
168.000000 -77.171361 -2.755568 25.703005 0.022429 -0.028102 -0.004878 0.999341
169.000000 -77.214581 -2.815769 26.464388 0.023826 -0.026803 -0.004347 0.999347
170.000000 -77.257938 -2.872224 27.223680 0.027407 -0.026562 -0.005774 0.999255
171.000000 -77.306860 -2.917132 27.982927 0.031434 -0.025683 -0.006482 0.999155
172.000000 -77.381081 -2.976604 28.735775 0.033510 -0.024204 -0.007176 0.999119
173.000000 -77.419042 -3.052200 29.500495 0.032071 -0.022571 -0.007788 0.999200
174.000000 -77.480733 -3.117924 30.256833 0.030145 -0.020506 -0.009544 0.999290
175.000000 -77.554413 -3.180402 31.011926 0.027432 -0.019632 -0.011528 0.999364
176.000000 -77.586766 -3.227661 31.764415 0.026829 -0.018953 -0.010359 0.999407
177.000000 -77.615609 -3.269049 32.512902 0.027824 -0.017890 -0.008624 0.999416
178.000000 -77.608606 -3.338176 33.263332 0.027367 -0.018681 -0.007158 0.999425
179.000000 -77.637804 -3.401679 34.014550 0.028102 -0.018116 -0.006666 0.999419
180.000000 -77.666774 -3.471916 34.767731 0.027829 -0.017315 -0.005579 0.999447
181.000000 -77.700592 -3.527867 35.529241 0.027731 -0.017351 -0.004700 0.999454
182.000000 -77.719533 -3.571219 36.296401 0.028150 -0.017443 -0.005316 0.999437
183.000000 -77.719736 -3.610618 37.067402 0.029028 -0.017725 -0.005750 0.999405
184.000000 -77.770640 -3.663684 37.841908 0.029351 -0.018537 -0.005683 0.999381
185.000000 -77.805715 -3.738079 38.624026 0.028719 -0.019403 -0.004110 0.999391
186.000000 -77.869988 -3.779275 39.408616 0.029228 -0.019930 -0.005209 0.999361
187.000000 -77.900900 -3.841087 40.204369 0.029462 -0.022184 -0.006433 0.999299
188.000000 -77.920441 -3.906038 40.998347 0.031662 -0.024522 -0.005723 0.999181
189.000000 -77.983974 -3.970484 41.793685 0.033315 -0.024965 -0.007834 0.999102
190.000000 -77.980396 -4.046186 42.603408 0.033812 -0.026643 -0.007353 0.999046
191.000000 -78.056078 -4.095626 43.419785 0.033761 -0.027809 -0.007415 0.999015
192.000000 -78.098192 -4.176521 44.247847 0.032946 -0.028688 -0.007180 0.999020
193.000000 -78.132315 -4.241515 45.083120 0.032613 -0.029636 -0.006501 0.999007
194.000000 -78.170619 -4.314267 45.925693 0.031030 -0.030968 -0.006265 0.999019
195.000000 -78.234909 -4.362703 46.775494 0.029871 -0.031610 -0.005608 0.999038
196.000000 -78.275171 -4.431582 47.629048 0.028637 -0.032295 -0.005276 0.999054
197.000000 -78.356061 -4.496329 48.485897 0.028604 -0.031151 -0.006721 0.999083
198.000000 -78.397283 -4.571875 49.345250 0.028904 -0.030613 -0.005833 0.999096
199.000000 -78.429965 -4.632563 50.208918 0.030201 -0.029927 -0.004800 0.999084
200.000000 -78.459439 -4.715878 51.075353 0.030768 -0.029492 -0.002430 0.999088
201.000000 -78.537899 -4.785059 51.941878 0.030810 -0.028756 -0.001541 0.999110
202.000000 -78.597640 -4.846039 52.817210 0.029979 -0.027685 -0.000670 0.999167
203.000000 -78.647521 -4.909997 53.693019 0.028969 -0.027008 0.001281 0.999215
204.000000 -78.715591 -4.977423 54.563340 0.029160 -0.026785 0.000957 0.999215
205.000000 -78.798381 -5.049927 55.426268 0.030718 -0.026565 0.000785 0.999175
206.000000 -78.831037 -5.105537 56.284931 0.034441 -0.026522 -0.001004 0.999054
207.000000 -78.908085 -5.185266 57.139312 0.036523 -0.025601 -0.002745 0.999001
208.000000 -78.996516 -5.254291 57.987305 0.040164 -0.024431 -0.006305 0.998874
209.000000 -79.078505 -5.337598 58.835485 0.040221 -0.023057 -0.006417 0.998904
210.000000 -79.095894 -5.403753 59.686773 0.038011 -0.024700 -0.004193 0.998963
211.000000 -79.152208 -5.483683 60.540109 0.033706 -0.024956 -0.003398 0.999114
212.000000 -79.180976 -5.541933 61.391447 0.031092 -0.027075 -0.002173 0.999147
213.000000 -79.220989 -5.613836 62.224963 0.032510 -0.028826 -0.001419 0.999055
214.000000 -79.274571 -5.700740 63.050381 0.033631 -0.028980 0.000920 0.999014
215.000000 -79.299146 -5.766491 63.879717 0.034885 -0.031288 0.002556 0.998898
216.000000 -79.370463 -5.859436 64.698152 0.035224 -0.032555 0.001288 0.998848
217.000000 -79.456752 -5.932828 65.512078 0.036690 -0.033882 -0.001138 0.998751
218.000000 -79.522103 -6.017821 66.322655 0.037648 -0.036556 -0.001147 0.998622
219.000000 -79.620193 -6.104332 67.124453 0.039267 -0.037926 -0.002237 0.998506
220.000000 -79.692985 -6.179316 67.931182 0.039569 -0.039309 -0.004165 0.998435
221.000000 -79.767726 -6.249733 68.736876 0.038766 -0.041027 -0.005046 0.998393
222.000000 -79.856898 -6.318094 69.540528 0.036622 -0.042557 -0.005408 0.998408
223.000000 -79.933379 -6.387374 70.343313 0.034401 -0.045078 -0.004366 0.998381
224.000000 -80.004939 -6.440715 71.140019 0.033749 -0.047793 -0.003802 0.998280
225.000000 -80.103252 -6.504380 71.926098 0.033598 -0.050963 -0.004131 0.998127
226.000000 -80.215623 -6.576523 72.711694 0.031115 -0.053849 -0.003349 0.998059
227.000000 -80.328839 -6.648280 73.488071 0.031079 -0.056485 -0.003240 0.997914
228.000000 -80.456992 -6.727118 74.254533 0.030916 -0.059458 -0.005768 0.997735
229.000000 -80.598238 -6.789875 75.016167 0.032311 -0.061801 -0.007831 0.997535
230.000000 -80.714749 -6.845661 75.777230 0.034432 -0.064702 -0.007890 0.997279
231.000000 -80.850327 -6.909443 76.536092 0.035162 -0.066462 -0.009686 0.997122
232.000000 -80.978607 -6.968824 77.294260 0.033150 -0.068796 -0.010505 0.997025
233.000000 -81.131095 -7.031108 78.046828 0.031095 -0.071339 -0.010646 0.996911
234.000000 -81.258605 -7.097526 78.797160 0.030437 -0.074913 -0.009983 0.996675
235.000000 -81.410512 -7.171863 79.533901 0.031948 -0.077290 -0.009478 0.996452
236.000000 -81.538388 -7.231691 80.272040 0.035531 -0.081560 -0.009012 0.995994
237.000000 -81.695496 -7.287559 81.006537 0.036893 -0.085947 -0.007576 0.995588
238.000000 -81.875084 -7.356207 81.738692 0.035666 -0.091062 -0.006849 0.995183
239.000000 -82.030877 -7.420921 82.475613 0.032828 -0.097487 -0.005876 0.994678
240.000000 -82.205949 -7.484142 83.211775 0.029386 -0.103398 -0.005485 0.994191
241.000000 -82.376873 -7.550944 83.941373 0.027882 -0.108485 -0.005129 0.993694
242.000000 -82.566354 -7.574007 84.656451 0.031100 -0.113890 -0.009010 0.992966
243.000000 -82.780234 -7.644764 85.353431 0.035237 -0.119279 -0.010198 0.992183
244.000000 -82.979353 -7.706441 86.060957 0.037343 -0.125600 -0.009903 0.991328
245.000000 -83.179378 -7.768603 86.782661 0.035421 -0.132489 -0.008011 0.990519
246.000000 -83.394899 -7.843494 87.504097 0.031858 -0.138547 -0.006681 0.989821
247.000000 -83.602659 -7.904502 88.228637 0.029573 -0.144680 -0.004600 0.989026
248.000000 -83.843342 -7.967847 88.933496 0.030859 -0.150559 -0.003585 0.988113
249.000000 -84.112049 -8.023852 89.627149 0.033648 -0.155988 -0.003467 0.987180
250.000000 -84.330571 -8.090556 90.338255 0.037059 -0.160961 -0.003700 0.986258
251.000000 -84.593369 -8.153812 91.034641 0.039853 -0.165156 -0.003025 0.985457
252.000000 -84.857930 -8.234233 91.734776 0.040533 -0.169272 -0.003052 0.984731
253.000000 -85.149266 -8.293189 92.429722 0.040521 -0.172554 -0.006593 0.984144
254.000000 -85.413647 -8.367724 93.129832 0.039189 -0.177515 -0.006632 0.983315
255.000000 -85.690984 -8.438906 93.834478 0.035945 -0.182163 -0.004779 0.982600
256.000000 -85.971593 -8.499951 94.542985 0.032434 -0.186746 -0.003593 0.981866
257.000000 -86.292753 -8.574740 95.233851 0.028308 -0.190117 -0.007066 0.981328
258.000000 -86.572912 -8.629093 95.936870 0.029324 -0.194075 -0.011534 0.980481
259.000000 -86.902136 -8.684725 96.611565 0.033221 -0.196465 -0.012086 0.979873
260.000000 -87.208917 -8.742670 97.299336 0.037295 -0.198823 -0.010900 0.979265
261.000000 -87.550479 -8.809343 97.978644 0.037373 -0.200301 -0.011499 0.978954
262.000000 -87.887325 -8.882793 98.672019 0.034024 -0.202096 -0.013060 0.978687
263.000000 -88.205023 -8.961756 99.373815 0.031734 -0.204992 -0.012251 0.978172
264.000000 -88.510581 -9.026645 100.080446 0.033478 -0.207248 -0.010238 0.977662
265.000000 -88.835863 -9.086790 100.769728 0.036342 -0.209213 -0.011129 0.977131
266.000000 -89.192611 -9.173267 101.441455 0.038605 -0.210364 -0.012000 0.976787
267.000000 -89.530227 -9.248106 102.127564 0.038544 -0.212577 -0.012677 0.976301
268.000000 -89.882188 -9.314501 102.816530 0.036438 -0.214483 -0.013470 0.975955
269.000000 -90.190381 -9.377805 103.521860 0.035889 -0.217381 -0.013114 0.975339
270.000000 -90.529571 -9.447166 104.207972 0.035423 -0.220056 -0.012906 0.974758
271.000000 -90.840904 -9.503611 104.904207 0.036480 -0.224031 -0.011878 0.973827
272.000000 -91.185907 -9.561374 105.581106 0.037198 -0.225671 -0.011404 0.973426
273.000000 -91.509810 -9.635574 106.265110 0.036838 -0.227917 -0.010153 0.972930
274.000000 -91.830604 -9.705161 106.949907 0.036310 -0.231489 -0.010443 0.972104
275.000000 -92.185964 -9.789562 107.609658 0.035571 -0.233325 -0.010389 0.971692
276.000000 -92.544585 -9.863121 108.257615 0.037277 -0.235498 -0.010228 0.971106
277.000000 -92.879442 -9.917021 108.915748 0.040345 -0.238458 -0.010385 0.970259
278.000000 -93.213851 -9.975858 109.567281 0.042103 -0.241522 -0.010300 0.969427
279.000000 -93.561210 -10.031277 110.221035 0.040903 -0.243813 -0.009682 0.968911
280.000000 -93.879041 -10.087366 110.883450 0.037611 -0.247749 -0.007387 0.968066
281.000000 -94.257284 -10.163473 111.502513 0.032923 -0.247939 -0.005025 0.968203
282.000000 -94.604239 -10.216175 112.121786 0.031777 -0.250014 -0.003066 0.967716
283.000000 -94.900900 -10.294986 112.745946 0.032224 -0.251913 -0.001705 0.967212
284.000000 -95.204786 -10.380538 113.343223 0.033207 -0.254266 -0.001268 0.966563
285.000000 -95.559766 -10.441538 113.897596 0.034273 -0.254596 -0.001327 0.966439
286.000000 -95.949740 -10.477822 114.412445 0.035575 -0.254236 -0.001455 0.966486
287.000000 -96.236896 -10.523836 114.967922 0.035847 -0.256873 -0.000589 0.965780
288.000000 -96.595965 -10.577169 115.458054 0.035773 -0.256043 -0.000894 0.966003
289.000000 -96.891061 -10.630396 115.965190 0.035170 -0.257917 -0.000205 0.965527
290.000000 -97.165725 -10.686999 116.453158 0.035374 -0.259917 0.000468 0.964983
291.000000 -97.436273 -10.719793 116.918552 0.035990 -0.261508 0.001777 0.964528
292.000000 -97.725044 -10.778449 117.340169 0.036239 -0.261613 0.002858 0.964488
293.000000 -97.974849 -10.848050 117.760351 0.036665 -0.263352 0.001686 0.964001
294.000000 -98.229214 -10.887570 118.155011 0.038658 -0.264537 0.000792 0.963600
295.000000 -98.440045 -10.911791 118.553693 0.040292 -0.267155 0.001721 0.962809
296.000000 -98.671571 -10.947530 118.922145 0.041078 -0.269281 0.004030 0.962177
297.000000 -98.902338 -10.979366 119.266594 0.040811 -0.271979 0.003971 0.961429
298.000000 -99.144199 -10.984965 119.583276 0.040738 -0.274805 0.003109 0.960632
299.000000 -99.370548 -11.057303 119.879973 0.037408 -0.277406 0.002285 0.960022
300.000000 -99.494455 -11.131242 120.212602 0.033023 -0.283653 0.002697 0.958354
301.000000 -99.708356 -11.169766 120.473895 0.030899 -0.286174 0.003678 0.957672
302.000000 -99.895666 -11.189878 120.729104 0.031265 -0.290221 0.006091 0.956429
303.000000 -100.037418 -11.210855 120.994990 0.031658 -0.296605 0.007945 0.954442
304.000000 -100.170181 -11.226713 121.246452 0.032111 -0.305444 0.009948 0.951617
305.000000 -100.317718 -11.303566 121.459597 0.030416 -0.313533 0.010726 0.949029
306.000000 -100.486396 -11.294122 121.649230 0.031153 -0.322861 0.009519 0.945886
307.000000 -100.622522 -11.355919 121.840831 0.031451 -0.333554 0.009606 0.942157
308.000000 -100.774551 -11.376894 122.009684 0.033442 -0.344604 0.008499 0.938114
309.000000 -100.938071 -11.417307 122.143048 0.035247 -0.354121 0.008632 0.934495
310.000000 -101.090511 -11.417857 122.293325 0.036588 -0.364427 0.006018 0.930493
311.000000 -101.243672 -11.423783 122.447040 0.036721 -0.375796 0.002397 0.925972
312.000000 -101.390061 -11.473176 122.594314 0.034938 -0.388262 0.002110 0.920884
313.000000 -101.542824 -11.472877 122.752157 0.035679 -0.400744 0.004104 0.915486
314.000000 -101.710031 -11.510866 122.887692 0.035060 -0.413130 0.006515 0.909973
315.000000 -101.902221 -11.531568 122.977089 0.033879 -0.424250 0.007323 0.904882
316.000000 -102.092112 -11.537324 123.086805 0.031824 -0.437942 0.006768 0.898414
317.000000 -102.243421 -11.542226 123.236907 0.030308 -0.453998 0.006702 0.890462
318.000000 -102.434825 -11.563828 123.336770 0.028674 -0.467122 0.006833 0.883701
319.000000 -102.608519 -11.610000 123.457686 0.026183 -0.481566 0.006746 0.875993
320.000000 -102.804879 -11.613533 123.534232 0.024219 -0.494861 0.005514 0.868617
321.000000 -103.003686 -11.632636 123.619125 0.022419 -0.508672 0.005238 0.860653
322.000000 -103.203537 -11.655246 123.707140 0.022128 -0.522833 0.005540 0.852130
323.000000 -103.410681 -11.654135 123.789216 0.024082 -0.538256 0.004423 0.842426
324.000000 -103.656066 -11.681262 123.837527 0.025822 -0.552923 0.004128 0.832822
325.000000 -103.889598 -11.691432 123.950246 0.026913 -0.571681 0.003691 0.820026
326.000000 -104.172427 -11.723749 124.002218 0.026288 -0.588911 0.004220 0.807759
327.000000 -104.469629 -11.738293 124.062258 0.027643 -0.607452 0.004532 0.793862
328.000000 -104.775097 -11.753319 124.074940 0.028308 -0.625239 0.003824 0.779911
329.000000 -105.107208 -11.745437 124.111760 0.029540 -0.644469 0.002938 0.764054
330.000000 -105.457424 -11.753355 124.093442 0.030019 -0.662453 0.002910 0.748496
331.000000 -105.800191 -11.785347 124.084375 0.029472 -0.681638 0.005526 0.731075
332.000000 -106.169525 -11.808887 124.027445 0.028648 -0.699633 0.007307 0.713890
333.000000 -106.535809 -11.818122 123.980090 -0.028292 0.717871 -0.008314 -0.695552
334.000000 -106.927473 -11.833335 123.912857 -0.028941 0.735946 -0.010947 -0.676332
335.000000 -107.328202 -11.887260 123.843675 -0.028336 0.753882 -0.013565 -0.656259
336.000000 -107.716277 -11.840494 123.723435 -0.027029 0.770148 -0.011518 -0.637189
337.000000 -108.132679 -11.858281 123.591176 -0.027331 0.786415 -0.012949 -0.616958
338.000000 -108.562405 -11.894251 123.455982 -0.028357 0.801916 -0.015156 -0.596571
339.000000 -108.990326 -11.906346 123.272124 -0.029651 0.815933 -0.016455 -0.577151
340.000000 -109.428592 -11.915342 123.052884 -0.030346 0.828715 -0.017201 -0.558582
341.000000 -109.892680 -11.968158 122.869607 -0.030846 0.842519 -0.019437 -0.537431
342.000000 -110.341593 -12.007012 122.599380 -0.030945 0.853785 -0.021004 -0.519280
343.000000 -110.797141 -12.061129 122.298318 -0.030736 0.863097 -0.022634 -0.503593
344.000000 -111.253874 -12.109406 121.972881 -0.029047 0.871073 -0.022695 -0.489768
345.000000 -111.717970 -12.144635 121.616138 -0.027533 0.877121 -0.022210 -0.478964
346.000000 -112.196176 -12.187585 121.258154 -0.026351 0.881776 -0.021657 -0.470433
347.000000 -112.691142 -12.207997 120.882510 -0.024776 0.885618 -0.020820 -0.463286
348.000000 -113.215151 -12.247138 120.518394 -0.024383 0.888878 -0.021134 -0.457007
349.000000 -113.760403 -12.276912 120.148999 -0.025059 0.891869 -0.021565 -0.451084
350.000000 -114.338932 -12.308302 119.800058 -0.025912 0.894913 -0.022090 -0.444939
351.000000 -114.887171 -12.366779 119.382776 -0.025614 0.897169 -0.022936 -0.440348
352.000000 -115.462192 -12.404441 118.973000 -0.025538 0.899094 -0.022508 -0.436431
353.000000 -116.037127 -12.477660 118.541441 -0.024969 0.900529 -0.023371 -0.433450
354.000000 -116.623749 -12.536013 118.092202 -0.025713 0.901669 -0.024564 -0.430962
355.000000 -117.172218 -12.601251 117.581560 -0.025437 0.901799 -0.024755 -0.430696
356.000000 -117.778534 -12.654316 117.104577 -0.025685 0.902375 -0.025082 -0.429455
357.000000 -118.359676 -12.721610 116.580897 -0.025168 0.902072 -0.024696 -0.430142
358.000000 -118.951272 -12.786119 116.041820 -0.024664 0.901964 -0.023569 -0.430461
359.000000 -119.589295 -12.815639 115.528231 -0.026407 0.902373 -0.023113 -0.429525
360.000000 -120.226905 -12.883330 114.992035 -0.025979 0.902655 -0.023423 -0.428942
361.000000 -120.858761 -12.928449 114.431797 -0.024993 0.902420 -0.023621 -0.429483
362.000000 -121.513890 -12.993360 113.875254 -0.024442 0.902565 -0.024353 -0.429169
363.000000 -122.180109 -13.091919 113.328462 -0.023906 0.902510 -0.024542 -0.429305
364.000000 -122.856392 -13.161854 112.767536 -0.024134 0.902984 -0.023095 -0.428373
365.000000 -123.534874 -13.230173 112.188928 -0.024414 0.902907 -0.022677 -0.428542
366.000000 -124.239307 -13.303180 111.617067 -0.025246 0.903190 -0.023151 -0.427873
367.000000 -124.983533 -13.395302 111.078004 -0.025972 0.904112 -0.023809 -0.425841
368.000000 -125.680244 -13.467593 110.463921 -0.026496 0.904285 -0.022311 -0.425523
369.000000 -126.398208 -13.518132 109.855369 -0.026518 0.904458 -0.019186 -0.425305
370.000000 -127.113481 -13.583573 109.229328 -0.026171 0.904437 -0.017302 -0.425453
371.000000 -127.842042 -13.667295 108.598273 -0.026020 0.904440 -0.017599 -0.425443
372.000000 -128.587631 -13.735092 107.968183 -0.025632 0.904435 -0.018188 -0.425452
373.000000 -129.348592 -13.770116 107.340428 -0.023781 0.904680 -0.017538 -0.425066
374.000000 -130.103526 -13.865499 106.715588 -0.024592 0.904670 -0.020161 -0.424925
375.000000 -130.864606 -13.930714 106.086533 -0.024524 0.905009 -0.020648 -0.424182
376.000000 -131.618597 -14.007509 105.452511 -0.024013 0.905113 -0.020516 -0.423995
377.000000 -132.370547 -14.094487 104.815587 -0.024757 0.904910 -0.021774 -0.424325
378.000000 -133.132747 -14.164544 104.189850 -0.024153 0.905840 -0.020764 -0.422422
379.000000 -133.914983 -14.244006 103.586188 -0.024337 0.906673 -0.021532 -0.420580
380.000000 -134.635977 -14.349681 102.903616 -0.022712 0.906404 -0.022704 -0.421190
381.000000 -135.377364 -14.430877 102.250062 -0.021864 0.906675 -0.022692 -0.420651
382.000000 -136.121595 -14.509398 101.595841 -0.022173 0.906783 -0.022404 -0.420418
383.000000 -136.883316 -14.578913 100.952796 -0.023625 0.907041 -0.022446 -0.419780
384.000000 -137.621235 -14.661445 100.298030 -0.024491 0.906845 -0.022913 -0.420127
385.000000 -138.385905 -14.719692 99.660416 -0.026118 0.907293 -0.023357 -0.419036
386.000000 -139.136064 -14.792184 99.017492 -0.026504 0.907703 -0.023299 -0.418127
387.000000 -139.898616 -14.894348 98.392104 -0.026193 0.908584 -0.023587 -0.416212
388.000000 -140.650193 -14.970867 97.757156 -0.026163 0.909139 -0.022577 -0.415057
389.000000 -141.401516 -15.054900 97.111540 -0.026236 0.909723 -0.022661 -0.413767
390.000000 -142.157360 -15.146927 96.470437 -0.024700 0.910066 -0.022162 -0.413134
391.000000 -142.927863 -15.234183 95.853666 -0.024417 0.910398 -0.021948 -0.412429
392.000000 -143.667125 -15.337530 95.207289 -0.024840 0.910346 -0.022082 -0.412512
393.000000 -144.405166 -15.413037 94.557126 -0.024938 0.910085 -0.021217 -0.413126
394.000000 -145.145060 -15.490838 93.903833 -0.025622 0.909664 -0.021918 -0.413974
395.000000 -145.864735 -15.601340 93.227679 -0.025684 0.909094 -0.023763 -0.415120
396.000000 -146.619056 -15.680725 92.590266 -0.025516 0.909057 -0.026793 -0.415025
397.000000 -147.355153 -15.760356 91.924213 -0.025691 0.908747 -0.029959 -0.415477
398.000000 -148.078335 -15.861853 91.260984 -0.025421 0.908523 -0.030504 -0.415945
399.000000 -148.799415 -15.953870 90.600157 -0.025929 0.908279 -0.028294 -0.416601
400.000000 -149.498335 -16.040301 89.916387 -0.025970 0.907834 -0.025705 -0.417735
401.000000 -150.241007 -16.134338 89.277654 -0.026526 0.907720 -0.026449 -0.417902
402.000000 -150.979509 -16.223563 88.628091 -0.025284 0.907985 -0.028242 -0.417283
403.000000 -151.665763 -16.333705 87.935250 -0.025953 0.907316 -0.029982 -0.418576
404.000000 -152.379422 -16.435517 87.276668 -0.025949 0.907023 -0.029463 -0.419246
405.000000 -153.110298 -16.508939 86.635698 -0.026199 0.907456 -0.027711 -0.418413
406.000000 -153.831288 -16.621699 85.990292 -0.026378 0.907345 -0.029189 -0.418542
407.000000 -154.541921 -16.716781 85.330643 -0.025251 0.907196 -0.030767 -0.418821
408.000000 -155.292655 -16.806873 84.721860 -0.025142 0.907810 -0.032352 -0.417376
409.000000 -156.023816 -16.920826 84.095760 -0.025182 0.908115 -0.033403 -0.416626
410.000000 -156.749004 -17.004855 83.472363 -0.025905 0.908478 -0.032357 -0.415871
411.000000 -157.481896 -17.084996 82.869847 -0.026856 0.909361 -0.031312 -0.413958
412.000000 -158.208471 -17.168536 82.260138 -0.026363 0.909717 -0.029935 -0.413309
413.000000 -158.908672 -17.274796 81.627243 -0.025370 0.909614 -0.029485 -0.413631
414.000000 -159.611676 -17.370710 80.996898 -0.024472 0.909715 -0.028850 -0.413505
415.000000 -160.312405 -17.471866 80.369359 -0.023334 0.909685 -0.028952 -0.413631
416.000000 -161.037402 -17.560214 79.771381 -0.022536 0.910086 -0.028873 -0.412799
417.000000 -161.735201 -17.659916 79.147496 -0.023323 0.910106 -0.029247 -0.412685
418.000000 -162.420577 -17.760044 78.515905 -0.022812 0.909941 -0.028715 -0.413113
419.000000 -163.116202 -17.833793 77.893591 -0.023534 0.909809 -0.027373 -0.413454
420.000000 -163.800678 -17.909973 77.261875 -0.024023 0.909471 -0.026947 -0.414197
421.000000 -164.498616 -17.996154 76.650152 -0.025232 0.909636 -0.028149 -0.413683
422.000000 -165.198642 -18.079719 76.046019 -0.025616 0.909695 -0.028366 -0.413514
423.000000 -165.857890 -18.171435 75.404930 -0.025638 0.909101 -0.026932 -0.414913
424.000000 -166.559206 -18.235800 74.815731 -0.027074 0.909795 -0.024732 -0.413434
425.000000 -167.221323 -18.315486 74.196605 -0.026994 0.909669 -0.023462 -0.413791
426.000000 -167.898038 -18.390657 73.607693 -0.025791 0.909828 -0.023147 -0.413535
427.000000 -168.571533 -18.451795 73.029926 -0.025245 0.910345 -0.022855 -0.412446
428.000000 -169.233966 -18.526995 72.452913 -0.025798 0.910679 -0.022647 -0.411686
429.000000 -169.839778 -18.616210 71.842428 -0.025992 0.910222 -0.022822 -0.412673
430.000000 -170.474015 -18.673527 71.272874 -0.026171 0.910114 -0.022351 -0.412926
431.000000 -171.121444 -18.726374 70.739927 -0.026338 0.910648 -0.021981 -0.411757
432.000000 -171.724104 -18.808735 70.179571 -0.025729 0.910783 -0.022014 -0.411494
433.000000 -172.334480 -18.871061 69.637811 -0.024924 0.910918 -0.021696 -0.411262
434.000000 -172.943647 -18.953896 69.115070 -0.027310 0.911323 -0.022483 -0.410170
435.000000 -173.532608 -19.032444 68.581583 -0.027416 0.911328 -0.023954 -0.410068
436.000000 -174.098599 -19.099082 68.036426 -0.027074 0.910830 -0.025249 -0.411119
437.000000 -174.651844 -19.180634 67.501544 -0.026712 0.910821 -0.026092 -0.411109
438.000000 -175.184605 -19.238068 66.965460 -0.026375 0.910368 -0.026321 -0.412118
439.000000 -175.700254 -19.312557 66.435327 -0.026941 0.910020 -0.026980 -0.412808
440.000000 -176.235175 -19.384489 65.948039 -0.027728 0.909944 -0.027841 -0.412866
441.000000 -176.749925 -19.437156 65.448910 -0.027645 0.909908 -0.027442 -0.412977
442.000000 -177.254212 -19.519747 64.979676 -0.028852 0.909901 -0.028283 -0.412852
443.000000 -177.749972 -19.619436 64.516353 -0.029510 0.910394 -0.029044 -0.411666
444.000000 -178.255216 -19.696113 64.079896 -0.031763 0.911705 -0.029494 -0.408552
445.000000 -178.728061 -19.793342 63.628310 -0.033531 0.912988 -0.031123 -0.405414
446.000000 -179.217597 -19.871131 63.211196 -0.035018 0.915373 -0.032263 -0.399782
447.000000 -179.665881 -19.920224 62.760232 -0.035457 0.917360 -0.032444 -0.395147
448.000000 -180.150978 -20.010988 62.373834 -0.036114 0.920541 -0.033783 -0.387503
449.000000 -180.572439 -20.087710 61.927622 -0.037275 0.923626 -0.035041 -0.379866
450.000000 -180.980093 -20.176649 61.480861 -0.038974 0.926813 -0.036996 -0.371658
451.000000 -181.300864 -20.240736 60.977347 -0.039724 0.930233 -0.037870 -0.362841
452.000000 -181.667064 -20.297569 60.515516 -0.039209 0.934770 -0.039099 -0.350911
453.000000 -181.982423 -20.345697 60.038268 -0.036306 0.939292 -0.039502 -0.338897
454.000000 -182.267101 -20.409166 59.554388 -0.033919 0.943974 -0.040217 -0.325798
455.000000 -182.572121 -20.465454 59.093230 -0.031989 0.949493 -0.041033 -0.309446
456.000000 -182.794754 -20.510009 58.600249 -0.029326 0.954615 -0.041606 -0.293461
457.000000 -183.064698 -20.552938 58.138132 -0.028168 0.960438 -0.043285 -0.273662
458.000000 -183.314703 -20.629662 57.683739 -0.023924 0.966530 -0.044533 -0.251525
459.000000 -183.464562 -20.707704 57.202929 -0.019238 0.971857 -0.044356 -0.230557
460.000000 -183.625609 -20.742369 56.726620 -0.012067 0.977088 -0.041692 -0.208365
461.000000 -183.782928 -20.782936 56.257167 -0.007663 0.981883 -0.040051 -0.185050
462.000000 -183.861214 -20.828213 55.773582 -0.003944 0.985771 -0.038070 -0.163677
463.000000 -183.985466 -20.875896 55.304609 -0.001908 0.989610 -0.037633 -0.138755
464.000000 -184.062971 -20.913533 54.824081 0.000607 0.992714 -0.037792 -0.114411
465.000000 -184.126123 -20.930230 54.344701 0.001945 0.995269 -0.037881 -0.089448
466.000000 -184.126961 -20.984067 53.865790 0.007677 0.997034 -0.039481 -0.065618
467.000000 -184.085211 -21.034715 53.381670 0.014378 0.998085 -0.041704 -0.043356
468.000000 -184.043042 -21.095275 52.913804 0.016569 0.998727 -0.043452 -0.019526
469.000000 -184.038593 -21.155249 52.453194 0.015547 0.998908 -0.043400 0.007628
470.000000 -184.019303 -21.239181 51.991154 0.012075 0.998355 -0.043801 0.034960
471.000000 -183.887853 -21.315120 51.560154 0.010255 0.997304 -0.043273 0.058371
472.000000 -183.814805 -21.381753 51.105017 0.010675 0.995469 -0.042970 0.084152
473.000000 -183.670487 -21.414958 50.682183 0.013586 0.993140 -0.041556 0.108453
474.000000 -183.522045 -21.461273 50.267280 0.014445 0.990171 -0.041089 0.132911
475.000000 -183.370238 -21.508462 49.838084 0.013001 0.986532 -0.040842 0.157856
476.000000 -183.167374 -21.555405 49.437758 0.013267 0.982704 -0.040654 0.180176
477.000000 -182.967663 -21.592447 49.010164 0.015419 0.978277 -0.041630 0.202493
478.000000 -182.713532 -21.635817 48.618683 0.017275 0.974020 -0.043787 0.221516
479.000000 -182.499921 -21.697598 48.202319 0.016290 0.969452 -0.045525 0.240468
480.000000 -182.239854 -21.753616 47.805685 0.014994 0.965359 -0.045777 0.256439
481.000000 -181.979614 -21.798644 47.410811 0.016255 0.961501 -0.045710 0.270486
482.000000 -181.703690 -21.851602 47.015883 0.018389 0.957797 -0.046630 0.283041
483.000000 -181.448955 -21.912845 46.605521 0.018824 0.954432 -0.046566 0.294171
484.000000 -181.158043 -21.963064 46.208478 0.019333 0.951922 -0.046346 0.302196
485.000000 -180.869069 -22.017391 45.802333 0.019862 0.949500 -0.045615 0.309796
486.000000 -180.538527 -22.086035 45.420229 0.021739 0.948050 -0.045734 0.314064
487.000000 -180.200313 -22.145666 45.032765 0.023392 0.947075 -0.045048 0.316973
488.000000 -179.862069 -22.209013 44.634147 0.024198 0.945992 -0.044458 0.320215
489.000000 -179.523816 -22.260461 44.217963 0.023313 0.945111 -0.043628 0.322984
490.000000 -179.191753 -22.317850 43.784781 0.022262 0.944345 -0.042518 0.325435
491.000000 -178.840748 -22.382510 43.351954 0.024112 0.943634 -0.042308 0.327390
492.000000 -178.470195 -22.442550 42.920771 0.026373 0.943553 -0.042498 0.327424
493.000000 -178.108316 -22.507206 42.455756 0.027796 0.942878 -0.043340 0.329135
494.000000 -177.732969 -22.577642 41.991013 0.026592 0.942822 -0.043297 0.329401
495.000000 -177.343852 -22.654851 41.515950 0.024654 0.943056 -0.042992 0.328921
496.000000 -176.955453 -22.740064 41.023538 0.024413 0.943060 -0.042854 0.328946
497.000000 -176.553272 -22.809622 40.522002 0.026502 0.942940 -0.041156 0.329344
498.000000 -176.144156 -22.898639 40.015426 0.026893 0.943170 -0.039028 0.328913
499.000000 -175.724056 -22.961372 39.490084 0.027384 0.943217 -0.036619 0.329015
500.000000 -175.298656 -23.033112 38.940333 0.026527 0.943455 -0.036273 0.328440
501.000000 -174.839791 -23.096523 38.396523 0.027680 0.943679 -0.037574 0.327555
502.000000 -174.378447 -23.166127 37.833889 0.030577 0.943737 -0.039829 0.326864
503.000000 -173.923845 -23.258511 37.247652 0.032126 0.943478 -0.041111 0.327302
504.000000 -173.417886 -23.355013 36.686197 0.032471 0.943543 -0.042234 0.326938
505.000000 -172.927453 -23.428616 36.076810 0.032531 0.943473 -0.043531 0.326964
506.000000 -172.438909 -23.512762 35.446520 0.031175 0.943472 -0.044996 0.326901
507.000000 -171.912085 -23.630288 34.834926 0.032730 0.943342 -0.046784 0.326873
508.000000 -171.383610 -23.736141 34.208324 0.034075 0.943207 -0.045712 0.327276
509.000000 -170.873800 -23.809142 33.550384 0.034969 0.943387 -0.043336 0.326987
510.000000 -170.352066 -23.927119 32.882385 0.032860 0.943071 -0.043682 0.328069
511.000000 -169.772205 -24.038380 32.244567 0.030650 0.943227 -0.046066 0.327508
512.000000 -169.212057 -24.139798 31.576643 0.028846 0.943327 -0.046442 0.327331
513.000000 -168.672591 -24.256822 30.884054 0.028333 0.943133 -0.045976 0.328000
514.000000 -168.125353 -24.391389 30.185216 0.026889 0.943134 -0.044167 0.328365
515.000000 -167.546442 -24.528458 29.501631 0.024856 0.943046 -0.042111 0.329050
516.000000 -166.950892 -24.641313 28.814895 0.025774 0.943322 -0.041924 0.328209
517.000000 -166.370061 -24.757659 28.102109 0.026796 0.943331 -0.042433 0.328035
518.000000 -165.789157 -24.873950 27.375523 0.026120 0.943467 -0.044093 0.327479
519.000000 -165.226218 -24.983751 26.630996 0.026156 0.943124 -0.046124 0.328185
520.000000 -164.634511 -25.101880 25.909807 0.024686 0.943468 -0.047008 0.327182
521.000000 -164.074875 -25.212939 25.169465 0.022289 0.943179 -0.046736 0.328226
522.000000 -163.556786 -25.321347 24.403193 0.019673 0.943010 -0.046161 0.328959
523.000000 -163.006266 -25.412619 23.656087 0.018077 0.942735 -0.047153 0.329697
524.000000 -162.407319 -25.530053 22.944102 0.015368 0.943023 -0.049459 0.328671
525.000000 -161.842609 -25.644210 22.208979 0.013065 0.942703 -0.051235 0.329416
526.000000 -161.265454 -25.749333 21.493442 0.012288 0.942804 -0.049289 0.329456
527.000000 -160.722111 -25.867465 20.763147 0.014127 0.942697 -0.045472 0.330235
528.000000 -160.106492 -25.957517 20.099417 0.016184 0.943517 -0.041414 0.328328
529.000000 -159.563876 -26.064218 19.361801 0.016146 0.943602 -0.040218 0.328234
530.000000 -158.964201 -26.147736 18.674901 0.016133 0.943867 -0.041202 0.327350
531.000000 -158.390905 -26.248750 17.967407 0.015675 0.943767 -0.042654 0.327473
532.000000 -157.807574 -26.352858 17.264993 0.016227 0.943989 -0.043468 0.326698
533.000000 -157.231567 -26.464765 16.588198 0.018064 0.944758 -0.044557 0.324222
534.000000 -156.635944 -26.546599 15.912947 0.020097 0.946154 -0.044686 0.319989
535.000000 -156.114599 -26.657699 15.188882 0.020258 0.947465 -0.045314 0.315986
536.000000 -155.580935 -26.768598 14.484357 0.019682 0.949313 -0.044918 0.310483
537.000000 -155.080081 -26.878525 13.760710 0.018299 0.951640 -0.045246 0.303313
538.000000 -154.592497 -26.976363 13.031949 0.015304 0.954003 -0.045741 0.295892
539.000000 -154.110655 -27.114098 12.305414 0.012512 0.957059 -0.046956 0.285792
540.000000 -153.630130 -27.213585 11.583041 0.009979 0.960588 -0.046489 0.273878
541.000000 -153.201810 -27.326772 10.831962 0.007645 0.964305 -0.045794 0.260692
542.000000 -152.834007 -27.423772 10.052778 0.004660 0.968071 -0.045080 0.246544
543.000000 -152.487512 -27.519171 9.264798 0.002383 0.971850 -0.044544 0.231340
544.000000 -152.073440 -27.607777 8.510516 0.001513 0.975715 -0.043216 0.214731
545.000000 -151.711760 -27.699314 7.747156 0.000611 0.979517 -0.037770 0.197787
546.000000 -151.458565 -27.773605 6.941836 0.000345 0.982564 -0.032107 0.183133
547.000000 -151.172578 -27.855754 6.150666 0.002045 0.985544 -0.029205 0.166874
548.000000 -150.851167 -27.934612 5.361386 0.004422 0.988228 -0.029164 0.150119
549.000000 -150.600033 -27.998472 4.546525 0.005681 0.990358 -0.028814 0.135384
550.000000 -150.394238 -28.067329 3.717887 0.005099 0.992056 -0.027600 0.122630
551.000000 -150.229864 -28.125008 2.874183 0.004264 0.993281 -0.026356 0.112606
552.000000 -150.039117 -28.201457 2.031087 0.004295 0.994319 -0.027565 0.102716
553.000000 -149.883536 -28.286347 1.166348 0.005264 0.995130 -0.030938 0.093441
554.000000 -149.769791 -28.358025 0.291973 0.004304 0.995813 -0.032257 0.085426
555.000000 -149.635082 -28.417454 -0.585563 0.004896 0.996515 -0.031851 0.076939
556.000000 -149.503962 -28.475573 -1.465297 0.005162 0.997219 -0.029075 0.068432
557.000000 -149.436150 -28.527808 -2.365730 0.003502 0.997599 -0.026765 0.063775
558.000000 -149.353689 -28.576487 -3.287900 -0.000170 0.997858 -0.027836 0.059196
559.000000 -149.216257 -28.653488 -4.208672 -0.003225 0.997974 -0.032464 0.054624
560.000000 -149.102283 -28.738256 -5.146098 -0.004506 0.997952 -0.036579 0.052286
561.000000 -149.039619 -28.803537 -6.090214 -0.003905 0.997969 -0.035763 0.052570
562.000000 -148.990234 -28.872603 -7.041357 -0.003135 0.997997 -0.033719 0.053427
563.000000 -148.890276 -28.938361 -7.996563 -0.000733 0.998070 -0.031345 0.053608
564.000000 -148.782516 -29.031645 -8.966494 0.003052 0.998044 -0.031131 0.054125
565.000000 -148.623906 -29.119795 -9.946314 0.005757 0.998066 -0.031617 0.053220
566.000000 -148.485895 -29.188525 -10.939253 0.006382 0.998033 -0.032893 0.052979
567.000000 -148.336593 -29.255629 -11.937434 0.007835 0.998028 -0.033317 0.052620
568.000000 -148.231773 -29.347077 -12.955069 0.007330 0.997964 -0.033984 0.053463
569.000000 -148.085070 -29.426133 -13.968538 0.008904 0.997973 -0.033002 0.053670
570.000000 -147.971073 -29.500999 -14.997488 0.009795 0.997977 -0.031649 0.054269
571.000000 -147.877079 -29.587690 -16.030619 0.010813 0.997884 -0.030739 0.056273
572.000000 -147.726748 -29.695968 -17.063052 0.012580 0.997859 -0.031732 0.055785
573.000000 -147.586477 -29.780619 -18.105522 0.013692 0.997892 -0.032049 0.054751
574.000000 -147.452456 -29.883480 -19.149175 0.014751 0.997907 -0.032963 0.053646
575.000000 -147.291263 -29.977180 -20.191338 0.014911 0.997984 -0.033196 0.051991
576.000000 -147.137226 -30.087301 -21.232143 0.015029 0.998031 -0.033891 0.050588
577.000000 -147.005351 -30.179842 -22.279807 0.015841 0.998011 -0.034866 0.050081
578.000000 -146.904575 -30.276775 -23.330536 0.015039 0.998015 -0.035817 0.049563
579.000000 -146.811232 -30.373181 -24.378262 0.015236 0.997955 -0.036619 0.050120
580.000000 -146.728613 -30.465549 -25.420852 0.015108 0.997984 -0.035624 0.050306
581.000000 -146.597822 -30.582719 -26.452966 0.016126 0.998033 -0.034957 0.049468
582.000000 -146.465636 -30.668456 -27.487623 0.016644 0.998141 -0.033760 0.047938
583.000000 -146.355627 -30.756832 -28.522073 0.016545 0.998158 -0.033364 0.047891
584.000000 -146.258619 -30.856395 -29.558597 0.016777 0.998183 -0.033965 0.046848
585.000000 -146.159014 -30.948406 -30.597317 0.016172 0.998213 -0.034848 0.045766
586.000000 -146.031271 -31.042006 -31.613045 0.016557 0.998292 -0.034818 0.043889
587.000000 -145.931369 -31.140086 -32.635514 0.016489 0.998385 -0.034304 0.042180
588.000000 -145.830540 -31.230155 -33.656010 0.017666 0.998442 -0.033464 0.041007
589.000000 -145.734499 -31.325413 -34.675067 0.017757 0.998455 -0.034631 0.039655
590.000000 -145.647284 -31.423132 -35.690918 0.017615 0.998473 -0.035341 0.038635
591.000000 -145.553631 -31.540779 -36.701073 0.017840 0.998474 -0.036638 0.037268
592.000000 -145.499759 -31.618914 -37.713236 0.017909 0.998511 -0.036370 0.036509
593.000000 -145.395601 -31.709675 -38.715837 0.018653 0.998570 -0.035882 0.034952
594.000000 -145.329511 -31.797929 -39.722221 0.017192 0.998639 -0.035168 0.034462
595.000000 -145.273030 -31.894834 -40.718936 0.017718 0.998673 -0.035027 0.033323
596.000000 -145.176969 -31.991210 -41.716696 0.018106 0.998684 -0.035479 0.032317
597.000000 -145.131064 -32.084412 -42.711001 0.018107 0.998669 -0.034859 0.033436
598.000000 -145.087581 -32.184197 -43.699900 0.017459 0.998750 -0.032725 0.033519
599.000000 -144.934795 -32.244012 -44.677779 0.016516 0.998879 -0.030156 0.032537
600.000000 -144.872578 -32.318688 -45.663865 0.016528 0.998871 -0.029565 0.033298
601.000000 -144.785333 -32.412864 -46.643491 0.016388 0.998861 -0.030128 0.033186
602.000000 -144.697946 -32.500464 -47.620658 0.015083 0.998871 -0.030722 0.032955
603.000000 -144.674301 -32.598947 -48.598148 0.013487 0.998789 -0.031815 0.035012
604.000000 -144.547448 -32.675097 -49.562941 0.013342 0.998823 -0.031500 0.034375
605.000000 -144.460592 -32.775905 -50.524531 0.012030 0.998801 -0.032845 0.034257
606.000000 -144.369499 -32.853510 -51.488704 0.012239 0.998813 -0.032867 0.033795
607.000000 -144.309632 -32.937950 -52.451000 0.012244 0.998810 -0.032179 0.034539
608.000000 -144.229236 -33.025775 -53.405653 0.010965 0.998807 -0.031486 0.035668
609.000000 -144.152107 -33.099372 -54.359983 0.009363 0.998765 -0.030343 0.038198
610.000000 -144.048074 -33.184648 -55.304757 0.010209 0.998728 -0.029909 0.039290
611.000000 -143.979641 -33.262749 -56.250685 0.011062 0.998657 -0.029211 0.041333
612.000000 -143.913896 -33.341725 -57.190747 0.011011 0.998637 -0.029159 0.041867
613.000000 -143.780871 -33.422142 -58.117796 0.011491 0.998649 -0.029514 0.041193
614.000000 -143.649201 -33.506296 -59.037643 0.011904 0.998632 -0.031106 0.040304
615.000000 -143.596311 -33.571636 -59.956252 0.012576 0.998599 -0.031826 0.040356
616.000000 -143.571679 -33.643862 -60.868989 0.012447 0.998560 -0.032302 0.040978
617.000000 -143.477417 -33.730600 -61.755553 0.013454 0.998575 -0.032387 0.040229
618.000000 -143.398478 -33.812807 -62.631480 0.013279 0.998603 -0.032796 0.039252
619.000000 -143.298660 -33.895061 -63.490049 0.013553 0.998668 -0.033108 0.037181
620.000000 -143.283849 -33.963033 -64.340214 0.013824 0.998756 -0.032980 0.034755
621.000000 -143.204116 -34.064801 -65.163256 0.014432 0.998879 -0.033284 0.030416
622.000000 -143.159336 -34.151331 -65.969126 0.012864 0.998972 -0.034041 0.027021
623.000000 -143.133997 -34.216111 -66.754520 0.011540 0.999071 -0.034126 0.023646
624.000000 -143.094060 -34.296250 -67.513853 0.009646 0.999159 -0.034218 0.020425
625.000000 -143.095784 -34.358191 -68.250133 0.007713 0.999216 -0.034510 0.017814
626.000000 -143.089928 -34.415609 -68.962124 0.006885 0.999278 -0.034680 0.013886
627.000000 -143.036463 -34.498454 -69.641124 0.006785 0.999323 -0.035064 0.008795
628.000000 -142.968542 -34.533148 -70.295911 0.006303 0.999390 -0.034013 0.004858
629.000000 -143.003149 -34.578640 -70.926814 0.005807 0.999420 -0.033394 0.003196
630.000000 -142.962570 -34.636061 -71.529476 0.005106 0.999446 -0.032877 -0.000274
631.000000 -143.021562 -34.702308 -72.101775 0.003850 0.999459 -0.032656 -0.001095
632.000000 -142.981041 -34.748303 -72.655024 0.003688 0.999424 -0.033481 -0.004131
633.000000 -142.979794 -34.793421 -73.178159 0.004093 0.999372 -0.034545 -0.006692
634.000000 -142.972328 -34.838186 -73.672017 0.004733 0.999321 -0.035460 -0.008863
635.000000 -142.555809 -34.861598 -73.874237 0.007441 0.999292 -0.036827 -0.001944
636.000000 -142.153605 -34.875605 -74.043168 0.008171 0.999213 -0.037614 0.009543
637.000000 -141.771984 -34.887057 -74.167912 0.008464 0.999016 -0.038161 0.020944
638.000000 -141.407017 -34.893355 -74.229260 0.009885 0.998863 -0.039657 0.024560
639.000000 -141.072384 -34.898422 -74.276499 0.009784 0.998863 -0.040456 0.023260
640.000000 -140.768240 -34.900064 -74.324701 0.010643 0.999014 -0.040094 0.015800
641.000000 -140.504080 -34.901519 -74.359889 0.011438 0.999168 -0.038940 0.004129
642.000000 -140.260360 -34.903860 -74.386357 0.012834 0.999177 -0.038421 -0.002027
643.000000 -140.038316 -34.904709 -74.424930 0.014038 0.999159 -0.037214 -0.009987
644.000000 -139.837197 -34.912604 -74.439574 0.014016 0.999186 -0.036524 -0.009862
645.000000 -139.649187 -34.925409 -74.497409 0.013161 0.999173 -0.035717 -0.014311
646.000000 -139.652533 -34.948913 -74.685122 0.012915 0.999218 -0.034893 -0.013377
647.000000 -139.635230 -34.962173 -74.869227 0.012768 0.999241 -0.034722 -0.012159
648.000000 -139.647974 -34.964296 -74.692802 0.013515 0.999250 -0.034595 -0.010932
649.000000 -139.670189 -34.961554 -74.528432 0.014443 0.999254 -0.034294 -0.010312
650.000000 -139.719692 -34.968152 -74.385942 0.015302 0.999271 -0.033517 -0.010046
651.000000 -139.776985 -34.995496 -74.511631 0.015042 0.999305 -0.033475 -0.006455
652.000000 -139.825225 -35.020941 -74.390428 0.015238 0.999356 -0.032016 -0.005586
653.000000 -139.894675 -35.018861 -74.495919 0.015370 0.999381 -0.031639 -0.001020
654.000000 -139.968785 -35.014817 -74.589918 0.016592 0.999368 -0.031100 0.004595
655.000000 -139.967179 -34.999541 -74.701803 0.018476 0.999341 -0.030157 0.008156
656.000000 -139.969701 -34.994262 -74.807359 0.019468 0.999288 -0.029911 0.012206
657.000000 -139.969701 -34.994262 -74.807359 0.019468 0.999288 -0.029911 0.012206
658.000000 -139.969701 -34.994262 -74.807359 0.019468 0.999288 -0.029911 0.012206
659.000000 -139.969701 -34.994262 -74.807359 0.019468 0.999288 -0.029911 0.012206
660.000000 -139.969701 -34.994262 -74.807359 0.019468 0.999288 -0.029911 0.012206
661.000000 -139.969701 -34.994262 -74.807359 0.019468 0.999288 -0.029911 0.012206
662.000000 -139.969701 -34.994262 -74.807359 0.019468 0.999288 -0.029911 0.012206
663.000000 -139.969701 -34.994262 -74.807359 0.019468 0.999288 -0.029911 0.012206
664.000000 -139.969701 -34.994262 -74.807359 0.019468 0.999288 -0.029911 0.012206
665.000000 -139.969701 -34.994262 -74.807359 0.019468 0.999288 -0.029911 0.012206
666.000000 -139.969701 -34.994262 -74.807359 0.019468 0.999288 -0.029911 0.012206
667.000000 -139.969701 -34.994262 -74.807359 0.019468 0.999288 -0.029911 0.012206
668.000000 -139.969701 -34.994262 -74.807359 0.019468 0.999288 -0.029911 0.012206
669.000000 -139.969701 -34.994262 -74.807359 0.019468 0.999288 -0.029911 0.012206
670.000000 -139.969701 -34.994262 -74.807359 0.019468 0.999288 -0.029911 0.012206
671.000000 -139.969701 -34.994262 -74.807359 0.019468 0.999288 -0.029911 0.012206
672.000000 -139.969701 -34.994262 -74.807359 0.019468 0.999288 -0.029911 0.012206
673.000000 -139.969701 -34.994262 -74.807359 0.019468 0.999288 -0.029911 0.012206
674.000000 -139.969701 -34.994262 -74.807359 0.019468 0.999288 -0.029911 0.012206
675.000000 -139.969701 -34.994262 -74.807359 0.019468 0.999288 -0.029911 0.012206
676.000000 -139.969701 -34.994262 -74.807359 0.019468 0.999288 -0.029911 0.012206
677.000000 -139.969701 -34.994262 -74.807359 0.019468 0.999288 -0.029911 0.012206
678.000000 -139.969701 -34.994262 -74.807359 0.019468 0.999288 -0.029911 0.012206
679.000000 -139.969701 -34.994262 -74.807359 0.019468 0.999288 -0.029911 0.012206
680.000000 -139.969701 -34.994262 -74.807359 0.019468 0.999288 -0.029911 0.012206
681.000000 -139.969701 -34.994262 -74.807359 0.019468 0.999288 -0.029911 0.012206
682.000000 -139.969701 -34.994262 -74.807359 0.019468 0.999288 -0.029911 0.012206
683.000000 -139.969701 -34.994262 -74.807359 0.019468 0.999288 -0.029911 0.012206
684.000000 -139.969701 -34.994262 -74.807359 0.019468 0.999288 -0.029911 0.012206
685.000000 -139.969701 -34.994262 -74.807359 0.019468 0.999288 -0.029911 0.012206
686.000000 -139.969701 -34.994262 -74.807359 0.019468 0.999288 -0.029911 0.012206
687.000000 -139.969701 -34.994262 -74.807359 0.019468 0.999288 -0.029911 0.012206
688.000000 -139.969701 -34.994262 -74.807359 0.019468 0.999288 -0.029911 0.012206
689.000000 -139.969701 -34.994262 -74.807359 0.019468 0.999288 -0.029911 0.012206
690.000000 -139.969701 -34.994262 -74.807359 0.019468 0.999288 -0.029911 0.012206
691.000000 -139.969701 -34.994262 -74.807359 0.019468 0.999288 -0.029911 0.012206
692.000000 -139.969701 -34.994262 -74.807359 0.019468 0.999288 -0.029911 0.012206
693.000000 -139.969701 -34.994262 -74.807359 0.019468 0.999288 -0.029911 0.012206
694.000000 -139.969701 -34.994262 -74.807359 0.019468 0.999288 -0.029911 0.012206
695.000000 -139.969701 -34.994262 -74.807359 0.019468 0.999288 -0.029911 0.012206
696.000000 -139.969701 -34.994262 -74.807359 0.019468 0.999288 -0.029911 0.012206
697.000000 -139.969701 -34.994262 -74.807359 0.019468 0.999288 -0.029911 0.012206
698.000000 -139.969701 -34.994262 -74.807359 0.019468 0.999288 -0.029911 0.012206
699.000000 -139.969701 -34.994262 -74.807359 0.019468 0.999288 -0.029911 0.012206
700.000000 -139.969701 -34.994262 -74.807359 0.019468 0.999288 -0.029911 0.012206
701.000000 -139.969701 -34.994262 -74.807359 0.019468 0.999288 -0.029911 0.012206
702.000000 -139.969701 -34.994262 -74.807359 0.019468 0.999288 -0.029911 0.012206
703.000000 -139.969701 -34.994262 -74.807359 0.019468 0.999288 -0.029911 0.012206
704.000000 -139.969701 -34.994262 -74.807359 0.019468 0.999288 -0.029911 0.012206
705.000000 -139.969701 -34.994262 -74.807359 0.019468 0.999288 -0.029911 0.012206
706.000000 -139.969701 -34.994262 -74.807359 0.019468 0.999288 -0.029911 0.012206
707.000000 -139.969701 -34.994262 -74.807359 0.019468 0.999288 -0.029911 0.012206
708.000000 -139.969701 -34.994262 -74.807359 0.019468 0.999288 -0.029911 0.012206
709.000000 -139.969701 -34.994262 -74.807359 0.019468 0.999288 -0.029911 0.012206
710.000000 -139.969701 -34.994262 -74.807359 0.019468 0.999288 -0.029911 0.012206
711.000000 -139.969701 -34.994262 -74.807359 0.019468 0.999288 -0.029911 0.012206
712.000000 -139.969701 -34.994262 -74.807359 0.019468 0.999288 -0.029911 0.012206
713.000000 -139.969701 -34.994262 -74.807359 0.019468 0.999288 -0.029911 0.012206
714.000000 -139.969701 -34.994262 -74.807359 0.019468 0.999288 -0.029911 0.012206
715.000000 -139.969701 -34.994262 -74.807359 0.019468 0.999288 -0.029911 0.012206
716.000000 -139.969701 -34.994262 -74.807359 0.019468 0.999288 -0.029911 0.012206
717.000000 -139.969701 -34.994262 -74.807359 0.019468 0.999288 -0.029911 0.012206
718.000000 -139.969701 -34.994262 -74.807359 0.019468 0.999288 -0.029911 0.012206
719.000000 -139.969701 -34.994262 -74.807359 0.019468 0.999288 -0.029911 0.012206
720.000000 -139.969701 -34.994262 -74.807359 0.019468 0.999288 -0.029911 0.012206
721.000000 -139.969701 -34.994262 -74.807359 0.019468 0.999288 -0.029911 0.012206
722.000000 -139.969701 -34.994262 -74.807359 0.019468 0.999288 -0.029911 0.012206
723.000000 -139.969701 -34.994262 -74.807359 0.019468 0.999288 -0.029911 0.012206
724.000000 -139.969701 -34.994262 -74.807359 0.019468 0.999288 -0.029911 0.012206
725.000000 -139.969701 -34.994262 -74.807359 0.019468 0.999288 -0.029911 0.012206
726.000000 -139.969701 -34.994262 -74.807359 0.019468 0.999288 -0.029911 0.012206
727.000000 -139.969701 -34.994262 -74.807359 0.019468 0.999288 -0.029911 0.012206
728.000000 -139.969701 -34.994262 -74.807359 0.019468 0.999288 -0.029911 0.012206
729.000000 -139.969701 -34.994262 -74.807359 0.019468 0.999288 -0.029911 0.012206
730.000000 -139.969701 -34.994262 -74.807359 0.019468 0.999288 -0.029911 0.012206
731.000000 -139.969701 -34.994262 -74.807359 0.019468 0.999288 -0.029911 0.012206
732.000000 -139.969701 -34.994262 -74.807359 0.019468 0.999288 -0.029911 0.012206
733.000000 -139.970303 -35.013416 -74.912106 0.020424 0.999124 -0.029771 0.021142
734.000000 -140.068594 -35.018924 -74.846809 0.020664 0.998985 -0.029502 0.027042
735.000000 -140.041119 -35.013250 -74.980554 0.021175 0.998698 -0.029653 0.035689
736.000000 -139.993887 -35.028341 -75.124475 0.021055 0.998254 -0.030509 0.045988
737.000000 -139.970436 -35.057624 -75.285146 0.021648 0.997561 -0.031503 0.058395
738.000000 -139.913907 -35.041081 -75.455857 0.022527 0.996747 -0.031932 0.070483
739.000000 -139.832376 -35.039859 -75.626864 0.022862 0.995791 -0.032319 0.082664
740.000000 -139.749900 -35.064593 -75.806689 0.022743 0.994745 -0.032863 0.094259
741.000000 -139.678296 -35.062790 -76.005110 0.023272 0.993386 -0.033454 0.107347
742.000000 -139.559301 -35.087077 -76.189168 0.023505 0.991704 -0.034577 0.121554
743.000000 -139.425051 -35.117958 -76.374774 0.023442 0.989769 -0.035639 0.136153
744.000000 -139.285080 -35.165929 -76.568493 0.023938 0.987194 -0.035598 0.153649
745.000000 -139.186029 -35.206807 -76.811034 0.025793 0.983750 -0.035009 0.174199
746.000000 -139.050283 -35.239894 -77.063007 0.027765 0.979548 -0.034445 0.196288
747.000000 -138.874256 -35.251509 -77.328609 0.029899 0.974725 -0.032818 0.218954
748.000000 -138.717580 -35.255583 -77.631525 0.029106 0.968599 -0.030341 0.245048
749.000000 -138.480706 -35.289901 -77.909277 0.028812 0.962025 -0.028141 0.269974
750.000000 -138.272198 -35.323362 -78.252276 0.029679 0.954135 -0.026683 0.296703
751.000000 -138.048109 -35.360107 -78.612092 0.030925 0.945346 -0.026504 0.323515
752.000000 -137.800461 -35.379022 -78.994357 0.031322 0.935435 -0.025263 0.351202
753.000000 -137.468830 -35.364698 -79.356461 0.033099 0.925236 -0.024492 0.377151
754.000000 -137.054407 -35.374722 -79.650728 0.034426 0.915151 -0.024898 0.400866
755.000000 -136.601765 -35.405072 -79.949671 0.033055 0.904170 -0.025818 0.425108
756.000000 -136.144803 -35.438319 -80.254235 0.030809 0.892187 -0.026448 0.449838
757.000000 -135.650321 -35.495747 -80.536320 0.028860 0.879598 -0.027583 0.474039
758.000000 -135.120585 -35.574515 -80.826582 0.026819 0.866216 -0.029245 0.498092
759.000000 -134.577252 -35.643182 -81.107820 0.025669 0.852493 -0.030518 0.521216
760.000000 -133.971954 -35.688742 -81.349725 0.026116 0.839021 -0.030374 0.542622
761.000000 -133.351617 -35.716412 -81.575713 0.026972 0.826454 -0.028392 0.561641
762.000000 -132.681895 -35.788365 -81.711071 0.027975 0.815873 -0.028031 0.576873
763.000000 -131.977455 -35.851010 -81.838126 0.029613 0.806841 -0.027991 0.589362
764.000000 -131.262961 -35.922767 -81.999310 0.031538 0.798794 -0.027703 0.600138
765.000000 -130.528220 -36.003218 -82.199870 0.032434 0.791878 -0.026956 0.609221
766.000000 -129.761721 -36.071399 -82.380150 0.032658 0.787123 -0.025868 0.615387
767.000000 -128.972050 -36.166829 -82.548551 0.031531 0.782965 -0.024969 0.620765
768.000000 -128.153867 -36.243464 -82.685451 0.031728 0.779414 -0.023818 0.625252
769.000000 -127.322313 -36.313301 -82.859784 0.032042 0.775106 -0.021914 0.630638
770.000000 -126.466428 -36.386643 -83.026662 0.033215 0.770363 -0.020339 0.636415
771.000000 -125.585413 -36.457358 -83.201858 0.034124 0.765979 -0.020396 0.641635
772.000000 -124.677194 -36.540785 -83.333601 0.034979 0.763356 -0.021438 0.644674
773.000000 -123.748759 -36.616857 -83.482285 0.037222 0.761044 -0.022522 0.647240
774.000000 -122.795525 -36.712433 -83.604460 0.038140 0.760295 -0.022863 0.648054
775.000000 -121.826138 -36.805271 -83.779812 0.037719 0.758996 -0.023458 0.649578
776.000000 -120.822974 -36.902526 -83.899678 0.037807 0.758830 -0.024244 0.649738
777.000000 -119.801608 -37.006554 -84.055670 0.037716 0.757176 -0.024480 0.651662
778.000000 -118.751343 -37.091931 -84.121472 0.038237 0.757142 -0.024107 0.651684
779.000000 -117.697989 -37.183330 -84.326926 0.038404 0.754673 -0.023455 0.654556
780.000000 -116.616781 -37.297681 -84.461627 0.037556 0.753369 -0.023113 0.656117
781.000000 -115.517133 -37.419369 -84.585827 0.037375 0.751909 -0.023765 0.657777
782.000000 -114.401269 -37.531944 -84.687699 0.036142 0.750701 -0.023906 0.659220
783.000000 -113.271976 -37.648913 -84.829823 0.034201 0.749025 -0.024776 0.661194
784.000000 -112.127396 -37.755070 -84.987760 0.033227 0.747248 -0.024806 0.663250
785.000000 -110.973956 -37.873670 -85.165592 0.033253 0.746325 -0.024753 0.664289
786.000000 -109.796908 -37.981740 -85.270714 0.035154 0.746566 -0.024374 0.663935
787.000000 -108.608256 -38.093502 -85.396674 0.034863 0.746915 -0.023935 0.663574
788.000000 -107.413023 -38.199606 -85.520428 0.033343 0.746936 -0.023708 0.663636
789.000000 -106.215406 -38.298285 -85.670053 0.032862 0.747809 -0.024008 0.662665
790.000000 -105.024917 -38.417765 -85.809629 0.032065 0.747416 -0.024541 0.663129
791.000000 -103.842089 -38.537935 -85.965724 0.031605 0.746735 -0.024517 0.663918
792.000000 -102.655708 -38.658386 -86.082108 0.031409 0.746643 -0.024533 0.664030
793.000000 -101.474903 -38.780857 -86.192978 0.032319 0.747466 -0.024336 0.663067
794.000000 -100.297721 -38.908685 -86.329104 0.032991 0.747895 -0.023428 0.662582
795.000000 -99.117765 -39.027431 -86.456095 0.033588 0.748108 -0.024281 0.662282
796.000000 -97.938059 -39.180684 -86.545763 0.032242 0.748357 -0.025919 0.662005
797.000000 -96.776201 -39.302039 -86.779513 0.030764 0.746482 -0.026147 0.664179
798.000000 -95.600443 -39.402627 -86.910346 0.032013 0.746743 -0.025815 0.663840
799.000000 -94.440652 -39.522749 -87.098222 0.032225 0.745974 -0.024478 0.664745
800.000000 -93.273536 -39.620383 -87.226928 0.033098 0.746318 -0.023479 0.664352
801.000000 -92.105900 -39.716231 -87.347788 0.034007 0.746802 -0.025402 0.663690
802.000000 -90.938864 -39.829832 -87.451856 0.033300 0.747234 -0.027234 0.663168
803.000000 -89.776188 -39.985038 -87.504092 0.032295 0.748062 -0.028583 0.662226
804.000000 -88.620843 -40.103836 -87.620128 0.033606 0.748398 -0.028627 0.661780
805.000000 -87.475005 -40.231629 -87.761085 0.034353 0.747664 -0.028139 0.662590
806.000000 -86.332482 -40.347018 -87.919800 0.034316 0.746676 -0.027555 0.663730
807.000000 -85.188485 -40.483181 -88.030945 0.034059 0.747427 -0.028799 0.662844
808.000000 -84.044312 -40.620150 -88.128066 0.032783 0.748142 -0.029259 0.662082
809.000000 -82.906485 -40.711992 -88.286517 0.033479 0.747767 -0.027829 0.662532
810.000000 -81.774072 -40.817067 -88.434533 0.033389 0.747418 -0.025781 0.663013
811.000000 -80.638388 -40.918328 -88.472669 0.032640 0.747956 -0.023723 0.662520
812.000000 -79.519192 -41.025296 -88.643481 0.031876 0.747100 -0.022849 0.663554
813.000000 -78.387848 -41.136666 -88.738112 0.031631 0.746538 -0.023626 0.664170
814.000000 -77.268164 -41.247051 -88.880038 0.031300 0.744641 -0.023268 0.666325
815.000000 -76.155602 -41.361828 -89.054922 0.031733 0.742818 -0.024093 0.668307
816.000000 -75.041852 -41.472559 -89.172133 0.033269 0.741823 -0.024537 0.669320
817.000000 -73.929688 -41.589664 -89.248312 0.034335 0.741044 -0.024619 0.670126
818.000000 -72.814974 -41.704452 -89.351918 0.035011 0.740386 -0.024675 0.670816
819.000000 -71.705438 -41.822225 -89.436133 0.035351 0.739598 -0.025606 0.671632
820.000000 -70.603236 -41.944668 -89.562280 0.035196 0.738381 -0.026223 0.672954
821.000000 -69.501822 -42.073204 -89.654178 0.034678 0.737422 -0.026154 0.674034
822.000000 -68.399332 -42.190203 -89.736359 0.034835 0.736801 -0.026473 0.674692
823.000000 -67.300714 -42.310717 -89.792011 0.035252 0.736811 -0.027510 0.674619
824.000000 -66.204561 -42.433158 -89.829258 0.035982 0.737960 -0.027866 0.673309
825.000000 -65.115189 -42.554759 -89.916674 0.036836 0.738435 -0.028273 0.672724
826.000000 -64.026574 -42.681151 -89.992399 0.036907 0.738748 -0.028753 0.672356
827.000000 -62.938250 -42.815669 -90.069671 0.036138 0.739501 -0.028957 0.671560
828.000000 -61.848082 -42.936502 -90.191463 0.035279 0.739888 -0.027775 0.671230
829.000000 -60.757584 -43.060041 -90.272042 0.035011 0.740313 -0.026764 0.670816
830.000000 -59.664836 -43.184247 -90.384584 0.034108 0.741137 -0.025510 0.670002
831.000000 -58.590022 -43.261429 -90.532087 0.033686 0.741253 -0.024017 0.669949
832.000000 -57.501445 -43.378291 -90.623580 0.032439 0.742821 -0.025064 0.668234
833.000000 -56.418999 -43.506813 -90.740283 0.032469 0.742722 -0.026542 0.668286
834.000000 -55.347195 -43.596581 -90.839298 0.033694 0.743985 -0.026884 0.666804
835.000000 -54.285355 -43.700603 -90.977782 0.034790 0.744352 -0.027287 0.666323
836.000000 -53.229074 -43.813307 -91.086507 0.036704 0.744855 -0.026987 0.665670
837.000000 -52.161344 -43.921775 -91.218502 0.038406 0.744786 -0.026233 0.665680
838.000000 -51.098829 -44.046240 -91.335496 0.037669 0.744918 -0.024550 0.665639
839.000000 -50.031567 -44.175766 -91.438676 0.037290 0.745207 -0.024721 0.665331
840.000000 -48.966518 -44.293006 -91.560217 0.036540 0.745028 -0.025093 0.665558
841.000000 -47.900111 -44.410830 -91.648378 0.035941 0.745702 -0.026407 0.664785
842.000000 -46.842702 -44.514159 -91.751451 0.036536 0.745840 -0.027151 0.664568
843.000000 -45.800783 -44.645545 -91.819213 0.037649 0.746044 -0.029960 0.664157
844.000000 -44.760883 -44.773964 -91.921559 0.039521 0.745795 -0.031916 0.664236
845.000000 -43.719715 -44.903351 -92.003131 0.040910 0.745713 -0.032356 0.664223
846.000000 -42.685614 -45.039137 -92.097996 0.042176 0.745283 -0.032892 0.664599
847.000000 -41.648354 -45.194295 -92.166757 0.041841 0.745611 -0.032563 0.664269
848.000000 -40.604905 -45.342237 -92.307464 0.042583 0.744958 -0.032979 0.664933
849.000000 -39.556778 -45.480347 -92.409708 0.041447 0.744844 -0.031520 0.665203
850.000000 -38.498007 -45.593700 -92.492839 0.038876 0.745069 -0.031778 0.665095
851.000000 -37.446838 -45.713759 -92.607052 0.036764 0.744906 -0.032773 0.665350
852.000000 -36.396262 -45.851524 -92.727520 0.035386 0.744181 -0.031908 0.666276
853.000000 -35.350976 -45.981239 -92.816119 0.036064 0.744880 -0.029893 0.665552
854.000000 -34.305378 -46.108268 -92.919818 0.036435 0.744747 -0.027803 0.665772
855.000000 -33.265610 -46.235023 -93.027489 0.036344 0.744574 -0.027121 0.665998
856.000000 -32.225737 -46.360351 -93.118467 0.035784 0.744655 -0.027147 0.665937
857.000000 -31.192937 -46.472759 -93.220339 0.035748 0.744135 -0.026248 0.666555
858.000000 -30.165037 -46.588611 -93.309339 0.035763 0.744842 -0.024584 0.665828
859.000000 -29.137946 -46.704425 -93.390319 0.036098 0.745000 -0.022692 0.665701
860.000000 -28.124357 -46.819961 -93.520168 0.035431 0.745364 -0.021735 0.665360
861.000000 -27.100354 -46.922503 -93.628146 0.034808 0.746112 -0.022455 0.664531
862.000000 -26.076132 -47.014156 -93.712973 0.032793 0.746718 -0.022627 0.663947
863.000000 -25.064076 -47.100679 -93.859257 0.032453 0.746387 -0.022730 0.664331
864.000000 -24.055510 -47.191839 -93.978576 0.033118 0.746374 -0.022298 0.664328
865.000000 -23.055126 -47.290842 -94.097912 0.034125 0.746001 -0.021913 0.664709
866.000000 -22.048703 -47.398611 -94.174550 0.033876 0.746526 -0.021929 0.664131
867.000000 -21.042713 -47.494045 -94.257667 0.033209 0.747332 -0.022654 0.663233
868.000000 -20.048923 -47.588969 -94.390933 0.032804 0.747411 -0.023325 0.663142
869.000000 -19.051893 -47.684553 -94.478256 0.032835 0.747692 -0.022688 0.662845
870.000000 -18.064901 -47.771603 -94.592973 0.032685 0.747860 -0.022215 0.662679
871.000000 -17.079063 -47.886619 -94.653214 0.032361 0.748665 -0.022723 0.661768
872.000000 -16.110168 -47.973880 -94.768150 0.032900 0.749130 -0.023829 0.661176
873.000000 -15.172190 -48.066223 -94.939720 0.032916 0.748915 -0.024550 0.661393
874.000000 -14.248468 -48.165941 -95.084279 0.032337 0.747905 -0.024404 0.662568
875.000000 -13.333327 -48.262070 -95.176775 0.032178 0.748198 -0.025450 0.662205
876.000000 -12.437058 -48.366094 -95.252237 0.031833 0.748466 -0.026978 0.661859
877.000000 -11.563577 -48.454507 -95.358790 0.032401 0.747960 -0.026818 0.662410
878.000000 -10.709107 -48.531238 -95.403994 0.032850 0.747210 -0.025878 0.663271
879.000000 -9.871601 -48.609871 -95.445526 0.034248 0.746289 -0.025596 0.664247
880.000000 -9.062305 -48.718677 -95.494982 0.034788 0.745067 -0.026150 0.665568
881.000000 -8.268832 -48.783955 -95.573842 0.036595 0.743465 -0.026106 0.667263
882.000000 -7.489661 -48.873144 -95.610743 0.037603 0.742541 -0.025674 0.668252
883.000000 -6.734761 -48.941827 -95.680350 0.038057 0.739827 -0.024602 0.671269
884.000000 -6.006102 -49.015662 -95.788983 0.038217 0.736317 -0.022974 0.675166
885.000000 -5.295463 -49.096975 -95.842064 0.038711 0.732358 -0.021309 0.679485
886.000000 -4.601524 -49.154041 -95.892330 0.039853 0.727995 -0.021046 0.684100
887.000000 -3.941810 -49.211138 -96.000754 0.040356 0.723077 -0.020952 0.689269
888.000000 -3.291114 -49.268248 -96.010053 0.040381 0.718362 -0.020923 0.694181
889.000000 -2.674570 -49.359153 -96.019866 0.039044 0.712678 -0.020834 0.700094
890.000000 -2.070359 -49.404138 -95.995494 0.039906 0.707234 -0.020853 0.705544
891.000000 -1.460409 -49.472692 -95.963659 0.041711 0.700473 -0.021076 0.712147
892.000000 -0.916324 -49.561597 -95.937883 0.043302 0.693178 -0.022593 0.719109
893.000000 -0.342330 -49.601200 -95.861170 0.043183 0.685753 -0.021127 0.726245
894.000000 0.191090 -49.643657 -95.787079 0.043647 0.677862 -0.021028 0.733591
895.000000 0.718373 -49.688805 -95.673589 0.044783 0.669936 -0.021368 0.740758
896.000000 1.218473 -49.746416 -95.506974 0.045236 0.661224 -0.020243 0.748549
897.000000 1.734646 -49.783107 -95.434658 0.046839 0.649664 -0.018935 0.758541
898.000000 2.226958 -49.850061 -95.309289 0.048132 0.636832 -0.017740 0.769294
899.000000 2.690959 -49.911611 -95.110083 0.048706 0.623393 -0.015946 0.780227
900.000000 3.170651 -49.963259 -94.944643 0.047154 0.607115 -0.013225 0.793104
901.000000 3.568194 -50.038299 -94.648429 0.044924 0.591098 -0.012322 0.805253
902.000000 3.945175 -50.130703 -94.340045 0.044222 0.573237 -0.013807 0.818079
903.000000 4.370643 -50.207518 -94.097716 0.045790 0.552174 -0.015666 0.832323
904.000000 4.795935 -50.259180 -93.871927 0.047316 0.529578 -0.015204 0.846804
905.000000 5.203781 -50.315930 -93.625080 0.047726 0.507467 -0.012802 0.860253
906.000000 5.597826 -50.365452 -93.349840 0.047275 0.485968 -0.010018 0.872639
907.000000 5.954493 -50.404737 -93.039557 0.047752 0.464010 -0.011419 0.884468
908.000000 6.283102 -50.469268 -92.699949 0.048583 0.442337 -0.014774 0.895410
909.000000 6.610133 -50.504752 -92.365038 0.049355 0.419454 -0.016847 0.906277
910.000000 6.922829 -50.587642 -92.020178 0.045409 0.397121 -0.016306 0.916497
911.000000 7.231389 -50.659858 -91.654850 0.041777 0.374422 -0.015564 0.926186
912.000000 7.498994 -50.725403 -91.264719 0.039115 0.351821 -0.017505 0.935086
913.000000 7.748381 -50.767289 -90.846326 0.038719 0.328384 -0.023409 0.943460
914.000000 7.949062 -50.820415 -90.417215 0.039311 0.306690 -0.025341 0.950659
915.000000 8.175228 -50.877695 -90.001566 0.040993 0.283718 -0.023905 0.957733
916.000000 8.386145 -50.916656 -89.563784 0.042051 0.262956 -0.021710 0.963646
917.000000 8.555237 -50.977747 -89.111400 0.042655 0.245253 -0.021426 0.968283
918.000000 8.772796 -51.028889 -88.666149 0.044218 0.226136 -0.022894 0.972822
919.000000 8.955308 -51.083643 -88.206563 0.045570 0.209532 -0.024469 0.976433
920.000000 9.136357 -51.153041 -87.736616 0.045487 0.195413 -0.023886 0.979374
921.000000 9.310858 -51.205841 -87.252498 0.045880 0.184076 -0.024061 0.981546
922.000000 9.462032 -51.271968 -86.756109 0.045775 0.173835 -0.023668 0.983426
923.000000 9.564625 -51.321572 -86.237450 0.046688 0.166952 -0.023654 0.984575
924.000000 9.732568 -51.393935 -85.727648 0.046639 0.159502 -0.022593 0.985837
925.000000 9.876704 -51.461849 -85.195077 0.047060 0.152730 -0.022760 0.986884
926.000000 10.019381 -51.528270 -84.643518 0.047553 0.145321 -0.023421 0.987964
927.000000 10.164523 -51.595856 -84.078601 0.047379 0.139691 -0.022856 0.988797
928.000000 10.268199 -51.669769 -83.487101 0.047136 0.133187 -0.021457 0.989737
929.000000 10.411284 -51.739651 -82.886098 0.046651 0.127127 -0.019226 0.990602
930.000000 10.507976 -51.799753 -82.258212 0.047768 0.122137 -0.019721 0.991167
931.000000 10.663765 -51.867474 -81.626126 0.048471 0.116489 -0.019459 0.991818
932.000000 10.784210 -51.942265 -80.971754 0.049228 0.113250 -0.019312 0.992158
933.000000 10.917348 -52.020381 -80.302076 0.049982 0.109768 -0.019335 0.992511
934.000000 11.077433 -52.108808 -79.619003 0.050140 0.106895 -0.018102 0.992840
935.000000 11.194083 -52.191317 -78.916238 0.050028 0.106264 -0.017743 0.992920
936.000000 11.389111 -52.302212 -78.217364 0.049188 0.103707 -0.018048 0.993227
937.000000 11.552172 -52.381466 -77.491059 0.048499 0.101642 -0.016237 0.993505
938.000000 11.663365 -52.466749 -76.745724 0.047694 0.100135 -0.016164 0.993699
939.000000 11.794315 -52.560405 -76.000346 0.046490 0.098918 -0.015594 0.993887
940.000000 11.904270 -52.623813 -75.245533 0.046012 0.096881 -0.015139 0.994117
941.000000 12.051929 -52.732341 -74.501962 0.044425 0.094477 -0.014502 0.994430
942.000000 12.184489 -52.810087 -73.754561 0.044182 0.092998 -0.012422 0.994608
943.000000 12.337919 -52.876508 -73.005743 0.044841 0.091454 -0.012241 0.994724
944.000000 12.462040 -52.956231 -72.253000 0.045742 0.089899 -0.012774 0.994818
945.000000 12.576264 -53.051348 -71.498827 0.045768 0.088096 -0.013002 0.994975
946.000000 12.661685 -53.118005 -70.738988 0.046022 0.087524 -0.012236 0.995024
947.000000 12.750376 -53.213340 -69.981090 0.045913 0.087173 -0.012663 0.995054
948.000000 12.909372 -53.300069 -69.235715 0.046334 0.086597 -0.013125 0.995079
949.000000 13.049838 -53.386664 -68.484395 0.046315 0.085905 -0.013400 0.995136
950.000000 13.161298 -53.471777 -67.730830 0.046070 0.086402 -0.013156 0.995108
951.000000 13.285920 -53.561756 -66.981010 0.045734 0.086207 -0.012125 0.995153
952.000000 13.412774 -53.648222 -66.231451 0.045101 0.086171 -0.011992 0.995187
953.000000 13.557496 -53.742450 -65.490286 0.044420 0.085470 -0.012031 0.995277
954.000000 13.697251 -53.814272 -64.746649 0.044699 0.085385 -0.012553 0.995266
955.000000 13.838854 -53.890241 -64.008135 0.045004 0.084692 -0.012516 0.995312
956.000000 13.969537 -53.983349 -63.272182 0.044841 0.083941 -0.013513 0.995370
957.000000 14.052315 -54.067373 -62.530571 0.044999 0.086082 -0.014423 0.995167
958.000000 14.176002 -54.151650 -61.800183 0.044947 0.086783 -0.014357 0.995109
959.000000 14.301255 -54.245229 -61.075226 0.044923 0.087490 -0.014717 0.995043
960.000000 14.416928 -54.345531 -60.359481 0.045031 0.088710 -0.015063 0.994925
961.000000 14.500507 -54.428584 -59.646450 0.044017 0.090945 -0.014014 0.994784
962.000000 14.625173 -54.510608 -58.948982 0.043423 0.090471 -0.013539 0.994860
963.000000 14.709918 -54.589252 -58.255575 0.042605 0.092134 -0.015705 0.994711
964.000000 14.833805 -54.667403 -57.581914 0.042765 0.092118 -0.015198 0.994713
965.000000 14.976372 -54.748243 -56.925645 0.044049 0.092100 -0.014183 0.994674
966.000000 15.100814 -54.816105 -56.275441 0.045456 0.092785 -0.013989 0.994550
967.000000 15.229031 -54.888705 -55.633281 0.047463 0.093312 -0.014699 0.994396
968.000000 15.353442 -54.977023 -54.997883 0.047943 0.092225 -0.015631 0.994461
969.000000 15.456922 -55.061167 -54.362395 0.048223 0.092541 -0.016335 0.994406
970.000000 15.516096 -55.122461 -53.722141 0.048905 0.093391 -0.015588 0.994305
971.000000 15.613950 -55.197663 -53.095844 0.049230 0.094565 -0.015534 0.994179
972.000000 15.687840 -55.263542 -52.469585 0.050837 0.094942 -0.017643 0.994027
973.000000 15.757456 -55.320536 -51.847169 0.052136 0.095829 -0.019188 0.993846
974.000000 15.868077 -55.411364 -51.238355 0.051382 0.096073 -0.018919 0.993867
975.000000 15.925136 -55.476472 -50.624264 0.051576 0.097350 -0.020462 0.993702
976.000000 16.032069 -55.540368 -50.020361 0.051942 0.098162 -0.020369 0.993605
977.000000 16.172688 -55.610849 -49.429352 0.052030 0.098117 -0.019685 0.993619
978.000000 16.310155 -55.680690 -48.838682 0.052445 0.096825 -0.018812 0.993741
979.000000 16.381129 -55.748615 -48.239622 0.053139 0.097062 -0.018511 0.993686
980.000000 16.523023 -55.827251 -47.656196 0.053829 0.096044 -0.018645 0.993746
981.000000 16.629358 -55.901111 -47.067010 0.054491 0.095686 -0.018717 0.993743
982.000000 16.707785 -55.977534 -46.477626 0.054785 0.095442 -0.019304 0.993739
983.000000 16.835591 -56.051707 -45.897980 0.055375 0.094248 -0.018748 0.993831
984.000000 16.931609 -56.127833 -45.314754 0.055146 0.094406 -0.018007 0.993842
985.000000 17.004896 -56.183197 -44.727837 0.055235 0.093961 -0.016864 0.993899
986.000000 17.060738 -56.264510 -44.148203 0.055011 0.094380 -0.017727 0.993857
987.000000 17.122220 -56.331939 -43.570101 0.055052 0.094216 -0.018549 0.993855
988.000000 17.169480 -56.370897 -42.993068 0.055781 0.094654 -0.018288 0.993778
989.000000 17.238825 -56.445126 -42.428404 0.055558 0.095122 -0.018343 0.993745
990.000000 17.314067 -56.525210 -41.876355 0.055542 0.095456 -0.019079 0.993700
991.000000 17.398990 -56.601461 -41.333266 0.055622 0.096627 -0.019986 0.993564
992.000000 17.499916 -56.671852 -40.803466 0.055064 0.096967 -0.019969 0.993563
993.000000 17.614140 -56.745696 -40.289188 0.055090 0.096746 -0.019965 0.993583
994.000000 17.690234 -56.823928 -39.779175 0.054809 0.097701 -0.020688 0.993490
995.000000 17.763216 -56.894407 -39.279816 0.054723 0.098805 -0.020012 0.993399
996.000000 17.841316 -56.976628 -38.796143 0.054410 0.099600 -0.020660 0.993324
997.000000 17.938346 -57.045091 -38.325889 0.054299 0.100190 -0.019679 0.993291
998.000000 18.028313 -57.105611 -37.862577 0.054787 0.100279 -0.020181 0.993245
999.000000 18.125564 -57.172366 -37.415606 0.054820 0.100222 -0.019768 0.993257
1000.000000 18.230730 -57.237636 -36.979450 0.054563 0.100058 -0.020587 0.993271
1001.000000 18.352417 -57.304510 -36.563475 0.054524 0.099400 -0.020987 0.993331
1002.000000 18.411955 -57.362023 -36.149279 0.054499 0.100101 -0.021140 0.993259
1003.000000 18.508584 -57.413268 -35.741482 0.054457 0.100036 -0.020720 0.993276
1004.000000 18.599279 -57.465971 -35.385467 0.053754 0.099713 -0.022152 0.993316
1005.000000 18.672930 -57.511939 -35.026159 0.053449 0.099835 -0.022546 0.993312
1006.000000 18.759274 -57.559149 -34.698030 0.053534 0.099338 -0.021844 0.993373
1007.000000 18.822318 -57.602902 -34.385783 0.053544 0.099249 -0.020734 0.993405
1008.000000 18.889583 -57.642742 -34.091201 0.053978 0.099219 -0.020250 0.993394
1009.000000 18.926317 -57.676897 -33.808492 0.054362 0.100320 -0.020388 0.993260
1010.000000 18.972754 -57.712506 -33.538780 0.054868 0.100765 -0.020121 0.993192
1011.000000 19.037068 -57.751049 -33.280118 0.055085 0.100222 -0.020057 0.993237
1012.000000 19.085477 -57.790313 -33.026856 0.056050 0.099788 -0.019946 0.993229
1013.000000 19.125503 -57.834162 -32.774342 0.056506 0.100454 -0.019481 0.993145
1014.000000 19.183203 -57.872094 -32.525509 0.056087 0.100217 -0.019637 0.993189
1015.000000 19.249993 -57.901364 -32.279615 0.055627 0.099495 -0.018461 0.993310
1016.000000 19.315626 -57.926465 -32.036214 0.055452 0.099586 -0.018154 0.993317
1017.000000 19.372269 -57.967602 -31.793316 0.054776 0.098767 -0.017701 0.993444
1018.000000 19.437585 -58.006573 -31.553814 0.053999 0.097757 -0.016352 0.993610
1019.000000 19.488141 -58.045587 -31.314883 0.053682 0.097508 -0.015696 0.993662
1020.000000 19.522634 -58.078052 -31.070611 0.053542 0.097638 -0.015998 0.993652
1021.000000 19.581376 -58.112115 -30.832882 0.053571 0.096184 -0.015535 0.993800
1022.000000 19.629581 -58.145115 -30.593495 0.053435 0.094046 -0.014355 0.994029
1023.000000 19.641658 -58.160017 -30.349105 0.053866 0.092173 -0.014294 0.994182
1024.000000 19.667698 -58.197614 -30.109886 0.053672 0.089576 -0.013523 0.994441
1025.000000 19.680120 -58.227617 -29.870690 0.053912 0.086851 -0.013945 0.994664
1026.000000 19.761206 -58.245247 -29.643305 0.054808 0.081830 -0.014843 0.995027
1027.000000 19.792933 -58.278075 -29.410474 0.054873 0.078782 -0.015505 0.995260
1028.000000 19.867885 -58.294180 -29.187736 0.056029 0.075418 -0.015494 0.995456
1029.000000 19.873954 -58.329923 -28.952389 0.056006 0.073130 -0.016052 0.995619
1030.000000 19.984445 -58.355689 -28.746045 0.056469 0.068014 -0.014667 0.995977
1031.000000 20.058371 -58.369051 -28.522825 0.057177 0.065413 -0.015222 0.996103
1032.000000 20.072882 -58.415751 -28.295031 0.056760 0.064846 -0.016032 0.996151
1033.000000 20.107132 -58.428034 -28.066702 0.057409 0.064214 -0.016218 0.996151
1034.000000 20.132077 -58.467007 -27.841132 0.057326 0.064682 -0.016208 0.996126
1035.000000 20.122900 -58.495527 -27.614315 0.057102 0.066581 -0.016170 0.996014
1036.000000 20.158236 -58.512288 -27.390003 0.057181 0.067433 -0.015594 0.995962
1037.000000 20.265474 -58.572259 -27.194330 0.056011 0.066372 -0.015646 0.996099
1038.000000 20.298603 -58.592330 -26.970400 0.056376 0.067806 -0.015289 0.995987
1039.000000 20.321883 -58.609337 -26.746631 0.056911 0.069315 -0.015519 0.995849
1040.000000 20.361896 -58.652257 -26.529935 0.056654 0.069969 -0.015510 0.995818
1041.000000 20.446377 -58.681872 -26.323555 0.056613 0.070646 -0.015504 0.995773
1042.000000 20.480777 -58.713819 -26.104524 0.056426 0.072950 -0.015184 0.995622
1043.000000 20.525746 -58.747046 -25.887617 0.056246 0.073607 -0.015361 0.995581
1044.000000 20.585893 -58.777838 -25.670162 0.056792 0.074578 -0.015548 0.995475
1045.000000 20.675342 -58.803872 -25.453597 0.057832 0.075072 -0.015851 0.995373
1046.000000 20.693506 -58.829915 -25.208338 0.058415 0.077825 -0.015743 0.995130
1047.000000 20.755046 -58.872812 -24.960220 0.058174 0.080191 -0.015056 0.994967
1048.000000 20.777439 -58.895913 -24.691416 0.058482 0.083438 -0.014891 0.994684
1049.000000 20.780463 -58.930447 -24.411804 0.058439 0.086712 -0.014377 0.994414
1050.000000 20.800965 -58.970377 -24.122189 0.057551 0.089776 -0.014492 0.994192
1051.000000 20.871345 -59.011358 -23.831632 0.056571 0.092509 -0.014162 0.994003
1052.000000 20.974358 -59.062013 -23.544487 0.055472 0.095020 -0.013313 0.993839
1053.000000 21.007835 -59.101766 -23.231726 0.054736 0.098002 -0.012933 0.993596
1054.000000 21.039346 -59.124916 -22.909352 0.054512 0.099879 -0.013038 0.993420
1055.000000 21.034506 -59.142312 -22.575445 0.054717 0.103850 -0.012679 0.993006
1056.000000 21.148542 -59.183090 -22.256830 0.054421 0.104701 -0.012071 0.992940
1057.000000 21.241246 -59.229350 -21.923043 0.054103 0.106806 -0.011393 0.992741
1058.000000 21.377744 -59.295297 -21.600644 0.054198 0.106369 -0.009501 0.992803
1059.000000 21.493717 -59.333483 -21.256076 0.055976 0.106731 -0.008368 0.992676
1060.000000 21.562359 -59.368930 -20.887628 0.057712 0.107307 -0.009090 0.992508
1061.000000 21.630691 -59.430303 -20.511080 0.057509 0.108611 -0.010629 0.992363
1062.000000 21.694526 -59.467295 -20.116478 0.057660 0.110928 -0.013354 0.992065
1063.000000 21.832580 -59.495384 -19.730054 0.058075 0.113964 -0.012503 0.991707
1064.000000 21.973657 -59.537824 -19.352589 0.058175 0.117173 -0.008681 0.991368
1065.000000 22.081336 -59.589514 -18.969947 0.059652 0.119085 -0.004062 0.991082
1066.000000 22.153191 -59.648861 -18.589530 0.061196 0.117375 -0.001874 0.991199
1067.000000 22.232868 -59.720467 -18.216910 0.061892 0.110792 -0.003298 0.991909
1068.000000 22.270619 -59.753720 -17.838304 0.064726 0.102857 -0.006165 0.992569
1069.000000 22.329270 -59.784068 -17.465221 0.067531 0.093917 -0.008462 0.993251
1070.000000 22.342893 -59.815817 -17.091245 0.069191 0.085063 -0.007657 0.993941
1071.000000 22.350243 -59.869635 -16.721593 0.068714 0.074216 -0.005655 0.994856
1072.000000 22.323294 -59.894890 -16.349699 0.066926 0.064041 -0.006779 0.995678
1073.000000 22.333189 -59.925285 -15.980828 0.065345 0.051230 -0.008372 0.996512
1074.000000 22.307923 -59.956906 -15.620725 0.064270 0.039018 -0.009383 0.997125
1075.000000 22.294485 -60.013346 -15.269423 0.063253 0.026750 -0.009732 0.997591
1076.000000 22.305579 -60.054463 -14.918687 0.062600 0.014585 -0.009391 0.997888
1077.000000 22.295828 -60.101414 -14.569688 0.061593 0.003915 -0.008208 0.998060
1078.000000 22.292987 -60.164660 -14.225641 0.060069 -0.003373 -0.009392 0.998144
1079.000000 22.303216 -60.221087 -13.882367 0.057955 -0.009474 -0.011974 0.998202
1080.000000 22.263400 -60.256838 -13.542734 0.056711 -0.010075 -0.013828 0.998244
1081.000000 22.248054 -60.293504 -13.206389 0.056497 -0.007421 -0.014660 0.998268
1082.000000 22.243467 -60.340533 -12.875610 0.056176 -0.003039 -0.013879 0.998320
1083.000000 22.245568 -60.382003 -12.568279 0.054691 0.001082 -0.010871 0.998444
1084.000000 22.284572 -60.427046 -12.299107 0.053499 0.004833 -0.009960 0.998507
1085.000000 22.274704 -60.444210 -12.065168 0.052700 0.009776 -0.010529 0.998507
1086.000000 22.284513 -60.473098 -11.868888 0.052558 0.014125 -0.011148 0.998456
1087.000000 22.311694 -60.497296 -11.711587 0.052817 0.018596 -0.011273 0.998367
1088.000000 22.340617 -60.514891 -11.589774 0.053527 0.021776 -0.009421 0.998285
1089.000000 22.340617 -60.514891 -11.589774 0.053527 0.021776 -0.009421 0.998285
1090.000000 22.340617 -60.514891 -11.589774 0.053527 0.021776 -0.009421 0.998285
1091.000000 22.340617 -60.514891 -11.589774 0.053527 0.021776 -0.009421 0.998285
1092.000000 22.340617 -60.514891 -11.589774 0.053527 0.021776 -0.009421 0.998285
1093.000000 22.340617 -60.514891 -11.589774 0.053527 0.021776 -0.009421 0.998285
1094.000000 22.340617 -60.514891 -11.589774 0.053527 0.021776 -0.009421 0.998285
1095.000000 22.340617 -60.514891 -11.589774 0.053527 0.021776 -0.009421 0.998285
1096.000000 22.340617 -60.514891 -11.589774 0.053527 0.021776 -0.009421 0.998285
1097.000000 22.340617 -60.514891 -11.589774 0.053527 0.021776 -0.009421 0.998285
1098.000000 22.340617 -60.514891 -11.589774 0.053527 0.021776 -0.009421 0.998285
1099.000000 22.340617 -60.514891 -11.589774 0.053527 0.021776 -0.009421 0.998285
1100.000000 22.340617 -60.514891 -11.589774 0.053527 0.021776 -0.009421 0.998285
