1.000000 0.000000 0.000000 0.000000 0.000653 0.008379 -0.000976 0.999964
2.000000 0.000000 0.000000 0.000000 0.000412 0.019141 -0.002798 0.999813
3.000000 -0.003472 0.043057 1.302403 -0.000409 0.032928 -0.003954 0.999450
4.000000 0.049991 0.040951 1.472931 -0.001676 0.049572 -0.003839 0.998762
5.000000 0.130121 0.018311 1.647261 -0.003262 0.067318 -0.002769 0.997722
6.000000 0.203791 0.016816 1.841987 -0.003498 0.087407 -0.001718 0.996165
7.000000 0.329000 -0.010417 2.020847 -0.004378 0.108447 -0.002419 0.994090
8.000000 0.428448 -0.012012 2.232838 -0.005858 0.132631 -0.002887 0.991144
9.000000 0.537952 -0.016567 2.456045 -0.009676 0.157103 -0.002139 0.987533
10.000000 0.678834 -0.030352 2.680406 -0.014249 0.181363 0.000716 0.983313
11.000000 0.841070 -0.039555 2.896522 -0.016836 0.207792 0.002889 0.978024
12.000000 1.007971 -0.040876 3.119942 -0.018490 0.235311 0.003420 0.971738
13.000000 1.195615 -0.035703 3.346919 -0.020361 0.262754 0.003569 0.964641
14.000000 1.404492 -0.041833 3.570200 -0.022903 0.291053 0.005173 0.956419
15.000000 1.639612 -0.048162 3.784065 -0.025223 0.319463 0.007753 0.947231
16.000000 1.887547 -0.026341 4.004957 -0.026425 0.347058 0.009898 0.937419
17.000000 2.167967 -0.012573 4.208276 -0.027062 0.373186 0.012615 0.927276
18.000000 2.465226 0.001670 4.422053 -0.027353 0.399110 0.014161 0.916386
19.000000 2.778972 0.022680 4.641279 -0.026846 0.424367 0.013042 0.904998
20.000000 3.129549 0.018110 4.844348 -0.027558 0.447382 0.013320 0.893819
21.000000 3.423501 0.121971 5.135882 -0.027526 0.470065 0.016727 0.882044
22.000000 3.801023 0.170668 5.373962 -0.027384 0.489834 0.017583 0.871208
23.000000 4.220767 0.196984 5.590737 -0.026745 0.508308 0.017897 0.860574
24.000000 4.675626 0.223835 5.783151 -0.026486 0.525190 0.020078 0.850336
25.000000 5.143395 0.261096 6.000623 -0.025209 0.541023 0.022685 0.840324
26.000000 5.649852 0.278199 6.194425 -0.025328 0.554370 0.025381 0.831498
27.000000 6.181371 0.316484 6.394670 -0.024283 0.565525 0.027489 0.823915
28.000000 6.737132 0.353278 6.601355 -0.023870 0.574348 0.028517 0.817766
29.000000 7.331510 0.397506 6.780905 -0.024277 0.580060 0.029571 0.813675
30.000000 7.943270 0.447959 6.983739 -0.024294 0.584800 0.029734 0.810268
31.000000 8.584443 0.483044 7.179752 -0.025101 0.589255 0.029072 0.807034
32.000000 9.248978 0.531146 7.383258 -0.025556 0.593531 0.028502 0.803900
33.000000 9.934161 0.576802 7.586724 -0.026268 0.597673 0.028461 0.800804
34.000000 10.634942 0.645920 7.809856 -0.026533 0.602123 0.028552 0.797451
35.000000 11.359504 0.691837 8.024337 -0.026883 0.606493 0.027641 0.794154
36.000000 12.107368 0.737021 8.217900 -0.027436 0.610530 0.027555 0.791038
37.000000 12.871857 0.780791 8.419590 -0.028592 0.614659 0.026995 0.787812
38.000000 13.642021 0.844603 8.624483 -0.029375 0.619544 0.025415 0.784000
39.000000 14.423753 0.889541 8.813062 -0.030653 0.624588 0.024126 0.779980
40.000000 15.217362 0.935335 8.966988 -0.031483 0.629274 0.023704 0.776184
41.000000 16.008979 0.984009 9.132385 -0.031614 0.634623 0.024143 0.771797
42.000000 16.808859 1.035494 9.286521 -0.031039 0.640119 0.024830 0.767247
43.000000 17.617723 1.084240 9.412701 -0.030734 0.646087 0.025848 0.762206
44.000000 18.428256 1.130827 9.545358 -0.029478 0.654170 0.026014 0.755325
45.000000 19.245548 1.195469 9.660718 -0.027978 0.663778 0.026628 0.746932
46.000000 20.068446 1.249460 9.746510 -0.026690 0.675203 0.026765 0.736663
47.000000 20.902318 1.285215 9.785553 -0.026067 0.687080 0.026838 0.725618
48.000000 21.738499 1.323757 9.800784 -0.025773 0.699159 0.027857 0.713958
49.000000 22.576828 1.350572 9.799687 -0.025257 0.711176 0.028583 0.701978
50.000000 23.415702 1.398314 9.762257 -0.023768 0.722303 0.029470 0.690539
51.000000 24.253366 1.452198 9.702486 -0.021518 0.733287 0.030456 0.678896
52.000000 25.089324 1.492749 9.604734 -0.021744 0.743619 0.033856 0.667392
53.000000 25.925107 1.545291 9.497690 -0.021908 0.754396 0.038159 0.654943
54.000000 26.747431 1.603915 9.329370 -0.022985 0.763416 0.043260 0.644046
55.000000 27.570782 1.668739 9.152925 -0.023294 0.772605 0.047161 0.632704
56.000000 28.391493 1.739060 8.936895 -0.025516 0.780417 0.052298 0.622546
57.000000 29.205606 1.803232 8.721403 -0.024484 0.788346 0.057916 0.612011
58.000000 30.007947 1.880969 8.501503 -0.021259 0.795855 0.065691 0.601538
59.000000 30.798921 1.962653 8.263334 -0.015536 0.802791 0.073172 0.591550
60.000000 31.573196 2.065390 7.994252 -0.009840 0.809539 0.079711 0.581546
61.000000 32.351766 2.166188 7.715848 -0.007502 0.816741 0.084912 0.570674
62.000000 33.121747 2.278478 7.416594 -0.006176 0.823690 0.087051 0.560285
63.000000 33.878588 2.393475 7.084713 -0.006986 0.830004 0.087188 0.550857
64.000000 34.638222 2.516254 6.761895 -0.008106 0.836277 0.085418 0.541552
65.000000 35.381043 2.622513 6.409210 -0.011448 0.841947 0.085296 0.532653
66.000000 36.113141 2.739537 6.052999 -0.011604 0.845719 0.085845 0.526551
67.000000 36.844564 2.831821 5.712405 -0.011803 0.849075 0.087691 0.520810
68.000000 37.563006 2.942693 5.368487 -0.010755 0.851944 0.088874 0.515924
69.000000 38.271325 3.048261 5.010593 -0.007121 0.854982 0.088674 0.510972
70.000000 38.978015 3.165045 4.646521 -0.006611 0.858259 0.088344 0.505512
71.000000 39.670893 3.281006 4.254389 -0.006551 0.860475 0.089046 0.501608
72.000000 40.374844 3.393623 3.869266 -0.006882 0.862621 0.090594 0.497625
73.000000 41.097253 3.521631 3.496740 -0.005520 0.864032 0.092043 0.494921
74.000000 41.801069 3.652446 3.059579 -0.005087 0.863245 0.093345 0.496054
75.000000 42.548364 3.790430 2.660916 -0.005961 0.862305 0.093445 0.497657
76.000000 43.306181 3.932081 2.244327 -0.005833 0.860383 0.092990 0.501059
77.000000 44.083115 4.073872 1.829924 -0.005622 0.858346 0.092477 0.504637
78.000000 44.885320 4.208598 1.425134 -0.005484 0.856348 0.092175 0.508076
79.000000 45.698046 4.345717 1.005537 -0.004799 0.854448 0.091478 0.511397
80.000000 46.537663 4.480969 0.598853 -0.003201 0.853290 0.090166 0.513571
81.000000 47.388557 4.624196 0.175314 -0.001579 0.852573 0.088940 0.514982
82.000000 48.257207 4.764192 -0.248623 -0.000282 0.852976 0.088001 0.514478
83.000000 49.132224 4.896981 -0.693307 -0.000233 0.853200 0.087675 0.514161
84.000000 50.028362 5.028745 -1.119943 -0.000195 0.853518 0.087076 0.513736
85.000000 50.933358 5.168083 -1.563188 0.000135 0.853677 0.086538 0.513563
86.000000 51.855988 5.310526 -1.995813 0.000804 0.854213 0.085957 0.512769
87.000000 52.775515 5.450428 -2.449348 0.001780 0.854347 0.085495 0.512620
88.000000 53.699677 5.576870 -2.912142 0.002000 0.854429 0.084612 0.512628
89.000000 54.609161 5.707359 -3.396664 0.001875 0.853802 0.084675 0.513662
90.000000 55.524144 5.834509 -3.867699 0.002272 0.853398 0.084282 0.514396
91.000000 56.444418 5.962702 -4.323310 0.002330 0.853091 0.083489 0.515034
92.000000 57.358137 6.086720 -4.792116 0.001499 0.852578 0.082412 0.516059
93.000000 58.277606 6.194888 -5.247707 0.000744 0.852037 0.081303 0.517129
94.000000 59.180000 6.315938 -5.723059 -0.000919 0.851095 0.081409 0.518661
95.000000 60.100745 6.434183 -6.158962 -0.000306 0.850640 0.081147 0.519449
96.000000 61.015967 6.564549 -6.598144 -0.000559 0.850285 0.082238 0.519857
97.000000 61.921328 6.690929 -7.040107 -0.000072 0.850330 0.082912 0.519678
98.000000 62.814948 6.799291 -7.501556 0.001060 0.850802 0.083342 0.518835
99.000000 63.711921 6.914524 -7.942349 0.001692 0.852155 0.083433 0.516593
100.000000 64.568233 7.037181 -8.458911 0.000455 0.853379 0.083201 0.514609
101.000000 65.455858 7.161304 -8.909188 0.000744 0.855005 0.082126 0.512075
102.000000 66.336120 7.258146 -9.364404 0.001746 0.856990 0.080517 0.509001
103.000000 67.213600 7.367858 -9.805740 0.002329 0.858668 0.082028 0.505920
104.000000 68.058022 7.491013 -10.292450 0.002576 0.859862 0.083053 0.503719
105.000000 68.908922 7.606390 -10.768026 0.003948 0.861067 0.083457 0.501580
106.000000 69.760254 7.716753 -11.233214 0.004370 0.862269 0.083184 0.499553
107.000000 70.610891 7.828674 -11.694660 0.004012 0.863513 0.082556 0.497508
108.000000 71.455394 7.943500 -12.176262 0.000994 0.864335 0.079334 0.496620
109.000000 72.308162 8.051586 -12.638630 -0.000862 0.865675 0.074531 0.495026
110.000000 73.156295 8.151184 -13.096486 -0.001812 0.866608 0.073882 0.493486
111.000000 73.985163 8.240618 -13.557975 -0.000416 0.866800 0.075692 0.492878
112.000000 74.808971 8.340920 -14.017539 0.000759 0.867087 0.078845 0.491876
113.000000 75.623610 8.458906 -14.494473 -0.000989 0.867211 0.080531 0.491385
114.000000 76.441021 8.568293 -14.970160 -0.002917 0.867241 0.080903 0.491264
115.000000 77.251820 8.683691 -15.453106 -0.003560 0.867123 0.079493 0.491696
116.000000 78.074109 8.770506 -15.919434 -0.006142 0.867310 0.076962 0.491745
117.000000 78.882504 8.899703 -16.400111 -0.005857 0.867118 0.073888 0.492558
118.000000 79.698779 9.000810 -16.857730 -0.002474 0.867043 0.071186 0.493115
119.000000 80.522701 9.099660 -17.300751 0.000273 0.866736 0.068854 0.493992
120.000000 81.343666 9.170099 -17.748791 -0.002301 0.866790 0.068731 0.493908
121.000000 82.150130 9.250371 -18.213367 -0.004304 0.865809 0.070180 0.495410
122.000000 82.957164 9.357568 -18.664327 -0.004115 0.864246 0.071609 0.497930
123.000000 83.761531 9.460680 -19.122989 -0.006493 0.861925 0.072502 0.501784
124.000000 84.597450 9.546775 -19.531641 -0.010135 0.860447 0.073237 0.504147
125.000000 85.405230 9.677072 -19.970138 -0.008166 0.857203 0.073122 0.509696
126.000000 86.230949 9.790674 -20.384347 -0.007260 0.854063 0.071760 0.515145
127.000000 87.053117 9.889830 -20.806614 -0.009078 0.850606 0.069882 0.521060
128.000000 87.876511 9.990542 -21.211061 -0.009461 0.847182 0.069524 0.526649
129.000000 88.733823 10.084592 -21.550679 -0.009834 0.844801 0.068616 0.530572
130.000000 89.561612 10.201432 -21.935838 -0.009278 0.841025 0.069841 0.536390
131.000000 90.392387 10.291105 -22.312405 -0.007919 0.837202 0.071402 0.542155
132.000000 91.213911 10.393546 -22.686062 -0.007032 0.832848 0.075976 0.548217
133.000000 92.052422 10.502158 -23.024344 -0.005821 0.828895 0.077895 0.553923
134.000000 92.903228 10.605144 -23.350496 -0.007002 0.825399 0.076134 0.559349
135.000000 93.749590 10.737514 -23.676740 -0.004960 0.821846 0.074160 0.564840
136.000000 94.609760 10.838508 -23.950468 0.000128 0.819736 0.071858 0.568216
137.000000 95.463842 10.931396 -24.224678 0.006660 0.818025 0.071852 0.570638
138.000000 96.320673 11.026498 -24.491289 0.012681 0.816679 0.072576 0.572370
139.000000 97.179760 11.122707 -24.760255 0.018268 0.815556 0.071387 0.573968
140.000000 98.039751 11.186877 -25.039077 0.017895 0.814414 0.071459 0.575590
141.000000 98.889733 11.269774 -25.332128 0.019806 0.812654 0.071303 0.578029
142.000000 99.751009 11.345428 -25.604764 0.021320 0.811260 0.068240 0.580298
143.000000 100.623618 11.404006 -25.853679 0.019920 0.810332 0.066793 0.581810
144.000000 101.488617 11.459837 -26.107158 0.019570 0.808635 0.065514 0.584323
145.000000 102.349593 11.520268 -26.361318 0.023645 0.806671 0.063285 0.587127
146.000000 103.214043 11.567162 -26.595243 0.026431 0.804566 0.062730 0.589949
147.000000 104.073769 11.616242 -26.830613 0.026839 0.802594 0.064976 0.592369
148.000000 104.932980 11.671886 -27.074795 0.027097 0.800413 0.066695 0.595111
149.000000 105.790348 11.730477 -27.336244 0.026292 0.797658 0.066082 0.598902
150.000000 106.659903 11.774523 -27.571396 0.024492 0.795817 0.063911 0.601656
151.000000 107.534201 11.823652 -27.791116 0.024262 0.793693 0.062674 0.604594
152.000000 108.400709 11.864528 -28.006148 0.025652 0.791556 0.063974 0.607198
153.000000 109.272878 11.905296 -28.203583 0.026210 0.789632 0.065085 0.609556
154.000000 110.142571 11.950279 -28.411945 0.026667 0.787543 0.065060 0.612235
155.000000 111.019832 11.992395 -28.605214 0.025784 0.785382 0.065185 0.615030
156.000000 111.897920 12.032519 -28.786794 0.022542 0.783257 0.066811 0.617686
157.000000 112.775039 12.083438 -28.964718 0.021839 0.781133 0.067482 0.620323
158.000000 113.647971 12.140960 -29.157627 0.020843 0.778915 0.068178 0.623064
159.000000 114.530276 12.189370 -29.303983 0.022432 0.776725 0.066954 0.625870
160.000000 115.419192 12.235063 -29.411571 0.024037 0.775249 0.065819 0.627757
161.000000 116.297802 12.329530 -29.561710 0.024592 0.774009 0.066621 0.629179
162.000000 117.178357 12.377253 -29.717346 0.024184 0.772641 0.066987 0.630835
163.000000 118.054640 12.451702 -29.869903 0.024605 0.771003 0.068738 0.632633
164.000000 118.923128 12.537179 -30.084802 0.023542 0.769692 0.068341 0.634310
165.000000 119.804513 12.605366 -30.232440 0.020576 0.768731 0.069675 0.635432
166.000000 120.680897 12.664750 -30.392097 0.019693 0.767151 0.069948 0.637337
167.000000 121.555363 12.739452 -30.551962 0.021711 0.765162 0.070775 0.639568
168.000000 122.429953 12.800547 -30.690995 0.023400 0.763958 0.070859 0.640937
169.000000 123.302922 12.860395 -30.856117 0.024735 0.762882 0.069855 0.642276
170.000000 124.180533 12.907333 -30.994528 0.024960 0.762621 0.069071 0.642662
171.000000 125.058017 12.957689 -31.125762 0.022384 0.762496 0.068127 0.643007
172.000000 125.937048 13.002958 -31.280351 0.021647 0.762040 0.064975 0.643898
173.000000 126.809375 13.042041 -31.420442 0.020735 0.761872 0.064470 0.644178
174.000000 127.673312 13.079744 -31.546240 0.022305 0.761410 0.066158 0.644501
175.000000 128.533842 13.125906 -31.677968 0.023670 0.761273 0.067592 0.644464
176.000000 129.397683 13.154571 -31.802818 0.024528 0.761271 0.066240 0.644575
177.000000 130.262515 13.195525 -31.915857 0.025437 0.761492 0.065297 0.644375
178.000000 131.125968 13.218018 -32.017411 0.022595 0.761660 0.067238 0.644083
179.000000 131.971503 13.262425 -32.181346 0.024400 0.760614 0.067084 0.645268
180.000000 132.820852 13.306413 -32.297562 0.028642 0.760265 0.065512 0.645666
181.000000 133.664106 13.345766 -32.417491 0.031753 0.759822 0.064965 0.646098
182.000000 134.505073 13.393331 -32.531420 0.033268 0.760033 0.066390 0.645628
183.000000 135.339733 13.421942 -32.662668 0.031826 0.759646 0.067870 0.646002
184.000000 136.167150 13.449996 -32.785507 0.030886 0.758760 0.069178 0.646950
185.000000 136.999875 13.490529 -32.903025 0.027016 0.758662 0.071151 0.647024
186.000000 137.820592 13.538323 -33.037475 0.023468 0.757644 0.071531 0.648311
187.000000 138.648838 13.571206 -33.158470 0.018073 0.757185 0.071573 0.649015
188.000000 139.461421 13.628523 -33.281825 0.017551 0.755688 0.071981 0.650728
189.000000 140.268900 13.678413 -33.383578 0.019564 0.754091 0.073573 0.652343
190.000000 141.071683 13.723211 -33.488533 0.019413 0.751672 0.074849 0.654988
191.000000 141.873892 13.779230 -33.572022 0.019288 0.749301 0.075115 0.657673
192.000000 142.678788 13.837701 -33.650491 0.017373 0.746479 0.073644 0.661092
193.000000 143.478870 13.901892 -33.715929 0.017040 0.742726 0.073079 0.665377
194.000000 142.689174 13.845290 -33.630547 0.016304 0.737578 0.075107 0.670874
195.000000 141.896972 13.797180 -33.604985 0.015049 0.733013 0.076267 0.675758
196.000000 142.687169 13.848635 -33.651452 0.013241 0.728344 0.077371 0.680701
197.000000 143.467150 13.888294 -33.690349 0.011076 0.723563 0.078481 0.685693
198.000000 144.240528 13.933675 -33.702119 0.013120 0.718655 0.080229 0.690598
199.000000 145.003612 13.981351 -33.702332 0.017733 0.713740 0.081584 0.695417
200.000000 145.761650 14.050550 -33.723413 0.022774 0.708539 0.082071 0.700513
201.000000 146.527612 14.107845 -33.702081 0.023017 0.704041 0.082145 0.705017
202.000000 147.297579 14.150674 -33.679549 0.022690 0.699917 0.078013 0.709588
203.000000 148.058239 14.203878 -33.649177 0.024916 0.696260 0.074026 0.713528
204.000000 148.804283 14.260487 -33.598362 0.030687 0.693222 0.074363 0.716220
205.000000 149.545961 14.304689 -33.548225 0.035826 0.690729 0.075471 0.718272
206.000000 150.292271 14.351688 -33.497952 0.039982 0.689449 0.072862 0.719550
207.000000 151.050627 14.361533 -33.456410 0.038287 0.689456 0.070644 0.719857
208.000000 151.807228 14.376940 -33.424170 0.037398 0.690073 0.067671 0.719598
209.000000 152.562828 14.407879 -33.419854 0.035794 0.690717 0.068135 0.719017
210.000000 153.310652 14.424771 -33.367944 0.035823 0.692058 0.068166 0.717723
211.000000 154.057286 14.445238 -33.351693 0.035343 0.693200 0.068804 0.716582
212.000000 154.810083 14.468022 -33.320261 0.035131 0.694838 0.068428 0.715041
213.000000 155.557917 14.493967 -33.296024 0.036033 0.696711 0.067759 0.713235
214.000000 156.305552 14.509921 -33.272364 0.036101 0.698817 0.066420 0.711294
215.000000 157.051807 14.527380 -33.253666 0.035183 0.701164 0.065457 0.709117
216.000000 157.787258 14.548802 -33.247994 0.035750 0.702889 0.064928 0.707427
217.000000 158.519540 14.565566 -33.231774 0.037341 0.704698 0.064437 0.705588
218.000000 159.247697 14.584253 -33.235361 0.038670 0.705719 0.065169 0.704427
219.000000 159.969724 14.595388 -33.224571 0.039520 0.706591 0.065902 0.703438
220.000000 160.684975 14.620344 -33.196690 0.040377 0.707858 0.066698 0.702039
221.000000 161.405715 14.623611 -33.215828 0.037288 0.707166 0.067558 0.702825
222.000000 162.124112 14.635380 -33.217167 0.034849 0.705941 0.067123 0.704221
223.000000 162.833775 14.644304 -33.185315 0.034027 0.703773 0.067630 0.706380
224.000000 163.534424 14.659738 -33.157441 0.032481 0.700159 0.069620 0.709842
225.000000 164.230855 14.678826 -33.125667 0.030970 0.695287 0.070901 0.714556
226.000000 164.923235 14.701706 -33.098322 0.029137 0.689457 0.070629 0.720286
227.000000 165.606060 14.728567 -33.019621 0.028776 0.684075 0.067502 0.725711
228.000000 166.289523 14.758510 -32.967781 0.026654 0.678050 0.065014 0.731650
229.000000 166.969555 14.782374 -32.939321 0.023187 0.670939 0.062943 0.738472
230.000000 167.638758 14.813244 -32.856410 0.021415 0.664722 0.059759 0.744389
231.000000 168.298768 14.836447 -32.756776 0.019555 0.658449 0.057346 0.750183
232.000000 168.944167 14.849794 -32.634684 0.018406 0.651966 0.056604 0.755909
233.000000 169.589813 14.838677 -32.520617 0.015240 0.644681 0.057341 0.762146
234.000000 170.220919 14.862910 -32.424089 0.014911 0.637442 0.056895 0.768250
235.000000 170.843722 14.887193 -32.271998 0.015827 0.631344 0.054351 0.773434
236.000000 171.458989 14.904707 -32.112449 0.015117 0.625834 0.052992 0.778008
237.000000 172.079252 14.916031 -31.971067 0.012506 0.620819 0.053533 0.782024
238.000000 172.690814 14.936782 -31.817670 0.011116 0.616079 0.054776 0.785699
239.000000 173.294659 14.970873 -31.673260 0.013303 0.610686 0.055453 0.789816
240.000000 173.887451 14.984665 -31.512367 0.016732 0.606301 0.056185 0.793071
241.000000 174.476699 14.979853 -31.365250 0.019976 0.602040 0.059312 0.796009
242.000000 175.059912 14.993052 -31.185814 0.020813 0.598518 0.063752 0.798297
243.000000 175.649764 15.012371 -31.010914 0.019568 0.595800 0.063179 0.800405
244.000000 176.243603 15.029402 -30.805182 0.016747 0.593772 0.059781 0.802235
245.000000 176.839910 15.036303 -30.597583 0.013167 0.592553 0.054462 0.803580
246.000000 177.446768 15.039951 -30.421114 0.009578 0.591695 0.052016 0.804425
247.000000 178.040219 15.047942 -30.234325 0.008457 0.591138 0.053687 0.804737
248.000000 178.627890 15.072512 -30.040160 0.008856 0.590912 0.055832 0.804753
249.000000 179.214537 15.093448 -29.839404 0.008216 0.590431 0.056885 0.805039
250.000000 179.810547 15.118222 -29.653989 0.007510 0.589097 0.055535 0.806117
251.000000 180.411879 15.131573 -29.472892 0.005388 0.587544 0.054464 0.807339
252.000000 181.024626 15.145463 -29.289983 0.001895 0.585380 0.053844 0.808967
253.000000 181.629694 15.172048 -29.075046 0.000184 0.583690 0.053785 0.810193
254.000000 182.233505 15.194058 -28.845934 -0.001371 0.581875 0.053817 0.811495
255.000000 182.843560 15.225526 -28.628914 -0.003083 0.578699 0.053751 0.813762
256.000000 183.444652 15.240433 -28.391097 -0.004741 0.575067 0.054212 0.816294
257.000000 184.047196 15.273763 -28.158048 -0.003927 0.570226 0.054260 0.819685
258.000000 184.635797 15.299582 -27.886292 -0.002020 0.565722 0.054285 0.822805
259.000000 185.237154 15.336330 -27.627339 -0.000407 0.560575 0.054562 0.826304
260.000000 185.860175 15.377233 -27.392505 -0.000953 0.554623 0.055627 0.830240
261.000000 186.477353 15.409721 -27.117742 -0.002642 0.549783 0.055009 0.833490
262.000000 187.080439 15.429849 -26.816923 -0.003775 0.545132 0.054074 0.836596
263.000000 187.688859 15.457876 -26.527404 -0.004220 0.540098 0.053027 0.839919
264.000000 188.310111 15.497877 -26.236268 -0.004484 0.535319 0.050831 0.843107
265.000000 188.922554 15.527119 -25.920801 -0.003685 0.532107 0.049150 0.845241
266.000000 189.550719 15.555215 -25.602195 -0.004995 0.530353 0.048158 0.846394
267.000000 190.186301 15.582518 -25.276544 -0.006862 0.529745 0.048294 0.846753
268.000000 190.821548 15.612868 -24.961830 -0.006850 0.529700 0.050801 0.846635
269.000000 191.461890 15.634824 -24.633862 -0.007277 0.530622 0.051437 0.846015
270.000000 192.120292 15.676487 -24.319476 -0.006882 0.530447 0.053783 0.845982
271.000000 192.797214 15.725527 -24.010306 -0.008450 0.529329 0.055338 0.846568
272.000000 193.475046 15.775246 -23.698551 -0.011321 0.528658 0.055872 0.846918
273.000000 194.141580 15.821885 -23.355592 -0.012716 0.529545 0.056196 0.846323
274.000000 194.815360 15.868565 -23.027349 -0.013313 0.530288 0.055665 0.845884
275.000000 195.482751 15.917517 -22.681832 -0.012807 0.531311 0.054791 0.845306
276.000000 196.155286 15.958945 -22.348458 -0.013017 0.532191 0.053982 0.844801
277.000000 196.824624 15.999465 -22.018325 -0.012574 0.532910 0.054222 0.844339
278.000000 197.495794 16.027207 -21.689927 -0.011422 0.533530 0.055454 0.843884
279.000000 198.161148 16.074133 -21.359787 -0.008426 0.533697 0.056751 0.843727
280.000000 198.825286 16.116600 -21.023929 -0.006701 0.534545 0.056052 0.843253
281.000000 199.500315 16.159772 -20.699406 -0.007528 0.535049 0.054615 0.843020
282.000000 200.162782 16.198259 -20.354405 -0.008571 0.536153 0.052547 0.842440
283.000000 200.829598 16.229892 -20.017097 -0.007719 0.537505 0.050416 0.841717
284.000000 201.499637 16.259618 -19.685804 -0.007067 0.539852 0.048538 0.840329
285.000000 202.171963 16.295174 -19.369706 -0.007638 0.542730 0.048761 0.838456
286.000000 202.839540 16.324178 -19.039819 -0.007542 0.547105 0.048869 0.835602
287.000000 203.508760 16.352557 -18.729021 -0.006816 0.552291 0.050675 0.832082
288.000000 204.192230 16.409830 -18.442842 -0.004165 0.557332 0.051662 0.828670
289.000000 204.883485 16.452223 -18.172518 -0.003640 0.561977 0.050976 0.825572
290.000000 205.578704 16.489571 -17.899237 -0.007316 0.567007 0.051456 0.822072
291.000000 206.281038 16.521260 -17.645285 -0.011860 0.570797 0.051596 0.819383
292.000000 206.971780 16.575441 -17.378863 -0.013924 0.574526 0.050903 0.816783
293.000000 207.668866 16.631671 -17.124359 -0.012686 0.576488 0.047745 0.815611
294.000000 208.376157 16.673465 -16.897913 -0.014419 0.576381 0.048886 0.815590
295.000000 209.079423 16.722745 -16.635064 -0.014846 0.577168 0.049326 0.814999
296.000000 209.778883 16.767279 -16.370723 -0.013527 0.577803 0.049114 0.814585
297.000000 210.488316 16.827374 -16.119839 -0.011893 0.577511 0.048832 0.814835
298.000000 211.197219 16.869377 -15.850551 -0.012086 0.577629 0.048155 0.814788
299.000000 211.910207 16.913951 -15.587931 -0.012178 0.577072 0.047216 0.815236
300.000000 212.626475 16.960655 -15.328343 -0.012762 0.576604 0.047299 0.815554
301.000000 213.329118 17.012791 -15.026466 -0.012367 0.576766 0.047929 0.815408
302.000000 214.052535 17.057130 -14.752297 -0.013102 0.575666 0.048026 0.816168
303.000000 214.784884 17.095245 -14.497959 -0.013698 0.572899 0.046052 0.818217
304.000000 215.502059 17.146612 -14.185238 -0.015722 0.571165 0.044489 0.819478
305.000000 216.227937 17.190758 -13.897066 -0.017220 0.569120 0.042882 0.820955
306.000000 216.951534 17.230361 -13.591546 -0.016979 0.567868 0.041955 0.821874
307.000000 217.678433 17.266629 -13.289903 -0.014231 0.566177 0.040527 0.823164
308.000000 218.406180 17.324264 -12.990274 -0.009862 0.564291 0.038679 0.824610
309.000000 219.132632 17.359624 -12.677007 -0.008178 0.562430 0.037785 0.825941
310.000000 219.858769 17.395693 -12.350121 -0.007339 0.561339 0.036516 0.826747
311.000000 220.586842 17.415709 -12.033101 -0.006422 0.559759 0.036416 0.827830
312.000000 221.317181 17.440451 -11.706891 -0.005100 0.558136 0.036857 0.828915
313.000000 222.053374 17.462000 -11.390418 -0.005135 0.556099 0.036806 0.830285
314.000000 222.779531 17.477339 -11.055730 -0.006012 0.554886 0.036599 0.831099
315.000000 223.512283 17.492580 -10.749210 -0.007127 0.552784 0.038683 0.832396
316.000000 224.237407 17.520576 -10.439315 -0.007333 0.550752 0.040047 0.833675
317.000000 224.961847 17.548762 -10.123880 -0.006791 0.548416 0.040974 0.835174
318.000000 225.686447 17.573084 -9.796603 -0.007440 0.546465 0.039342 0.836524
319.000000 226.412809 17.596151 -9.484138 -0.007624 0.543734 0.038317 0.838348
320.000000 227.128573 17.612499 -9.174594 -0.007310 0.541393 0.041083 0.839733
321.000000 227.812207 17.603586 -8.799224 -0.005350 0.540939 0.042266 0.839982
322.000000 228.349267 17.512211 -8.234665 -0.004630 0.542115 0.043304 0.839175
323.000000 229.066976 17.562842 -7.897445 -0.003927 0.540549 0.039650 0.840369
324.000000 229.790481 17.585299 -7.555756 -0.008752 0.539531 0.036493 0.841129
325.000000 230.518630 17.603656 -7.215855 -0.015281 0.538797 0.035222 0.841561
326.000000 231.242832 17.634973 -6.866751 -0.019069 0.538298 0.032397 0.841916
327.000000 231.957281 17.668512 -6.506737 -0.019225 0.538061 0.030642 0.842129
328.000000 232.669164 17.695536 -6.164698 -0.017220 0.536653 0.031783 0.843029
329.000000 233.373335 17.733713 -5.806269 -0.014129 0.534702 0.033617 0.844254
330.000000 234.085003 17.767551 -5.458676 -0.012133 0.532641 0.034705 0.845542
331.000000 234.797558 17.790102 -5.110829 -0.011104 0.530746 0.035500 0.846714
332.000000 235.503917 17.817108 -4.753729 -0.010283 0.528953 0.036111 0.847820
333.000000 236.215100 17.852562 -4.392993 -0.010749 0.526983 0.036216 0.849035
334.000000 236.922004 17.876358 -4.008192 -0.013763 0.525717 0.035673 0.849800
335.000000 237.662407 17.929327 -3.691950 -0.016123 0.523549 0.035397 0.851107
336.000000 238.373711 17.959786 -3.303760 -0.018689 0.522653 0.034192 0.851654
337.000000 239.088650 17.995949 -2.920356 -0.021611 0.522065 0.033538 0.851972
338.000000 239.796902 18.019726 -2.512726 -0.025282 0.521712 0.032201 0.852139
339.000000 240.505541 18.063303 -2.118371 -0.025515 0.520981 0.032116 0.852582
340.000000 241.200305 18.100241 -1.725897 -0.019620 0.520415 0.030344 0.853149
341.000000 241.907650 18.144333 -1.358770 -0.012454 0.519612 0.033174 0.853667
342.000000 242.597539 18.187461 -0.964055 -0.008333 0.519602 0.035156 0.853644
343.000000 243.314302 18.222238 -0.585191 -0.009092 0.519688 0.034399 0.853615
344.000000 244.043070 18.246628 -0.217398 -0.011495 0.519506 0.032440 0.853773
345.000000 244.760995 18.270809 0.160860 -0.012047 0.518813 0.032390 0.854189
346.000000 245.478245 18.287917 0.539689 -0.012236 0.518479 0.033478 0.854347
347.000000 246.191848 18.295631 0.938912 -0.013944 0.518342 0.034419 0.854367
348.000000 246.914298 18.332655 1.327965 -0.016189 0.517509 0.033800 0.854856
349.000000 247.626211 18.354804 1.728732 -0.017297 0.517306 0.032552 0.855006
350.000000 248.342537 18.390837 2.118881 -0.016631 0.516865 0.032043 0.855306
351.000000 249.059708 18.422680 2.502892 -0.014911 0.516117 0.033700 0.855725
352.000000 249.777068 18.468789 2.884056 -0.013777 0.514818 0.034445 0.856497
353.000000 250.496361 18.498953 3.269832 -0.015647 0.513702 0.035435 0.857094
354.000000 251.213120 18.538308 3.661626 -0.016761 0.512028 0.034699 0.858104
355.000000 251.924091 18.582532 4.066933 -0.017438 0.510378 0.033979 0.859102
356.000000 252.637437 18.627209 4.463352 -0.017439 0.508210 0.035164 0.860338
357.000000 253.347535 18.667365 4.860981 -0.016475 0.505442 0.035672 0.861965
358.000000 254.027932 18.696137 5.307233 -0.013746 0.503839 0.034448 0.863001
359.000000 254.724244 18.725835 5.722214 -0.012254 0.501352 0.035773 0.864417
360.000000 255.414094 18.754732 6.158836 -0.012048 0.498435 0.037499 0.866032
361.000000 256.117608 18.798775 6.574105 -0.012800 0.493917 0.039727 0.868506
362.000000 256.788823 18.796742 7.044355 -0.015355 0.489747 0.041685 0.870732
363.000000 257.472730 18.838224 7.485419 -0.015783 0.483251 0.042615 0.874302
364.000000 258.160744 18.859114 7.934456 -0.018175 0.476268 0.041914 0.878113
365.000000 258.829212 18.896840 8.416957 -0.020932 0.469548 0.041177 0.881698
366.000000 259.488420 18.940459 8.908674 -0.022331 0.463362 0.039137 0.885023
367.000000 260.153939 18.963778 9.389341 -0.023046 0.457736 0.037032 0.888017
368.000000 260.797249 19.006369 9.889867 -0.020651 0.453121 0.034716 0.890533
369.000000 261.434775 19.049039 10.396836 -0.018477 0.450383 0.032636 0.892047
370.000000 262.075540 19.092779 10.906814 -0.016396 0.450087 0.030132 0.892326
371.000000 262.719657 19.121682 11.410933 -0.013076 0.451993 0.026865 0.891521
372.000000 263.364163 19.137142 11.909316 -0.009466 0.456079 0.024687 0.889547
373.000000 264.023204 19.164927 12.382825 -0.006498 0.460980 0.024802 0.887040
374.000000 264.701248 19.171199 12.830466 -0.007687 0.466209 0.027935 0.884200
375.000000 265.401397 19.172040 13.257614 -0.008801 0.471394 0.027105 0.881462
376.000000 266.075847 19.199595 13.716661 -0.008321 0.476499 0.025902 0.878754
377.000000 266.759691 19.216229 14.162062 -0.009514 0.481181 0.026888 0.876157
378.000000 267.449718 19.237948 14.590393 -0.009185 0.485337 0.029610 0.873777
379.000000 268.143725 19.250440 15.010701 -0.009290 0.489325 0.031383 0.871487
380.000000 268.841687 19.268659 15.438559 -0.007936 0.493061 0.030835 0.869412
381.000000 269.537644 19.292926 15.868408 -0.008135 0.496304 0.029208 0.867619
382.000000 270.243311 19.316362 16.294628 -0.009074 0.498943 0.026512 0.866182
383.000000 270.952654 19.328839 16.718711 -0.010966 0.501574 0.023790 0.864718
384.000000 271.669682 19.350126 17.134577 -0.012373 0.503490 0.023114 0.863603
385.000000 272.387751 19.360063 17.537707 -0.010764 0.504679 0.022225 0.862954
386.000000 273.085324 19.367607 17.968711 -0.006046 0.505974 0.021798 0.862252
387.000000 273.821674 19.391316 18.318877 -0.000132 0.505047 0.025230 0.862723
388.000000 274.533998 19.402266 18.732541 0.002305 0.505691 0.028194 0.862251
389.000000 275.266133 19.417606 19.130401 0.002009 0.505616 0.027663 0.862313
390.000000 275.992143 19.420915 19.558719 0.000700 0.506258 0.025868 0.861994
391.000000 276.730305 19.438631 19.962247 -0.000314 0.506120 0.025846 0.862076
392.000000 277.470360 19.439670 20.378624 -0.002049 0.505711 0.026996 0.862278
393.000000 278.189528 19.428201 20.840253 -0.003518 0.505515 0.025968 0.862420
394.000000 278.951537 19.421609 21.234809 -0.005524 0.503006 0.027400 0.863831
395.000000 279.700821 19.439955 21.658503 -0.005928 0.500749 0.027741 0.865128
396.000000 280.440095 19.428870 22.107610 -0.006846 0.498243 0.028216 0.866551
397.000000 281.162077 19.440491 22.591755 -0.006111 0.496944 0.026378 0.867360
398.000000 281.877554 19.440501 23.076975 -0.005402 0.495306 0.027016 0.868282
399.000000 282.619903 19.466211 23.531689 -0.004596 0.493134 0.029392 0.869445
400.000000 283.362208 19.479660 23.986421 -0.004075 0.490127 0.032287 0.871043
401.000000 284.100560 19.494471 24.462678 -0.003781 0.486846 0.033474 0.872838
402.000000 284.823050 19.506713 24.976581 -0.004354 0.483335 0.032631 0.874816
403.000000 285.566226 19.527716 25.469835 -0.006551 0.479888 0.030306 0.876782
404.000000 286.321598 19.555082 25.961498 -0.008291 0.476345 0.027058 0.878803
405.000000 287.064846 19.564439 26.485352 -0.009977 0.473099 0.022821 0.880657
406.000000 287.809697 19.572132 27.002000 -0.011549 0.469402 0.021318 0.882652
407.000000 288.537833 19.585744 27.535253 -0.009732 0.465597 0.021756 0.884676
408.000000 289.255973 19.591718 28.071221 -0.006350 0.462152 0.023051 0.886478
409.000000 289.999452 19.603567 28.560105 -0.002748 0.457639 0.024981 0.888783
410.000000 290.724063 19.610411 29.081453 -0.001208 0.453703 0.028574 0.890694
411.000000 291.439472 19.613380 29.620730 -0.000970 0.449743 0.032834 0.892554
412.000000 292.165445 19.639421 30.161581 -0.002853 0.445814 0.036027 0.894396
413.000000 292.889568 19.651576 30.726694 -0.006197 0.441737 0.036399 0.896384
414.000000 293.603109 19.680447 31.314104 -0.010085 0.438119 0.036656 0.898113
415.000000 294.333836 19.717770 31.881649 -0.011958 0.433732 0.036366 0.900228
416.000000 295.050451 19.746815 32.466568 -0.013154 0.429912 0.035698 0.902069
417.000000 295.776016 19.797422 33.130302 -0.011722 0.426873 0.033208 0.903625
418.000000 296.538165 19.813284 33.790355 -0.012685 0.423443 0.031704 0.905279
419.000000 297.296999 19.853603 34.456134 -0.013280 0.420959 0.032349 0.906405
420.000000 298.041795 19.880138 35.102745 -0.012838 0.418349 0.032293 0.907621
421.000000 298.779192 19.914948 35.748301 -0.011103 0.415596 0.034190 0.908839
422.000000 299.515675 19.941033 36.396972 -0.009936 0.412430 0.035414 0.910247
423.000000 300.238735 19.980287 37.056732 -0.009540 0.410195 0.035562 0.911254
424.000000 300.962054 19.999352 37.726151 -0.011104 0.407858 0.032697 0.912392
425.000000 301.695364 20.011048 38.383179 -0.014638 0.404913 0.031708 0.913688
426.000000 302.409977 20.044266 39.055952 -0.013564 0.402304 0.031246 0.914872
427.000000 303.120299 20.070243 39.707184 -0.011376 0.399282 0.030993 0.916234
428.000000 303.821699 20.089654 40.385644 -0.009120 0.396562 0.032830 0.917375
429.000000 304.523629 20.111621 41.053102 -0.010124 0.393646 0.035606 0.918517
430.000000 305.208915 20.125683 41.744698 -0.011425 0.391820 0.036887 0.919231
431.000000 305.910970 20.155431 42.406011 -0.012463 0.388968 0.038967 0.920343
432.000000 306.595096 20.189173 43.091644 -0.013068 0.386058 0.040849 0.921477
433.000000 307.315833 20.221383 43.729303 -0.015400 0.381537 0.044246 0.923166
434.000000 307.972892 20.254881 44.431238 -0.015507 0.379208 0.041451 0.924253
435.000000 308.646585 20.295385 45.115150 -0.015627 0.376373 0.041968 0.925385
436.000000 309.295143 20.338170 45.809662 -0.014039 0.373751 0.041832 0.926479
437.000000 309.947929 20.380034 46.508967 -0.013381 0.371403 0.040293 0.927501
438.000000 310.603843 20.413966 47.197338 -0.013880 0.368627 0.041849 0.928531
439.000000 311.258695 20.447827 47.887295 -0.015185 0.365131 0.040457 0.929953
440.000000 311.848642 20.464467 48.625656 -0.014606 0.364044 0.042095 0.930315
441.000000 312.475702 20.503619 49.335683 -0.015609 0.361770 0.042996 0.931145
442.000000 313.108694 20.537380 50.044345 -0.015941 0.359434 0.039895 0.932181
443.000000 313.733997 20.576643 50.758287 -0.016155 0.357248 0.036968 0.933138
444.000000 314.356870 20.608634 51.472351 -0.016775 0.355098 0.037034 0.933945
445.000000 314.973892 20.654709 52.191365 -0.019571 0.354477 0.037307 0.934115
446.000000 315.587210 20.686614 52.904588 -0.018986 0.353331 0.035936 0.934615
447.000000 316.211879 20.720700 53.607469 -0.016717 0.352130 0.036825 0.935077
448.000000 316.811976 20.743229 54.323111 -0.013771 0.352066 0.039097 0.935057
449.000000 317.414925 20.786266 55.042975 -0.013453 0.352755 0.039022 0.934805
450.000000 318.040808 20.821265 55.750993 -0.014218 0.353006 0.037510 0.934761
451.000000 318.662029 20.858756 56.469190 -0.016462 0.353976 0.036636 0.934392
452.000000 319.274664 20.892388 57.200266 -0.017146 0.355999 0.036717 0.933607
453.000000 319.915965 20.943812 57.901566 -0.016298 0.358336 0.036747 0.932727
454.000000 320.554382 20.976043 58.605712 -0.013322 0.361105 0.035686 0.931747
455.000000 321.172705 20.996315 59.329868 -0.011383 0.365243 0.035959 0.930148
456.000000 321.812034 21.004416 60.043790 -0.010835 0.368733 0.036477 0.928756
457.000000 322.482674 21.025331 60.734928 -0.011297 0.372291 0.036218 0.927340
458.000000 323.150125 21.048217 61.432357 -0.011503 0.375748 0.036128 0.925946
459.000000 323.801789 21.071105 62.149818 -0.012567 0.380462 0.033795 0.924093
460.000000 324.489373 21.099408 62.845552 -0.015394 0.384650 0.032362 0.922367
461.000000 325.174673 21.115567 63.546185 -0.018483 0.388873 0.029582 0.920631
462.000000 325.855598 21.143183 64.237295 -0.016226 0.393222 0.028955 0.918844
463.000000 326.558394 21.172911 64.904281 -0.013205 0.396354 0.029977 0.917513
464.000000 327.251889 21.190163 65.587498 -0.011196 0.399455 0.031270 0.916151
465.000000 327.996771 21.220226 66.226562 -0.011812 0.402310 0.032150 0.914862
466.000000 328.748561 21.241291 66.868100 -0.012941 0.404931 0.031227 0.913722
467.000000 329.489833 21.275048 67.522660 -0.013422 0.407821 0.032052 0.912401
468.000000 330.238240 21.314910 68.174562 -0.013985 0.410180 0.032174 0.911330
469.000000 330.988079 21.350771 68.828229 -0.014535 0.412614 0.031797 0.910235
470.000000 331.765608 21.389082 69.456399 -0.014763 0.413888 0.031533 0.909662
471.000000 332.497104 21.431625 70.135590 -0.013655 0.416586 0.030116 0.908495
472.000000 333.256219 21.469873 70.790972 -0.013006 0.418663 0.029566 0.907567
473.000000 334.008780 21.487277 71.457994 -0.012577 0.421083 0.028569 0.906485
474.000000 334.759474 21.516208 72.132446 -0.012009 0.423195 0.028208 0.905520
475.000000 335.531233 21.536406 72.781561 -0.012349 0.424993 0.028943 0.904649
476.000000 336.314525 21.568780 73.429219 -0.012579 0.426466 0.028724 0.903960
477.000000 337.083246 21.598340 74.088953 -0.012767 0.428262 0.029040 0.903098
478.000000 337.874621 21.632435 74.721814 -0.013061 0.429423 0.028538 0.902558
479.000000 338.657648 21.661835 75.367610 -0.013357 0.430647 0.027650 0.901998
480.000000 339.431498 21.681217 76.016027 -0.013060 0.432240 0.027884 0.901233
481.000000 340.205374 21.713663 76.663912 -0.011023 0.433964 0.028409 0.900415
482.000000 340.996240 21.744058 77.293616 -0.011070 0.434458 0.028732 0.900166
483.000000 341.790433 21.771781 77.928359 -0.013939 0.434975 0.029180 0.899862
484.000000 342.595013 21.812671 78.553084 -0.017897 0.434734 0.029555 0.899896
485.000000 343.391268 21.844110 79.190539 -0.020577 0.435128 0.029095 0.899663
486.000000 344.195565 21.872205 79.804490 -0.020660 0.434559 0.030304 0.899897
487.000000 344.973831 21.910343 80.441376 -0.018406 0.434653 0.033158 0.899799
488.000000 345.768577 21.939295 81.059115 -0.015549 0.435024 0.034802 0.899612
489.000000 346.555987 21.977080 81.688727 -0.015203 0.435415 0.036718 0.899352
490.000000 347.358297 22.012571 82.314380 -0.016968 0.435846 0.038020 0.899058
491.000000 348.163618 22.056935 82.932453 -0.019617 0.435704 0.038870 0.899036
492.000000 348.966816 22.101236 83.553707 -0.022475 0.435531 0.039612 0.899021
493.000000 349.754667 22.144621 84.195957 -0.024923 0.435464 0.040372 0.898955
494.000000 350.539477 22.182906 84.833325 -0.026245 0.435361 0.039979 0.898985
495.000000 351.335368 22.235749 85.459029 -0.024843 0.435549 0.039324 0.898962
496.000000 352.100975 22.294829 86.113942 -0.023548 0.436221 0.040083 0.898638
497.000000 352.878844 22.353389 86.764650 -0.024065 0.436157 0.040404 0.898641
498.000000 353.674913 22.406392 87.395131 -0.025707 0.436329 0.039909 0.898534
499.000000 354.487841 22.421847 87.998482 -0.027660 0.436380 0.041463 0.898381
500.000000 355.274414 22.477176 88.635953 -0.027834 0.437123 0.043504 0.897918
501.000000 356.075268 22.563560 89.248127 -0.026838 0.436677 0.044232 0.898129
502.000000 356.858785 22.628788 89.888533 -0.027458 0.436963 0.044749 0.897946
503.000000 357.656503 22.704055 90.510484 -0.028314 0.436504 0.044709 0.898144
504.000000 358.444851 22.770617 91.141670 -0.029891 0.436202 0.046309 0.898159
505.000000 359.251793 22.850194 91.743469 -0.031792 0.435425 0.048487 0.898356
506.000000 360.042676 22.934312 92.361172 -0.033351 0.434883 0.050564 0.898447
507.000000 360.824933 23.012674 92.982501 -0.035976 0.434357 0.053107 0.898454
508.000000 361.606384 23.093546 93.600588 -0.037984 0.433248 0.056164 0.898721
509.000000 362.384636 23.186920 94.214513 -0.039675 0.432155 0.056763 0.899136
510.000000 363.145287 23.285479 94.843704 -0.041218 0.431430 0.058512 0.899303
511.000000 363.884811 23.387741 95.482478 -0.041967 0.431120 0.058383 0.899425
512.000000 364.621978 23.477992 96.110370 -0.041391 0.430944 0.057238 0.899610
513.000000 365.357405 23.572078 96.723103 -0.041656 0.430284 0.057336 0.899907
514.000000 366.088859 23.669307 97.321969 -0.042067 0.429524 0.057452 0.900244
515.000000 366.803177 23.763898 97.921542 -0.043322 0.428921 0.056984 0.900501
516.000000 367.495730 23.867381 98.525685 -0.044189 0.428922 0.055041 0.900580
517.000000 368.181132 23.954326 99.122130 -0.045885 0.429504 0.050961 0.900458
518.000000 368.851452 24.045211 99.707483 -0.047231 0.430271 0.046630 0.900257
519.000000 369.510592 24.124764 100.282082 -0.046656 0.431208 0.042139 0.900059
520.000000 370.166518 24.205602 100.830681 -0.046140 0.431587 0.039289 0.900034
521.000000 370.809472 24.278135 101.368684 -0.044391 0.432521 0.035733 0.899821
522.000000 371.444371 24.344993 101.889317 -0.043401 0.433124 0.034354 0.899633
523.000000 372.062822 24.400146 102.404094 -0.042126 0.433637 0.033494 0.899479
524.000000 372.680696 24.463154 102.899561 -0.041684 0.433636 0.034390 0.899466
525.000000 373.288769 24.529791 103.389654 -0.041677 0.433372 0.035056 0.899568
526.000000 373.883081 24.594970 103.877159 -0.041087 0.433647 0.034852 0.899470
527.000000 374.476796 24.648469 104.347240 -0.041114 0.434553 0.034751 0.899036
528.000000 375.056116 24.706898 104.813765 -0.040945 0.436301 0.033954 0.898227
529.000000 375.623947 24.764315 105.280380 -0.040553 0.439144 0.031900 0.896934
530.000000 376.188840 24.812763 105.730310 -0.041021 0.442643 0.031548 0.895203
531.000000 376.741254 24.857854 106.171617 -0.039607 0.445996 0.029877 0.893659
532.000000 377.297701 24.906490 106.595392 -0.037194 0.448727 0.031495 0.892339
533.000000 377.842875 24.957397 107.031081 -0.033876 0.452775 0.031602 0.890420
534.000000 378.412132 25.012871 107.438954 -0.032534 0.456965 0.032571 0.888293
535.000000 378.994983 25.063659 107.849039 -0.032751 0.462380 0.031306 0.885524
536.000000 379.583235 25.108600 108.261515 -0.035640 0.467629 0.029473 0.882714
537.000000 380.167941 25.147228 108.688211 -0.038148 0.473947 0.028153 0.879276
538.000000 380.786326 25.197849 109.073959 -0.040151 0.478672 0.027934 0.876631
539.000000 381.421746 25.253068 109.425996 -0.041109 0.482177 0.028293 0.874651
540.000000 382.040708 25.303875 109.814973 -0.041093 0.486591 0.030155 0.872142
541.000000 382.665317 25.361159 110.193182 -0.039937 0.490064 0.033270 0.870135
542.000000 383.288915 25.426278 110.581709 -0.038907 0.493392 0.037339 0.868134
543.000000 383.927674 25.490084 110.964253 -0.039989 0.495893 0.041302 0.866479
544.000000 384.565367 25.570905 111.362483 -0.043154 0.498828 0.043318 0.864542
545.000000 385.239282 25.646269 111.740459 -0.050325 0.501031 0.040957 0.862994
546.000000 385.925396 25.739791 112.115722 -0.056477 0.502817 0.036384 0.861778
547.000000 386.606213 25.827186 112.504834 -0.061896 0.505477 0.031814 0.860029
548.000000 387.277796 25.912307 112.907171 -0.063023 0.508856 0.031742 0.857954
549.000000 387.937547 26.012911 113.330267 -0.061677 0.513358 0.033248 0.855309
550.000000 388.633481 26.095451 113.702542 -0.061292 0.516091 0.033482 0.853682
551.000000 389.337667 26.191784 114.081425 -0.064276 0.518772 0.034758 0.851784
552.000000 390.054703 26.286186 114.437185 -0.067220 0.521537 0.034815 0.849864
553.000000 390.774260 26.382827 114.793821 -0.070174 0.524021 0.036124 0.848040
554.000000 391.489363 26.475818 115.139297 -0.071963 0.525733 0.037036 0.846791
555.000000 392.199905 26.579767 115.473498 -0.071938 0.527523 0.038368 0.845620
556.000000 392.894735 26.699003 115.828476 -0.071787 0.530390 0.040357 0.843744
557.000000 393.593834 26.796423 116.171982 -0.071966 0.533392 0.040077 0.841848
558.000000 394.292216 26.905587 116.494606 -0.072066 0.536759 0.039873 0.839706
559.000000 394.987443 27.031011 116.803358 -0.071165 0.540911 0.040157 0.837101
560.000000 395.676621 27.141918 117.103732 -0.071664 0.545056 0.042006 0.834274
561.000000 396.364878 27.245640 117.396580 -0.072072 0.549435 0.042851 0.831319
562.000000 397.039409 27.350407 117.691847 -0.072603 0.554009 0.043192 0.828213
563.000000 397.711817 27.444506 117.958816 -0.072517 0.558124 0.045676 0.825320
564.000000 398.381256 27.539428 118.207458 -0.071024 0.561967 0.048339 0.822686
565.000000 399.042936 27.638699 118.458476 -0.065956 0.566856 0.049929 0.819653
566.000000 399.696936 27.743199 118.710829 -0.060497 0.573065 0.049749 0.815758
567.000000 400.369886 27.833470 118.945477 -0.057155 0.579815 0.050623 0.811163
568.000000 401.037883 27.916813 119.149417 -0.056422 0.587114 0.053151 0.805785
569.000000 401.715989 28.006917 119.344416 -0.055179 0.595038 0.056265 0.799824
570.000000 402.398089 28.097855 119.538933 -0.053438 0.603275 0.060543 0.793435
571.000000 403.083276 28.187913 119.694724 -0.052403 0.610713 0.066056 0.787350
572.000000 403.784105 28.291691 119.874834 -0.051828 0.618423 0.070727 0.780938
573.000000 404.490399 28.391654 120.022139 -0.052552 0.625679 0.072586 0.774916
574.000000 405.215979 28.520720 120.155708 -0.054056 0.632320 0.073135 0.769351
575.000000 405.948101 28.639777 120.300734 -0.056319 0.638467 0.070424 0.764348
576.000000 406.683755 28.754199 120.418019 -0.060793 0.643407 0.069752 0.759912
577.000000 407.424364 28.871243 120.548489 -0.062678 0.647747 0.068103 0.756212
578.000000 408.169837 28.994338 120.660333 -0.062768 0.650508 0.067378 0.753896
579.000000 408.918924 29.104383 120.790037 -0.062957 0.654158 0.064963 0.750929
580.000000 409.675074 29.227132 120.902417 -0.064691 0.657303 0.063642 0.748143
581.000000 410.426583 29.345641 121.007624 -0.063791 0.660092 0.061235 0.745962
582.000000 411.168292 29.449078 121.123792 -0.054964 0.662997 0.059703 0.744211
583.000000 411.905988 29.552797 121.238654 -0.044752 0.664859 0.063173 0.742946
584.000000 412.651268 29.658353 121.307875 -0.040036 0.665654 0.069241 0.741962
585.000000 413.412258 29.779672 121.423601 -0.036271 0.667530 0.066527 0.740718
586.000000 414.179346 29.888735 121.595845 -0.036178 0.671015 0.059357 0.738178
587.000000 414.947964 29.949261 121.759282 -0.037581 0.674037 0.055449 0.735654
588.000000 415.704002 30.001793 121.873027 -0.029705 0.674038 0.058743 0.735758
589.000000 416.436654 30.061296 121.974175 -0.019906 0.673282 0.065776 0.736185
590.000000 417.180059 30.140898 122.059687 -0.012429 0.670668 0.071302 0.738218
591.000000 417.933337 30.231161 122.162408 -0.011390 0.669338 0.069355 0.739626
592.000000 418.694433 30.296452 122.258829 -0.014700 0.668456 0.063337 0.740904
593.000000 419.440666 30.354698 122.350093 -0.016985 0.667773 0.060359 0.741720
594.000000 420.165605 30.413159 122.431205 -0.017369 0.666416 0.063976 0.742627
595.000000 420.874006 30.471725 122.521459 -0.014928 0.665023 0.068526 0.743523
596.000000 421.577456 30.536947 122.622836 -0.013121 0.664058 0.071279 0.744160
597.000000 422.276588 30.589859 122.736655 -0.013098 0.663889 0.071908 0.744251
598.000000 422.969900 30.649500 122.811409 -0.011902 0.663352 0.074239 0.744521
599.000000 423.648272 30.708605 122.899375 -0.009056 0.663311 0.075661 0.744454
600.000000 424.314927 30.787935 122.985137 -0.007249 0.663218 0.077777 0.744339
601.000000 424.972348 30.849529 123.077139 -0.004042 0.663840 0.076950 0.743895
602.000000 425.624439 30.909980 123.177048 -0.001145 0.666328 0.075672 0.741808
603.000000 426.272162 30.958559 123.252558 0.000588 0.671092 0.074717 0.737599
604.000000 426.915241 31.015031 123.325755 0.002692 0.677806 0.074641 0.731438
605.000000 427.546293 31.064637 123.362627 0.003604 0.684272 0.075537 0.725295
606.000000 428.171573 31.115518 123.387764 0.003272 0.690896 0.076370 0.718902
607.000000 428.768872 31.158118 123.406910 0.002862 0.697307 0.077523 0.712562
608.000000 429.342387 31.200767 123.402496 0.002404 0.703236 0.079160 0.706531
609.000000 429.897666 31.255858 123.382393 0.003025 0.708408 0.079413 0.701315
610.000000 430.429596 31.295798 123.366847 0.004720 0.714715 0.077802 0.695059
611.000000 430.942368 31.347145 123.315701 0.005193 0.719515 0.076717 0.690207
612.000000 431.430353 31.377006 123.264540 0.004493 0.725746 0.077682 0.683548
613.000000 431.881480 31.405632 123.204336 0.004505 0.730795 0.081123 0.677745
614.000000 432.306025 31.440203 123.141476 0.004996 0.735687 0.087153 0.671672
615.000000 432.705599 31.486539 123.087414 0.007511 0.739997 0.092786 0.666138
616.000000 433.078499 31.527465 123.037945 0.009828 0.743814 0.096368 0.661330
617.000000 433.440599 31.579021 123.003771 0.013923 0.747254 0.097658 0.657176
618.000000 433.784267 31.622255 122.942544 0.014579 0.749843 0.099600 0.653913
619.000000 434.115628 31.651833 122.889156 0.013686 0.752483 0.101196 0.650647
620.000000 434.429523 31.692096 122.829108 0.010382 0.754530 0.103603 0.647953
621.000000 434.725796 31.723153 122.764657 0.006652 0.756488 0.105276 0.645444
622.000000 435.005924 31.760101 122.716202 0.006819 0.758020 0.104001 0.643851
623.000000 435.268248 31.784238 122.683708 0.008567 0.760098 0.101610 0.641758
624.000000 435.508981 31.830004 122.650619 0.011221 0.760871 0.099630 0.641111
625.000000 435.729590 31.859631 122.613605 0.011687 0.761759 0.098461 0.640228
626.000000 435.923942 31.879869 122.562776 0.011112 0.761864 0.099475 0.639957
627.000000 436.095817 31.907136 122.528818 0.010426 0.762305 0.101533 0.639119
628.000000 436.252143 31.921622 122.500307 0.009134 0.762601 0.103256 0.638510
629.000000 436.400108 31.942570 122.476073 0.009491 0.762213 0.104738 0.638726
630.000000 436.547713 31.958421 122.451069 0.011085 0.761296 0.104920 0.639764
631.000000 436.697621 31.979884 122.431330 0.010564 0.760375 0.105519 0.640768
632.000000 436.849890 32.004834 122.400574 0.005734 0.759325 0.106532 0.641906
633.000000 436.998483 32.032327 122.375752 0.003245 0.757744 0.107411 0.643643
634.000000 437.143510 32.052211 122.354997 0.002877 0.756258 0.108718 0.645171
635.000000 437.289394 32.068719 122.348594 0.004804 0.754988 0.108371 0.646703
636.000000 437.435287 32.086749 122.341367 0.006480 0.753425 0.107866 0.648594
637.000000 437.583576 32.104003 122.327837 0.007576 0.751540 0.107853 0.650767
638.000000 437.741000 32.129292 122.295926 0.007555 0.748893 0.108249 0.653746
639.000000 437.916303 32.152031 122.281056 0.006841 0.746887 0.108253 0.656044
640.000000 438.109708 32.182858 122.283785 0.008335 0.745024 0.105727 0.658552
641.000000 438.322087 32.213622 122.296107 0.010870 0.742462 0.102296 0.661942
642.000000 438.544506 32.255482 122.296308 0.012692 0.739301 0.100245 0.665751
643.000000 438.777205 32.274206 122.273310 0.010238 0.736156 0.100798 0.669186
644.000000 439.022433 32.291540 122.241051 0.006171 0.732208 0.102439 0.673306
645.000000 439.272880 32.315851 122.231785 0.003377 0.728484 0.103326 0.677218
646.000000 439.534134 32.355418 122.221564 0.001623 0.723265 0.104517 0.682613
647.000000 439.803189 32.388550 122.218928 -0.000547 0.717699 0.105988 0.688241
648.000000 440.073070 32.421525 122.231158 -0.002222 0.711823 0.105833 0.694336
649.000000 440.359703 32.463498 122.248430 -0.002769 0.704470 0.105785 0.701801
650.000000 440.657994 32.494602 122.280525 -0.003495 0.697064 0.105869 0.709141
651.000000 440.955096 32.531045 122.320098 -0.003105 0.689419 0.106004 0.716558
652.000000 441.275206 32.575283 122.371014 -0.000940 0.681125 0.104674 0.724645
653.000000 441.604857 32.623515 122.432625 0.000262 0.672441 0.104408 0.732750
654.000000 441.932970 32.661909 122.498024 -0.000350 0.663178 0.103585 0.741259
655.000000 442.289668 32.701085 122.571748 -0.003201 0.654043 0.104725 0.749166
656.000000 442.644277 32.744503 122.635357 -0.006374 0.644403 0.105876 0.757294
657.000000 443.021885 32.783760 122.740822 -0.008481 0.635152 0.105564 0.765092
658.000000 443.401811 32.839257 122.882054 -0.008360 0.625813 0.105145 0.772809
659.000000 443.793054 32.888598 122.993438 -0.009387 0.615648 0.104600 0.780992
660.000000 444.210787 32.931565 123.128369 -0.011505 0.605629 0.105531 0.788634
661.000000 444.644027 32.999888 123.264927 -0.013026 0.595398 0.105932 0.796310
662.000000 445.079779 33.068860 123.424199 -0.014265 0.586746 0.105814 0.802701
663.000000 445.538087 33.129893 123.605493 -0.015845 0.578514 0.105954 0.808606
664.000000 446.002759 33.183116 123.800294 -0.018036 0.571221 0.106125 0.813707
665.000000 446.486762 33.252118 124.012698 -0.018958 0.563896 0.106079 0.818785
666.000000 446.984108 33.327075 124.240132 -0.020226 0.556785 0.106950 0.823494
667.000000 447.483690 33.400071 124.477292 -0.022361 0.549250 0.108187 0.828324
668.000000 448.000356 33.471907 124.720074 -0.025102 0.541286 0.110187 0.833210
669.000000 448.528903 33.562055 124.976697 -0.027155 0.533360 0.112016 0.837999
670.000000 449.056683 33.645368 125.257399 -0.028127 0.525936 0.112052 0.842642
671.000000 449.598526 33.742711 125.558959 -0.028294 0.518703 0.111974 0.847118
672.000000 450.140788 33.833429 125.884423 -0.028806 0.512560 0.111428 0.850903
673.000000 450.707448 33.937392 126.227649 -0.030139 0.507259 0.110893 0.854098
674.000000 451.282978 34.034367 126.590341 -0.031289 0.502845 0.109827 0.856800
675.000000 451.871612 34.134232 126.963635 -0.031881 0.499536 0.108039 0.858938
676.000000 452.474570 34.243045 127.337887 -0.032682 0.496539 0.106922 0.860784
677.000000 453.082997 34.355632 127.728006 -0.032347 0.494348 0.106144 0.862152
678.000000 453.714512 34.478230 128.105673 -0.032324 0.492226 0.105474 0.863449
679.000000 454.338354 34.572984 128.531724 -0.032338 0.490907 0.104416 0.864327
680.000000 454.986731 34.676412 128.943300 -0.032208 0.489466 0.104381 0.865153
681.000000 455.661987 34.796081 129.336554 -0.032465 0.487195 0.105101 0.866337
682.000000 456.325306 34.886251 129.782529 -0.032561 0.485994 0.105420 0.866970
683.000000 457.013455 35.001551 130.213925 -0.032387 0.484701 0.105883 0.867643
684.000000 457.694821 35.116872 130.678567 -0.032142 0.483329 0.106604 0.868329
685.000000 458.389723 35.248436 131.141510 -0.031666 0.482122 0.107495 0.868907
686.000000 459.093677 35.366883 131.611872 -0.032186 0.481110 0.108776 0.869290
687.000000 459.813645 35.501409 132.067168 -0.032688 0.479908 0.110130 0.869765
688.000000 460.541835 35.621358 132.544320 -0.033366 0.479177 0.111080 0.870022
689.000000 461.269617 35.720217 133.038193 -0.032948 0.478796 0.111176 0.870235
690.000000 462.028542 35.859139 133.498574 -0.031855 0.477923 0.112125 0.870634
691.000000 462.762048 35.982185 134.022570 -0.030915 0.477527 0.112970 0.870776
692.000000 463.512451 36.122235 134.545069 -0.030750 0.477528 0.111444 0.870977
693.000000 464.273757 36.261647 135.076441 -0.031932 0.477894 0.110937 0.870799
694.000000 465.042405 36.398910 135.614642 -0.032450 0.478202 0.109905 0.870741
695.000000 465.840760 36.550005 136.123510 -0.032850 0.477629 0.111526 0.870835
696.000000 466.641368 36.729606 136.636607 -0.032871 0.476814 0.113061 0.871082
697.000000 467.455537 36.869212 137.167327 -0.033861 0.476113 0.114278 0.871269
698.000000 468.270284 37.024665 137.712384 -0.034239 0.475537 0.114662 0.871518
699.000000 469.100223 37.166829 138.262388 -0.034927 0.474949 0.115420 0.871712
700.000000 469.937851 37.320924 138.815253 -0.035258 0.474453 0.115026 0.872021
701.000000 470.778428 37.475993 139.381266 -0.035170 0.474222 0.115172 0.872131
702.000000 471.625937 37.639281 139.960781 -0.034280 0.473936 0.114549 0.872403
703.000000 472.482073 37.800177 140.545310 -0.034347 0.473660 0.114738 0.872526
704.000000 473.347353 37.960639 141.122310 -0.035036 0.473750 0.114396 0.872494
705.000000 474.197522 38.127147 141.711535 -0.033913 0.474640 0.112013 0.872364
706.000000 475.061433 38.289673 142.300305 -0.032620 0.475427 0.111329 0.872073
707.000000 475.932757 38.444248 142.888976 -0.030407 0.477303 0.110836 0.871190
708.000000 476.838132 38.591363 143.450559 -0.028045 0.480074 0.109139 0.869961
709.000000 477.744074 38.747247 144.009541 -0.025336 0.483906 0.107457 0.868128
710.000000 478.613156 38.889531 144.637226 -0.022484 0.490270 0.106283 0.864773
711.000000 479.478654 39.004637 145.275439 -0.019984 0.499184 0.104679 0.859918
712.000000 480.398066 39.147680 145.824256 -0.019247 0.506517 0.103507 0.855778
713.000000 481.306054 39.298192 146.415111 -0.018439 0.515536 0.101508 0.850635
714.000000 482.274804 39.423784 146.903249 -0.017689 0.522518 0.100707 0.846475
715.000000 483.229181 39.560657 147.405596 -0.015028 0.530427 0.100793 0.841583
716.000000 484.208968 39.690996 147.872687 -0.012018 0.538106 0.100892 0.836731
717.000000 485.194732 39.839698 148.318482 -0.010280 0.546084 0.101856 0.831452
718.000000 486.202499 39.958021 148.770470 -0.009515 0.555783 0.100207 0.825211
719.000000 487.228562 40.065530 149.182953 -0.009731 0.565088 0.100465 0.818833
720.000000 488.243125 40.186096 149.567873 -0.006778 0.574942 0.100662 0.811950
721.000000 489.274290 40.312236 149.951480 -0.002047 0.585292 0.101336 0.804462
722.000000 490.307205 40.426774 150.281543 0.002007 0.596054 0.100699 0.796602
723.000000 491.366837 40.546637 150.584253 0.007210 0.607133 0.099035 0.788371
724.000000 492.433807 40.623718 150.878822 0.009532 0.619471 0.100376 0.778518
725.000000 493.494269 40.704408 151.100726 0.012673 0.630622 0.098470 0.769714
726.000000 494.584560 40.798268 151.303711 0.014775 0.641384 0.099703 0.760570
727.000000 495.660893 40.893325 151.464210 0.017446 0.651402 0.102026 0.751639
728.000000 496.759496 40.990392 151.615251 0.019137 0.661105 0.103624 0.742856
729.000000 497.860779 41.103486 151.753289 0.020265 0.669955 0.104177 0.734776
730.000000 498.962004 41.208652 151.851481 0.021121 0.677923 0.104126 0.727414
731.000000 500.081602 41.328508 151.943962 0.023944 0.685799 0.103878 0.719942
732.000000 501.202368 41.427091 152.007725 0.026241 0.693492 0.104615 0.712345
733.000000 502.318057 41.507127 152.061305 0.026905 0.700868 0.104921 0.705019
734.000000 503.448297 41.621034 152.072063 0.025190 0.707093 0.105060 0.698819
735.000000 504.573838 41.749517 152.055145 0.024245 0.711833 0.105672 0.693931
736.000000 505.706187 41.888000 152.014481 0.023927 0.714306 0.109395 0.690817
737.000000 506.841182 42.010056 151.987528 0.024466 0.715864 0.111286 0.688879
738.000000 507.979583 42.143449 152.007108 0.026316 0.718116 0.110895 0.686527
739.000000 509.119076 42.269165 151.976316 0.027218 0.719284 0.110197 0.685381
740.000000 510.262973 42.394569 151.931088 0.028162 0.720241 0.110887 0.684225
741.000000 511.414908 42.508122 151.906599 0.029390 0.721366 0.112163 0.682779
742.000000 512.576714 42.635941 151.863476 0.029430 0.722566 0.113948 0.681211
743.000000 513.748856 42.775325 151.837906 0.029564 0.724473 0.113862 0.679191
744.000000 514.932749 42.901378 151.754993 0.027928 0.725508 0.112638 0.678359
745.000000 516.123245 43.039111 151.691980 0.026734 0.726360 0.111275 0.677720
746.000000 517.322018 43.152011 151.637780 0.028511 0.726593 0.110587 0.677510
747.000000 518.520074 43.286464 151.587076 0.030025 0.726536 0.112152 0.677249
748.000000 519.733836 43.415761 151.551266 0.030949 0.726477 0.113551 0.677038
749.000000 520.953638 43.552974 151.497948 0.030362 0.726543 0.114080 0.676904
750.000000 522.186458 43.685985 151.454351 0.031131 0.726530 0.113402 0.676997
751.000000 523.423309 43.822522 151.368193 0.031657 0.726070 0.112697 0.677584
752.000000 524.665900 43.949033 151.296893 0.032252 0.725898 0.112671 0.677744
753.000000 525.916286 44.096666 151.207568 0.031742 0.726670 0.111724 0.677097
754.000000 527.182033 44.229318 151.178425 0.032438 0.727658 0.111600 0.676023
755.000000 528.439568 44.390453 151.057470 0.032600 0.727718 0.112340 0.675828
756.000000 529.716823 44.528683 151.012345 0.032899 0.728765 0.113304 0.674523
757.000000 530.999505 44.674155 150.953680 0.033596 0.729885 0.112520 0.673408
758.000000 532.291105 44.808815 150.870039 0.033293 0.731092 0.113102 0.672015
759.000000 533.588198 44.954964 150.778785 0.034188 0.732216 0.111835 0.670957
760.000000 534.913971 45.088791 150.688502 0.034429 0.733657 0.110758 0.669549
761.000000 536.245907 45.236781 150.594366 0.035481 0.734514 0.110634 0.668573
762.000000 537.585759 45.381887 150.499491 0.036006 0.735368 0.111610 0.667443
763.000000 538.927576 45.517929 150.387299 0.036208 0.736136 0.111703 0.666570
764.000000 540.278064 45.654456 150.254845 0.035349 0.736950 0.112596 0.665566
765.000000 541.636883 45.799697 150.161119 0.036628 0.738035 0.112615 0.664289
766.000000 542.999806 45.955400 150.046958 0.037448 0.738950 0.112640 0.663222
767.000000 544.367209 46.107681 149.917349 0.037397 0.739912 0.112460 0.662181
768.000000 545.744229 46.249166 149.789114 0.036803 0.740964 0.112596 0.661015
769.000000 547.132444 46.343141 149.672947 0.036024 0.742553 0.112545 0.659280
770.000000 548.523059 46.460980 149.515038 0.036355 0.744125 0.111038 0.657744
771.000000 549.913387 46.606953 149.314973 0.035708 0.744574 0.111875 0.657129
772.000000 551.318199 46.742508 149.198009 0.035672 0.745597 0.112167 0.655920
773.000000 552.729644 46.889111 149.026911 0.035248 0.746163 0.112774 0.655195
774.000000 554.145014 47.031615 148.867405 0.034367 0.746713 0.113507 0.654489
775.000000 555.573360 47.193566 148.727021 0.034619 0.747706 0.113607 0.653322
776.000000 557.005884 47.343429 148.570708 0.034145 0.748359 0.113753 0.652574
777.000000 558.446170 47.514049 148.426012 0.034821 0.749073 0.113995 0.651677
778.000000 559.891488 47.673311 148.270962 0.034394 0.749670 0.114521 0.650919
779.000000 561.345656 47.843393 148.091462 0.033606 0.749995 0.114065 0.650667
780.000000 562.803599 48.006013 147.926108 0.034507 0.750582 0.113730 0.650002
781.000000 564.271609 48.159302 147.754004 0.034491 0.751225 0.113122 0.649365
782.000000 565.745084 48.312226 147.578210 0.033995 0.751643 0.112318 0.649047
783.000000 567.232301 48.461845 147.389914 0.032317 0.752047 0.112064 0.648709
784.000000 568.712875 48.628283 147.202732 0.032074 0.752279 0.112432 0.648388
785.000000 570.191476 48.792015 147.026778 0.032709 0.752422 0.112911 0.648106
786.000000 571.668413 48.982261 146.819448 0.032480 0.752149 0.114128 0.648222
787.000000 573.158720 49.137395 146.677636 0.033156 0.752895 0.112681 0.647575
788.000000 574.647839 49.303285 146.478577 0.032063 0.752856 0.113025 0.647615
789.000000 576.142760 49.472401 146.285015 0.032520 0.752653 0.113263 0.647786
790.000000 577.639664 49.630400 146.104732 0.033334 0.752641 0.113573 0.647704
791.000000 579.131505 49.807268 145.886572 0.033438 0.752096 0.113806 0.648292
792.000000 580.631468 49.976877 145.711358 0.032638 0.751793 0.114345 0.648589
793.000000 582.127623 50.143500 145.514386 0.029739 0.751336 0.115153 0.649115
794.000000 583.632303 50.330870 145.346383 0.030161 0.750828 0.114152 0.649859
795.000000 585.133295 50.504694 145.184331 0.031006 0.750635 0.113307 0.650190
796.000000 586.631058 50.695482 145.023306 0.031082 0.750474 0.113738 0.650298
797.000000 588.123589 50.865125 144.816892 0.031447 0.749814 0.113768 0.651036
798.000000 589.625432 51.022175 144.660362 0.031554 0.750156 0.113035 0.650764
799.000000 591.120856 51.196789 144.483347 0.031877 0.749835 0.112787 0.651160
800.000000 592.617164 51.337095 144.319131 0.031626 0.749628 0.113036 0.651369
801.000000 594.110508 51.482708 144.182238 0.031586 0.749855 0.112190 0.651255
802.000000 595.597868 51.663026 144.006444 0.030998 0.749826 0.112507 0.651262
803.000000 597.092537 51.814746 143.872420 0.029842 0.750180 0.112140 0.650972
804.000000 598.578130 51.972467 143.677687 0.026299 0.750232 0.114570 0.650641
805.000000 600.066950 52.115352 143.534031 0.026087 0.750614 0.115331 0.650075
806.000000 601.544018 52.297348 143.357692 0.027215 0.750314 0.116269 0.650207
807.000000 603.033854 52.469843 143.215952 0.028311 0.750640 0.115753 0.649876
808.000000 604.494996 52.706699 142.944737 0.029298 0.748949 0.114854 0.651939
809.000000 605.981769 52.877114 142.804777 0.030108 0.748653 0.113961 0.652399
810.000000 607.466263 53.054556 142.648706 0.031212 0.748535 0.113337 0.652592
811.000000 608.951264 53.188981 142.456834 0.031528 0.748175 0.111966 0.653226
812.000000 610.433287 53.367852 142.300484 0.031597 0.748153 0.112017 0.653239
813.000000 611.916926 53.538327 142.125935 0.031906 0.748068 0.110953 0.653502
814.000000 613.389630 53.687017 141.898512 0.030632 0.747256 0.112076 0.654301
815.000000 614.871147 53.859367 141.764588 0.031127 0.747804 0.112814 0.653524
816.000000 616.345513 54.036849 141.592520 0.029685 0.747683 0.113818 0.653555
817.000000 617.818876 54.215200 141.402319 0.028763 0.747092 0.113433 0.654339
818.000000 619.284782 54.395436 141.238182 0.029022 0.746243 0.114480 0.655113
819.000000 620.740203 54.564994 141.065692 0.030669 0.745091 0.115467 0.656176
820.000000 622.192683 54.765964 140.914706 0.032274 0.744744 0.114649 0.656635
821.000000 623.643941 54.912454 140.792674 0.033526 0.744438 0.112629 0.657269
822.000000 625.083288 55.065388 140.649811 0.033100 0.744291 0.111524 0.657646
823.000000 626.500856 55.243672 140.448386 0.032461 0.743580 0.111373 0.658506
824.000000 627.917102 55.405544 140.264989 0.031404 0.743427 0.111656 0.658683
825.000000 629.332348 55.545298 140.128875 0.031696 0.743540 0.111425 0.658580
826.000000 630.736037 55.696711 139.996452 0.032704 0.744212 0.111542 0.657752
827.000000 632.133890 55.836637 139.866175 0.032698 0.744614 0.111049 0.657381
828.000000 633.514902 55.977085 139.714058 0.033257 0.744828 0.110427 0.657215
829.000000 634.880347 56.117139 139.567506 0.033363 0.744684 0.110571 0.657348
830.000000 636.221504 56.263344 139.439045 0.032774 0.744965 0.110540 0.657065
831.000000 637.543383 56.397340 139.300533 0.032414 0.745415 0.109075 0.656816
832.000000 638.837903 56.524062 139.156011 0.032024 0.745841 0.107557 0.656603
833.000000 640.106352 56.635257 139.015102 0.032263 0.745580 0.108315 0.656762
834.000000 641.342045 56.744893 138.887349 0.033309 0.745594 0.110590 0.656315
835.000000 642.554105 56.859121 138.748456 0.033281 0.745680 0.111078 0.656137
836.000000 643.743728 56.956942 138.598970 0.031962 0.745497 0.110054 0.656583
837.000000 644.894067 57.072052 138.453431 0.031075 0.744541 0.109270 0.657839
838.000000 646.014257 57.187445 138.338897 0.031224 0.744035 0.109009 0.658448
839.000000 647.101384 57.293922 138.231893 0.031223 0.743366 0.108286 0.659322
840.000000 648.153719 57.396877 138.115095 0.029676 0.742463 0.107680 0.660510
841.000000 649.170489 57.483075 138.032243 0.028833 0.742330 0.105718 0.661014
842.000000 650.153501 57.563068 137.953395 0.028768 0.741977 0.104692 0.661575
843.000000 651.086974 57.635050 137.848766 0.028689 0.741523 0.105358 0.661983
844.000000 651.981174 57.712761 137.766145 0.029100 0.741198 0.106238 0.662188
845.000000 652.836180 57.795994 137.687623 0.029425 0.741095 0.106549 0.662239
846.000000 653.647285 57.864923 137.622151 0.029852 0.741080 0.105943 0.662333
847.000000 654.419850 57.927914 137.563056 0.031420 0.742037 0.104861 0.661360
848.000000 655.151418 57.992601 137.486862 0.033543 0.744926 0.103531 0.658211
849.000000 655.842971 58.040808 137.445903 0.036381 0.750691 0.101723 0.651761
850.000000 656.507651 58.087184 137.391856 0.039866 0.758626 0.099922 0.642583
851.000000 657.138850 58.140231 137.272624 0.042818 0.767547 0.099229 0.631816
852.000000 657.726683 58.158121 137.199031 0.045394 0.778209 0.098725 0.618533
853.000000 658.331343 58.162016 137.035465 0.046220 0.790265 0.098667 0.603000
854.000000 658.862137 58.213427 136.869549 0.048730 0.803412 0.097142 0.585421
855.000000 659.423934 58.273217 136.626199 0.051420 0.817205 0.095261 0.566089
856.000000 659.979463 58.332603 136.365272 0.054400 0.831511 0.092566 0.545033
857.000000 660.445668 58.377425 136.126089 0.057734 0.846160 0.089461 0.522184
858.000000 660.981595 58.417070 135.868303 0.062749 0.861621 0.087037 0.496082
859.000000 661.402979 58.452831 135.616586 0.067202 0.877231 0.085838 0.467527
860.000000 661.837861 58.513910 135.249413 0.072697 0.891078 0.084477 0.439953
861.000000 662.196266 58.569355 134.935237 0.077872 0.905046 0.083786 0.409643
862.000000 662.536863 58.612800 134.520155 0.079129 0.917549 0.083450 0.380629
863.000000 662.872671 58.679335 134.105070 0.080508 0.929353 0.083186 0.350573
864.000000 663.161925 58.748728 133.729244 0.084945 0.940294 0.081093 0.319460
865.000000 663.434043 58.808740 133.280511 0.089128 0.949732 0.078055 0.289780
866.000000 663.648693 58.858439 132.839065 0.092032 0.958130 0.074600 0.260675
867.000000 663.862116 58.903695 132.359549 0.092378 0.966181 0.073006 0.229413
868.000000 664.039377 58.949709 131.865318 0.093627 0.972933 0.072397 0.198481
869.000000 664.166543 59.000366 131.366619 0.096809 0.978316 0.073414 0.167737
870.000000 664.314176 59.050703 130.861562 0.101715 0.982880 0.074062 0.134597
871.000000 664.410084 59.132042 130.332990 0.104848 0.986438 0.073693 0.102545
872.000000 664.467849 59.232122 129.798769 0.108532 0.989001 0.071077 0.071027
873.000000 664.496730 59.295015 129.249231 0.111964 0.990696 0.066963 0.038738
874.000000 664.488233 59.381422 128.666289 0.115430 0.991115 0.065820 0.005949
875.000000 664.439287 59.443802 128.113084 0.119390 0.990368 0.064660 -0.027130
876.000000 664.357678 59.538249 127.508652 0.122935 0.988463 0.064478 -0.060591
877.000000 664.240738 59.641286 126.960619 0.126122 0.985477 0.064491 -0.093640
878.000000 664.094809 59.747978 126.400594 0.128991 0.981646 0.063292 -0.125407
879.000000 663.864297 59.860319 125.785511 0.130078 0.977396 0.060711 -0.155212
880.000000 663.651119 59.999743 125.223221 0.132638 0.972128 0.059777 -0.183852
881.000000 663.325340 60.189569 124.708353 0.133845 0.967166 0.059887 -0.207579
882.000000 663.008709 60.353059 124.103948 0.135085 0.961681 0.059931 -0.230931
883.000000 662.786531 60.451230 123.481871 0.136405 0.955407 0.059240 -0.255110
884.000000 662.397919 60.554629 122.923490 0.136445 0.951095 0.056638 -0.271281
885.000000 662.289939 60.852105 122.264701 0.134945 0.944615 0.060161 -0.293041
886.000000 661.913463 61.060628 121.682347 0.136294 0.940633 0.059066 -0.305195
887.000000 661.573586 61.260511 121.053439 0.139978 0.935883 0.059390 -0.317809
888.000000 661.223943 61.399867 120.395215 0.143742 0.930853 0.059092 -0.330694
889.000000 660.690818 61.494272 119.867109 0.148123 0.928365 0.055567 -0.336318
890.000000 660.456752 61.594583 119.119216 0.152639 0.920275 0.053523 -0.356273
891.000000 659.988175 61.733877 118.500232 0.158801 0.914870 0.052458 -0.367482
892.000000 659.467554 61.894651 117.928771 0.164755 0.910228 0.051407 -0.376428
893.000000 658.917416 62.059312 117.355295 0.167895 0.905721 0.047916 -0.386246
894.000000 658.348589 62.225544 116.805542 0.173921 0.900769 0.045091 -0.395391
895.000000 657.770005 62.381865 116.253553 0.180757 0.894779 0.042011 -0.406119
896.000000 657.170329 62.551474 115.703372 0.185554 0.888873 0.040255 -0.416959
897.000000 656.566888 62.729260 115.184956 0.187217 0.883342 0.037281 -0.428096
898.000000 655.936818 62.914677 114.664849 0.187925 0.877656 0.033788 -0.439617
899.000000 655.299216 63.092985 114.176275 0.189733 0.871716 0.029276 -0.450839
900.000000 654.640856 63.270929 113.684710 0.189532 0.866157 0.024481 -0.461790
901.000000 653.951748 63.448181 113.211762 0.188868 0.861483 0.019948 -0.470934
902.000000 653.254024 63.627355 112.766627 0.189784 0.857544 0.016936 -0.477821
903.000000 652.557093 63.799502 112.302179 0.191327 0.854539 0.014978 -0.482631
904.000000 651.842302 63.964015 111.822557 0.193836 0.852397 0.012686 -0.485475
905.000000 651.115326 64.135415 111.348694 0.197143 0.851195 0.011333 -0.486286
906.000000 650.372565 64.286503 110.878673 0.199815 0.850926 0.010549 -0.485683
907.000000 649.639028 64.451888 110.389693 0.202411 0.850394 0.012846 -0.485485
908.000000 648.916668 64.624414 109.887928 0.203496 0.850054 0.016986 -0.485499
909.000000 648.162856 64.809280 109.410438 0.200613 0.851773 0.020238 -0.483557
910.000000 647.418550 64.997642 108.912865 0.200906 0.852681 0.023961 -0.481661
911.000000 646.659836 65.190013 108.404239 0.198539 0.854554 0.023782 -0.479327
912.000000 645.904185 65.390269 107.878824 0.199786 0.855838 0.023921 -0.476503
913.000000 645.145429 65.580738 107.342492 0.201196 0.856344 0.025663 -0.474907
914.000000 644.392908 65.788180 106.796415 0.201764 0.856144 0.029627 -0.474795
915.000000 643.625410 66.014590 106.267269 0.201000 0.856023 0.032649 -0.475140
916.000000 642.844007 66.247035 105.728194 0.202571 0.855816 0.033930 -0.474756
917.000000 642.042373 66.479988 105.201607 0.203044 0.856141 0.033730 -0.473982
918.000000 641.241958 66.716002 104.651533 0.203082 0.856712 0.032414 -0.473024
919.000000 640.453000 66.945474 104.062219 0.202334 0.857018 0.030708 -0.472904
920.000000 639.644357 67.172896 103.488437 0.204564 0.857387 0.029865 -0.471328
921.000000 638.833132 67.402119 102.917821 0.204273 0.858300 0.029750 -0.469796
922.000000 638.032071 67.623316 102.337013 0.203735 0.859403 0.030149 -0.467984
923.000000 637.241269 67.846036 101.741909 0.203769 0.860269 0.030295 -0.466366
924.000000 636.437879 68.068183 101.166526 0.202386 0.861724 0.028889 -0.464367
925.000000 635.633889 68.287734 100.585179 0.201220 0.863092 0.029398 -0.462297
926.000000 634.840305 68.506328 99.996751 0.201203 0.864067 0.031308 -0.460353
927.000000 634.067451 68.713702 99.391145 0.201485 0.864505 0.032089 -0.459353
928.000000 633.289570 68.941094 98.797081 0.202506 0.864804 0.031303 -0.458394
929.000000 632.507393 69.157236 98.214516 0.202531 0.865133 0.030685 -0.457804
930.000000 631.744704 69.354305 97.620968 0.202253 0.865329 0.031337 -0.457512
931.000000 630.983608 69.562745 97.039870 0.201484 0.865512 0.032552 -0.457420
932.000000 630.221089 69.786048 96.486834 0.202500 0.865685 0.031747 -0.456701
933.000000 629.474576 69.978885 95.896786 0.203423 0.865365 0.030087 -0.457008
934.000000 628.720464 70.190445 95.333084 0.204428 0.865146 0.030366 -0.456957
935.000000 627.976255 70.398643 94.768905 0.203336 0.865235 0.031445 -0.457203
936.000000 627.229365 70.615257 94.224755 0.202300 0.865656 0.031490 -0.456862
937.000000 626.506945 70.831259 93.670137 0.202635 0.865897 0.032134 -0.456212
938.000000 625.771422 71.029039 93.141302 0.201160 0.866955 0.031689 -0.454884
939.000000 625.065958 71.215048 92.587889 0.201146 0.867412 0.032884 -0.453932
940.000000 624.368642 71.405972 92.030441 0.202055 0.867812 0.032375 -0.452799
941.000000 623.675758 71.580600 91.487557 0.201338 0.868780 0.030319 -0.451403
942.000000 622.985729 71.762351 90.962855 0.201880 0.869665 0.030642 -0.449430
943.000000 622.308186 71.946362 90.454777 0.202168 0.870019 0.032982 -0.448450
944.000000 621.653558 72.132704 89.945812 0.202264 0.870389 0.033632 -0.447639
945.000000 621.010722 72.315064 89.444252 0.202175 0.870898 0.033930 -0.446666
946.000000 620.393002 72.480073 88.941159 0.202475 0.871062 0.033625 -0.446234
947.000000 619.792133 72.654756 88.459852 0.204013 0.870734 0.035057 -0.446063
948.000000 619.216411 72.804994 87.975254 0.205162 0.870639 0.035678 -0.445671
949.000000 618.646096 72.969611 87.527301 0.203995 0.871527 0.033954 -0.444606
950.000000 618.094391 73.133649 87.096891 0.203182 0.872527 0.032377 -0.443132
951.000000 617.545659 73.274797 86.696721 0.204922 0.873161 0.031859 -0.441115
952.000000 617.059684 73.416704 86.268242 0.205681 0.873152 0.032831 -0.440708
953.000000 616.577470 73.563897 85.882680 0.205582 0.873648 0.033286 -0.439736
954.000000 616.119506 73.677558 85.505584 0.205644 0.874063 0.033400 -0.438873
955.000000 615.690425 73.788540 85.143691 0.204551 0.874428 0.034140 -0.438599
956.000000 615.293442 73.888503 84.802293 0.203892 0.874589 0.034157 -0.438584
957.000000 614.917230 73.986453 84.485620 0.203045 0.874815 0.033604 -0.438569
958.000000 614.563065 74.087999 84.194008 0.202281 0.874993 0.034817 -0.438472
959.000000 614.235596 74.180158 83.921146 0.203901 0.874406 0.036103 -0.438789
960.000000 613.927505 74.264840 83.663903 0.205295 0.874127 0.036394 -0.438670
961.000000 613.644342 74.333485 83.429507 0.204550 0.874559 0.034832 -0.438283
962.000000 613.379889 74.405142 83.217765 0.201934 0.875397 0.033517 -0.437926
963.000000 613.137049 74.464964 83.024367 0.201794 0.875317 0.033789 -0.438129
964.000000 612.905265 74.546306 82.873523 0.201925 0.875789 0.035121 -0.437021
965.000000 612.688967 74.626201 82.746158 0.201539 0.876591 0.036137 -0.435504
966.000000 612.498891 74.678503 82.600304 0.201070 0.876873 0.035353 -0.435219
967.000000 612.328411 74.733431 82.466701 0.201055 0.876907 0.035441 -0.435148
968.000000 612.156019 74.787957 82.346868 0.200430 0.877317 0.037044 -0.434477
969.000000 612.000728 74.827009 82.209388 0.199348 0.877386 0.038089 -0.434745
970.000000 611.837393 74.883883 82.095029 0.198484 0.877493 0.038556 -0.434884
971.000000 611.675703 74.931758 81.973882 0.198068 0.877715 0.038542 -0.434627
972.000000 611.512709 74.983389 81.854109 0.197647 0.878068 0.038277 -0.434128
973.000000 611.353095 75.040974 81.741617 0.197503 0.878286 0.038629 -0.433722
974.000000 611.184833 75.109979 81.653068 0.197031 0.878865 0.039533 -0.432680
975.000000 611.030257 75.165453 81.532563 0.197398 0.878877 0.040751 -0.432376
976.000000 610.873005 75.223356 81.419780 0.197722 0.879029 0.041483 -0.431849
977.000000 610.719699 75.270137 81.290208 0.198450 0.878804 0.041025 -0.432016
978.000000 610.558219 75.327601 81.192224 0.197585 0.879336 0.040368 -0.431391
979.000000 610.403975 75.384865 81.089057 0.197023 0.879738 0.040483 -0.430817
980.000000 610.266027 75.433591 80.976294 0.197110 0.879673 0.040598 -0.430901
981.000000 610.125063 75.476349 80.868971 0.197670 0.879679 0.040995 -0.430594
982.000000 609.979268 75.537769 80.778370 0.197585 0.880158 0.041848 -0.429570
983.000000 609.837365 75.598004 80.690568 0.196552 0.880817 0.042404 -0.428639
984.000000 609.698393 75.652240 80.604622 0.196004 0.881201 0.042010 -0.428138
985.000000 609.569416 75.700396 80.514912 0.195867 0.881447 0.042102 -0.427686
986.000000 609.458472 75.734095 80.412679 0.196545 0.881251 0.042533 -0.427737
987.000000 609.333841 75.790521 80.358535 0.196365 0.881804 0.044096 -0.426519
988.000000 609.217779 75.839871 80.289245 0.195917 0.882269 0.045295 -0.425637
989.000000 609.109288 75.880012 80.208478 0.194636 0.882620 0.045150 -0.425512
990.000000 608.999004 75.916322 80.126506 0.193438 0.882898 0.044801 -0.425518
991.000000 608.893605 75.959601 80.046071 0.193804 0.882897 0.045073 -0.425326
992.000000 608.764038 76.009172 79.997252 0.195504 0.883594 0.044672 -0.423137
993.000000 608.650862 76.058161 79.921715 0.197028 0.883743 0.045052 -0.422077
994.000000 608.541528 76.104621 79.857489 0.196137 0.884249 0.046157 -0.421311
995.000000 608.452388 76.133368 79.767699 0.195941 0.884159 0.047116 -0.421486
996.000000 608.343057 76.178152 79.713533 0.195097 0.884752 0.048084 -0.420521
997.000000 608.245274 76.213895 79.634002 0.194872 0.884834 0.048321 -0.420428
998.000000 608.148483 76.245802 79.546297 0.194851 0.884861 0.048591 -0.420350
999.000000 608.041618 76.270598 79.459035 0.194402 0.885042 0.048704 -0.420162
1000.000000 607.936723 76.303687 79.356573 0.194916 0.884828 0.049653 -0.420264
1001.000000 607.821525 76.340022 79.252837 0.194186 0.884976 0.050906 -0.420140
1002.000000 607.697332 76.370907 79.129602 0.193006 0.885097 0.051942 -0.420301
1003.000000 607.543473 76.446669 79.019115 0.191427 0.885932 0.054335 -0.418959
1004.000000 607.376469 76.500144 78.866755 0.191149 0.886492 0.055580 -0.417738
1005.000000 607.174661 76.570935 78.717543 0.190159 0.887883 0.057250 -0.415002
1006.000000 606.975820 76.631705 78.514656 0.189752 0.888679 0.057147 -0.413494
1007.000000 606.745968 76.728183 78.314452 0.187988 0.890419 0.058387 -0.410371
1008.000000 606.497284 76.847259 78.104501 0.187035 0.892230 0.061500 -0.406400
1009.000000 606.241454 76.940921 77.843829 0.187222 0.893857 0.062929 -0.402501
1010.000000 605.951585 77.023601 77.587237 0.185195 0.896368 0.062638 -0.397873
1011.000000 605.623216 77.149093 77.341845 0.182228 0.900008 0.062931 -0.390919
1012.000000 605.319254 77.243395 77.024603 0.180494 0.902507 0.061601 -0.386145
1013.000000 605.007129 77.366449 76.690855 0.180854 0.904635 0.061698 -0.380947
1014.000000 604.703489 77.479067 76.324401 0.180582 0.906407 0.064178 -0.376428
1015.000000 604.368090 77.592835 75.950487 0.179561 0.908516 0.064690 -0.371716
1016.000000 604.015177 77.722219 75.558391 0.178647 0.910759 0.062585 -0.366998
1017.000000 603.650425 77.848179 75.146454 0.177654 0.912927 0.060911 -0.362345
1018.000000 603.286172 77.982755 74.719160 0.177670 0.914689 0.060687 -0.357903
1019.000000 602.925365 78.111558 74.258391 0.180542 0.915413 0.060483 -0.354634
1020.000000 602.537361 78.254956 73.793589 0.181842 0.916368 0.059572 -0.351646
1021.000000 602.148230 78.393384 73.315498 0.184215 0.916785 0.060657 -0.349130
1022.000000 601.754469 78.534020 72.809529 0.186220 0.916735 0.060843 -0.348162
1023.000000 601.350553 78.682908 72.291872 0.188802 0.916667 0.060833 -0.346951
1024.000000 600.922175 78.837165 71.770190 0.188205 0.917110 0.060374 -0.346185
1025.000000 600.482125 79.005435 71.237172 0.189109 0.917171 0.060670 -0.345477
1026.000000 600.039230 79.163736 70.679734 0.188451 0.917769 0.060897 -0.344206
1027.000000 599.592759 79.333808 70.113610 0.190631 0.917280 0.065794 -0.343407
1028.000000 599.145618 79.507547 69.523992 0.191829 0.916911 0.069166 -0.343061
1029.000000 598.680400 79.696997 68.932973 0.189544 0.917326 0.071426 -0.342761
1030.000000 598.197383 79.918339 68.334287 0.186265 0.918377 0.070011 -0.342033
1031.000000 597.683626 80.154673 67.740653 0.187935 0.918569 0.069644 -0.340678
1032.000000 597.198792 80.348585 67.093394 0.189810 0.918456 0.069460 -0.339979
1033.000000 596.705016 80.558790 66.436423 0.189837 0.918819 0.069400 -0.338994
1034.000000 596.204842 80.767587 65.771093 0.189459 0.919312 0.069387 -0.337869
1035.000000 595.676690 80.984364 65.093506 0.188188 0.920211 0.068105 -0.336390
1036.000000 595.158335 81.195721 64.395492 0.187591 0.921046 0.067793 -0.334496
1037.000000 594.636352 81.412244 63.687753 0.187256 0.921981 0.067917 -0.332074
1038.000000 594.100490 81.613455 62.972789 0.186130 0.923278 0.066806 -0.329317
1039.000000 593.577008 81.828413 62.243942 0.185561 0.924377 0.065991 -0.326712
1040.000000 593.044148 82.033603 61.520763 0.183965 0.925396 0.066088 -0.324701
1041.000000 592.520932 82.237433 60.791593 0.183179 0.926093 0.067291 -0.322908
1042.000000 591.998213 82.437461 60.063398 0.182173 0.926513 0.068604 -0.321995
1043.000000 591.488797 82.643297 59.332134 0.183762 0.926034 0.070645 -0.322027
1044.000000 590.966804 82.845221 58.602808 0.184158 0.925682 0.071100 -0.322712
1045.000000 590.439822 83.054795 57.881078 0.184983 0.925418 0.071445 -0.322923
1046.000000 589.892271 83.278366 57.178275 0.184773 0.925352 0.071992 -0.323110
1047.000000 589.371281 83.502337 56.454708 0.184843 0.925126 0.071201 -0.323892
1048.000000 588.841174 83.732102 55.728917 0.182597 0.925286 0.070807 -0.324793
1049.000000 588.306753 83.944204 54.993088 0.181956 0.924923 0.070169 -0.326321
1050.000000 587.759368 84.150727 54.264655 0.181452 0.924525 0.070728 -0.327606
1051.000000 587.198950 84.379280 53.552284 0.179818 0.924655 0.071530 -0.327968
1052.000000 586.669058 84.594932 52.806488 0.179531 0.923938 0.071016 -0.330248
1053.000000 586.109818 84.791933 52.074774 0.179343 0.923632 0.070425 -0.331331
1054.000000 585.566399 85.000677 51.327985 0.180828 0.922772 0.070048 -0.332997
1055.000000 585.009292 85.222687 50.591368 0.180414 0.922371 0.070256 -0.334286
1056.000000 584.467938 85.425901 49.840816 0.179548 0.921864 0.070204 -0.336156
1057.000000 583.881933 85.664647 49.129733 0.178958 0.921564 0.071322 -0.337055
1058.000000 583.318730 85.886942 48.388211 0.179632 0.921251 0.071222 -0.337573
1059.000000 582.739262 86.105526 47.657918 0.179099 0.921314 0.070965 -0.337740
1060.000000 582.176918 86.325968 46.903675 0.180005 0.921136 0.070184 -0.337906
1061.000000 581.612217 86.549377 46.151105 0.179778 0.920992 0.070932 -0.338262
1062.000000 581.039115 86.773833 45.402892 0.180584 0.920863 0.071806 -0.338002
1063.000000 580.472548 87.003169 44.647077 0.180685 0.920940 0.072518 -0.337585
1064.000000 579.882215 87.244526 43.904890 0.179790 0.921529 0.072421 -0.336474
1065.000000 579.305224 87.475470 43.145540 0.179517 0.921759 0.072561 -0.335959
1066.000000 578.737546 87.701392 42.384311 0.179753 0.921742 0.073892 -0.335589
1067.000000 578.147833 87.939949 41.644737 0.178494 0.922172 0.075627 -0.334694
1068.000000 577.576204 88.178469 40.895301 0.178204 0.922601 0.076306 -0.333510
1069.000000 576.993010 88.395618 40.142323 0.179231 0.922868 0.075028 -0.332508
1070.000000 576.426885 88.630768 39.387503 0.179905 0.923490 0.073272 -0.330803
1071.000000 575.910475 88.829003 38.586586 0.180391 0.923691 0.072565 -0.330134
1072.000000 575.359446 89.044024 37.824080 0.179684 0.924110 0.072393 -0.329383
1073.000000 574.821512 89.270490 37.056467 0.179241 0.924393 0.073421 -0.328602
1074.000000 574.225671 89.478749 36.333691 0.178143 0.925127 0.072747 -0.327282
1075.000000 573.647320 89.710199 35.609911 0.176996 0.925750 0.073215 -0.326035
1076.000000 573.104797 89.936062 34.866652 0.176935 0.925806 0.074667 -0.325579
1077.000000 572.566257 90.140287 34.120271 0.177315 0.926033 0.075439 -0.324547
1078.000000 572.058577 90.357932 33.356744 0.179397 0.925684 0.075823 -0.324310
1079.000000 571.524738 90.580820 32.614412 0.181504 0.925806 0.074312 -0.323136
1080.000000 571.008990 90.793463 31.858885 0.182047 0.925973 0.072370 -0.322794
1081.000000 570.479612 91.021084 31.129354 0.184177 0.925455 0.073788 -0.322748
1082.000000 569.966538 91.245312 30.403278 0.185080 0.924760 0.076949 -0.323486
1083.000000 569.471151 91.459625 29.660103 0.185170 0.924273 0.077801 -0.324620
1084.000000 568.936149 91.686601 28.954099 0.182761 0.924395 0.077854 -0.325624
1085.000000 568.406881 91.899133 28.244171 0.178926 0.924982 0.075551 -0.326628
1086.000000 567.890140 92.114986 27.538079 0.177341 0.924899 0.075421 -0.327757
1087.000000 567.395342 92.349453 26.838784 0.180503 0.923716 0.076558 -0.329100
1088.000000 566.885583 92.538440 26.143786 0.179856 0.923512 0.075307 -0.330313
1089.000000 566.387121 92.723072 25.459160 0.181270 0.922634 0.075768 -0.331882
1090.000000 565.877392 92.927395 24.803498 0.181323 0.922104 0.078086 -0.332790
1091.000000 565.387848 93.114273 24.164108 0.180753 0.921560 0.082784 -0.333471
1092.000000 564.913547 93.314444 23.542778 0.180263 0.921000 0.085610 -0.334568
1093.000000 564.450091 93.525939 22.937167 0.181398 0.920433 0.087045 -0.335144
1094.000000 563.991611 93.735241 22.349290 0.180756 0.920538 0.084943 -0.335741
1095.000000 563.514856 93.937235 21.802297 0.178889 0.921447 0.082749 -0.334794
1096.000000 563.088747 94.116859 21.254480 0.177804 0.921368 0.082634 -0.335617
1097.000000 562.678527 94.278292 20.726038 0.176305 0.921482 0.082886 -0.336031
1098.000000 562.283865 94.432041 20.226300 0.172168 0.921827 0.084316 -0.336873
1099.000000 561.888858 94.601284 19.770388 0.170980 0.922283 0.085908 -0.335828
1100.000000 561.526955 94.751480 19.308069 0.171222 0.922356 0.085456 -0.335618
1101.000000 561.171200 94.908784 18.875745 0.172259 0.922409 0.085596 -0.334904
1102.000000 560.836381 95.053327 18.453159 0.171624 0.922714 0.085239 -0.334481
1103.000000 560.511371 95.183745 18.047395 0.171736 0.922565 0.086489 -0.334516
1104.000000 560.235278 95.290669 17.622829 0.173051 0.921737 0.089042 -0.335448
1105.000000 559.951301 95.409711 17.219189 0.175785 0.921165 0.090508 -0.335207
1106.000000 559.637028 95.539486 16.856482 0.175587 0.921620 0.089920 -0.334215
1107.000000 559.362410 95.662369 16.473292 0.176128 0.921592 0.088874 -0.334289
1108.000000 559.078025 95.793062 16.111776 0.176110 0.921678 0.087748 -0.334357
1109.000000 558.826848 95.897849 15.735885 0.178812 0.920822 0.088245 -0.335151
1110.000000 558.567141 96.015440 15.384248 0.179848 0.920458 0.088374 -0.335563
1111.000000 558.301609 96.139031 15.051086 0.179851 0.920349 0.088653 -0.335787
1112.000000 558.033354 96.243482 14.725694 0.177618 0.920746 0.087444 -0.336202
1113.000000 557.776125 96.353187 14.406071 0.175920 0.921142 0.086849 -0.336164
1114.000000 557.543284 96.452944 14.076099 0.174814 0.921056 0.086453 -0.337079
1115.000000 557.304483 96.537648 13.763773 0.174852 0.921008 0.085706 -0.337380
1116.000000 557.075622 96.636375 13.467319 0.174196 0.921094 0.085819 -0.337457
1117.000000 556.857998 96.762385 13.190169 0.172867 0.921500 0.087246 -0.336664
1118.000000 556.645457 96.834761 12.909518 0.172128 0.921621 0.086970 -0.336782
1119.000000 556.440760 96.929984 12.642737 0.172984 0.921292 0.088505 -0.336844
1120.000000 556.221120 97.028864 12.410500 0.171467 0.921916 0.090611 -0.335350
1121.000000 556.049892 97.077425 12.140244 0.168927 0.922269 0.090848 -0.335605
1122.000000 555.889080 97.155899 11.883654 0.166441 0.922537 0.090973 -0.336075
1123.000000 555.705432 97.239720 11.654146 0.165464 0.923161 0.091174 -0.334787
1124.000000 555.541765 97.321870 11.424194 0.165655 0.923592 0.092231 -0.333211
1125.000000 555.405303 97.395133 11.191962 0.166734 0.923476 0.093490 -0.332642
1126.000000 555.254003 97.460521 10.984975 0.167709 0.923760 0.094366 -0.331113
1127.000000 555.114153 97.526730 10.788099 0.168546 0.924050 0.094882 -0.329728
1128.000000 554.988709 97.589164 10.604357 0.168691 0.924269 0.095343 -0.328906
1129.000000 554.863420 97.643266 10.433112 0.167718 0.924835 0.095275 -0.327831
1130.000000 554.741125 97.695042 10.275626 0.166571 0.925451 0.095305 -0.326668
1131.000000 554.622211 97.757489 10.132259 0.165769 0.925864 0.096574 -0.325531
1132.000000 554.514100 97.801641 9.994193 0.165818 0.925772 0.097477 -0.325499
1133.000000 554.410416 97.847662 9.866638 0.165497 0.925834 0.099085 -0.325000
1134.000000 554.318517 97.895152 9.745640 0.165111 0.925695 0.099728 -0.325396
1135.000000 554.238303 97.929362 9.624150 0.164482 0.925572 0.099467 -0.326143
1136.000000 554.179443 97.967743 9.500665 0.164003 0.925232 0.100060 -0.327166
1137.000000 554.109371 98.001919 9.394746 0.164054 0.925209 0.100693 -0.327010
1138.000000 554.035801 98.034691 9.299612 0.163833 0.925447 0.101012 -0.326348
1139.000000 553.969460 98.064240 9.208457 0.163392 0.925561 0.100807 -0.326310
1140.000000 553.910142 98.093892 9.125639 0.163327 0.925558 0.101236 -0.326217
1141.000000 553.849194 98.119241 9.050148 0.163712 0.925650 0.101733 -0.325608
1142.000000 553.849194 98.119241 9.050148 0.163712 0.925650 0.101733 -0.325608
1143.000000 553.849194 98.119241 9.050148 0.163712 0.925650 0.101733 -0.325608
1144.000000 553.849194 98.119241 9.050148 0.163712 0.925650 0.101733 -0.325608
1145.000000 553.849194 98.119241 9.050148 0.163712 0.925650 0.101733 -0.325608
1146.000000 553.849194 98.119241 9.050148 0.163712 0.925650 0.101733 -0.325608
1147.000000 553.849194 98.119241 9.050148 0.163712 0.925650 0.101733 -0.325608
1148.000000 553.849194 98.119241 9.050148 0.163712 0.925650 0.101733 -0.325608
1149.000000 553.849194 98.119241 9.050148 0.163712 0.925650 0.101733 -0.325608
1150.000000 553.849194 98.119241 9.050148 0.163712 0.925650 0.101733 -0.325608
1151.000000 553.849194 98.119241 9.050148 0.163712 0.925650 0.101733 -0.325608
1152.000000 553.849194 98.119241 9.050148 0.163712 0.925650 0.101733 -0.325608
1153.000000 553.849194 98.119241 9.050148 0.163712 0.925650 0.101733 -0.325608
1154.000000 553.849194 98.119241 9.050148 0.163712 0.925650 0.101733 -0.325608
1155.000000 553.849194 98.119241 9.050148 0.163712 0.925650 0.101733 -0.325608
1156.000000 553.849194 98.119241 9.050148 0.163712 0.925650 0.101733 -0.325608
1157.000000 553.849194 98.119241 9.050148 0.163712 0.925650 0.101733 -0.325608
1158.000000 553.849194 98.119241 9.050148 0.163712 0.925650 0.101733 -0.325608
1159.000000 553.849194 98.119241 9.050148 0.163712 0.925650 0.101733 -0.325608
1160.000000 553.849194 98.119241 9.050148 0.163712 0.925650 0.101733 -0.325608
1161.000000 553.849194 98.119241 9.050148 0.163712 0.925650 0.101733 -0.325608
1162.000000 553.849194 98.119241 9.050148 0.163712 0.925650 0.101733 -0.325608
1163.000000 553.849194 98.119241 9.050148 0.163712 0.925650 0.101733 -0.325608
1164.000000 553.849194 98.119241 9.050148 0.163712 0.925650 0.101733 -0.325608
1165.000000 553.849194 98.119241 9.050148 0.163712 0.925650 0.101733 -0.325608
1166.000000 553.849194 98.119241 9.050148 0.163712 0.925650 0.101733 -0.325608
1167.000000 553.849194 98.119241 9.050148 0.163712 0.925650 0.101733 -0.325608
1168.000000 553.849194 98.119241 9.050148 0.163712 0.925650 0.101733 -0.325608
1169.000000 553.849194 98.119241 9.050148 0.163712 0.925650 0.101733 -0.325608
1170.000000 553.849194 98.119241 9.050148 0.163712 0.925650 0.101733 -0.325608
1171.000000 553.849194 98.119241 9.050148 0.163712 0.925650 0.101733 -0.325608
1172.000000 553.849194 98.119241 9.050148 0.163712 0.925650 0.101733 -0.325608
1173.000000 553.849194 98.119241 9.050148 0.163712 0.925650 0.101733 -0.325608
1174.000000 553.849194 98.119241 9.050148 0.163712 0.925650 0.101733 -0.325608
1175.000000 553.849194 98.119241 9.050148 0.163712 0.925650 0.101733 -0.325608
1176.000000 553.849194 98.119241 9.050148 0.163712 0.925650 0.101733 -0.325608
1177.000000 553.849194 98.119241 9.050148 0.163712 0.925650 0.101733 -0.325608
1178.000000 553.849194 98.119241 9.050148 0.163712 0.925650 0.101733 -0.325608
1179.000000 553.849194 98.119241 9.050148 0.163712 0.925650 0.101733 -0.325608
1180.000000 553.849194 98.119241 9.050148 0.163712 0.925650 0.101733 -0.325608
1181.000000 553.849194 98.119241 9.050148 0.163712 0.925650 0.101733 -0.325608
1182.000000 553.849194 98.119241 9.050148 0.163712 0.925650 0.101733 -0.325608
1183.000000 553.849194 98.119241 9.050148 0.163712 0.925650 0.101733 -0.325608
1184.000000 553.785686 98.148556 8.975882 0.163870 0.925767 0.101642 -0.325224
1185.000000 553.732778 98.182194 8.893324 0.164791 0.925473 0.101751 -0.325563
1186.000000 553.681625 98.209681 8.804900 0.165086 0.925121 0.101790 -0.326399
1187.000000 553.635141 98.239457 8.712668 0.165158 0.924670 0.102329 -0.327470
1188.000000 553.572178 98.271340 8.623679 0.164803 0.924593 0.102277 -0.327883
1189.000000 553.513078 98.304994 8.530810 0.164443 0.924554 0.102182 -0.328203
1190.000000 553.454657 98.329456 8.432570 0.164127 0.924472 0.101529 -0.328796
1191.000000 553.385253 98.364844 8.344900 0.163138 0.924718 0.100926 -0.328779
1192.000000 553.318694 98.386987 8.251976 0.161875 0.924723 0.099388 -0.329857
1193.000000 553.247990 98.414558 8.169752 0.162025 0.924867 0.099033 -0.329486
1194.000000 553.187031 98.441654 8.087080 0.162748 0.924916 0.099101 -0.328971
1195.000000 553.129036 98.469462 8.008123 0.162754 0.924839 0.099238 -0.329143
1196.000000 553.129036 98.469462 8.008123 0.162754 0.924839 0.099238 -0.329143
1197.000000 553.129036 98.469462 8.008123 0.162754 0.924839 0.099238 -0.329143
1198.000000 553.129036 98.469462 8.008123 0.162754 0.924839 0.099238 -0.329143
1199.000000 553.129036 98.469462 8.008123 0.162754 0.924839 0.099238 -0.329143
1200.000000 553.129036 98.469462 8.008123 0.162754 0.924839 0.099238 -0.329143
