1.000000 0.000000 0.000000 0.000000 -0.000220 -0.003239 -0.000178 0.999995
2.000000 0.000000 0.000000 0.000000 -0.000220 -0.003239 -0.000178 0.999995
3.000000 -0.130029 -0.037338 0.990807 -0.000220 -0.003239 -0.000178 0.999995
4.000000 -0.156752 -0.032152 1.091631 0.000968 -0.007132 -0.000689 0.999974
5.000000 -0.178221 -0.027568 1.204212 0.001849 -0.012767 -0.000904 0.999916
6.000000 -0.209550 -0.032266 1.328197 0.002228 -0.019239 -0.000850 0.999812
7.000000 -0.209245 -0.034955 1.469029 0.002048 -0.028357 -0.000624 0.999596
8.000000 -0.234394 -0.038934 1.621417 0.002162 -0.037512 0.000250 0.999294
9.000000 -0.282417 -0.037771 1.780263 0.002414 -0.046904 0.000617 0.998896
10.000000 -0.318666 -0.041533 1.950594 0.002586 -0.058114 0.000619 0.998306
11.000000 -0.363065 -0.043594 2.126757 0.003197 -0.070366 -0.000881 0.997516
12.000000 -0.409657 -0.050564 2.309575 0.003863 -0.083189 -0.003325 0.996521
13.000000 -0.482626 -0.054312 2.492383 0.004366 -0.096532 -0.004898 0.995308
14.000000 -0.549134 -0.061035 2.686011 0.004531 -0.111606 -0.005470 0.993727
15.000000 -0.634921 -0.071363 2.879577 0.004360 -0.127014 -0.006525 0.991870
16.000000 -0.739307 -0.030101 3.067313 0.005948 -0.142576 -0.006005 0.989748
17.000000 -0.833546 -0.025330 3.269459 0.005879 -0.159960 -0.006775 0.987083
18.000000 -0.944676 -0.026755 3.464119 0.006042 -0.177177 -0.007759 0.984130
19.000000 -1.066652 -0.036202 3.660754 0.005818 -0.194576 -0.009373 0.980825
20.000000 -1.179243 -0.039643 3.866320 0.005476 -0.214083 -0.010711 0.976741
21.000000 -1.314266 -0.043172 4.060271 0.006732 -0.233512 -0.009138 0.972288
22.000000 -1.461002 -0.046260 4.252478 0.008119 -0.253625 -0.006708 0.967245
23.000000 -1.632280 -0.059045 4.435938 0.006585 -0.275684 -0.007011 0.961200
24.000000 -1.828328 -0.062908 4.611585 0.004971 -0.298737 -0.008788 0.954282
25.000000 -2.016902 -0.073969 4.801302 0.004047 -0.324446 -0.010199 0.945841
26.000000 -2.225163 -0.076085 4.980308 0.004834 -0.349879 -0.010089 0.936728
27.000000 -2.441302 -0.078510 5.161544 0.006293 -0.376742 -0.007297 0.926268
28.000000 -2.684520 -0.085572 5.326454 0.007220 -0.402497 -0.005195 0.915378
29.000000 -2.943984 -0.093080 5.484388 0.007395 -0.428326 -0.003524 0.903587
30.000000 -3.242007 -0.093087 5.593518 0.006987 -0.453436 -0.002108 0.891259
31.000000 -3.538709 -0.095266 5.730207 0.006663 -0.479687 -0.001444 0.877413
32.000000 -3.858853 -0.079656 5.835155 0.006152 -0.505026 -0.003017 0.863077
33.000000 -4.191167 -0.074788 5.955803 0.005233 -0.530361 -0.002915 0.847751
34.000000 -4.545799 -0.065921 6.046557 0.004110 -0.554537 -0.003887 0.832140
35.000000 -4.918346 -0.084789 6.133240 0.003238 -0.577956 -0.001312 0.816060
36.000000 -5.305693 -0.101210 6.195376 0.002609 -0.599783 0.000352 0.800158
37.000000 -5.707394 -0.111033 6.238299 0.001711 -0.619979 0.000423 0.784616
38.000000 -6.128140 -0.119092 6.257235 0.000457 -0.637932 -0.000857 0.770092
39.000000 -6.563729 -0.125798 6.292562 -0.000325 -0.654114 -0.001414 0.756395
40.000000 -7.012417 -0.152150 6.265590 -0.000778 -0.668046 -0.002176 0.744117
41.000000 -7.476755 -0.142802 6.279333 0.001731 -0.680659 -0.002815 0.732593
42.000000 -7.953539 -0.155298 6.256089 0.003262 -0.691975 -0.002997 0.721908
43.000000 -8.447836 -0.168991 6.223749 0.003400 -0.701059 -0.003926 0.713084
44.000000 -8.958034 -0.165975 6.214055 -0.003961 0.708395 0.005184 -0.705786
45.000000 -9.486704 -0.163896 6.183053 -0.004620 0.714070 0.005299 -0.700039
46.000000 -10.031215 -0.167341 6.154637 -0.004609 0.718580 0.005063 -0.695411
47.000000 -10.586870 -0.182837 6.093344 -0.002189 0.721692 0.005762 -0.692187
48.000000 -11.162502 -0.194907 6.052866 -0.001222 0.724004 0.005594 -0.689772
49.000000 -11.750932 -0.200366 6.009380 -0.000573 0.725460 0.005398 -0.688243
50.000000 -12.357288 -0.202505 5.965934 -0.001068 0.725729 0.004358 -0.687966
51.000000 -12.979529 -0.205847 5.927272 -0.001480 0.725507 0.002697 -0.688208
52.000000 -13.618437 -0.212295 5.904501 0.000021 0.724773 0.002018 -0.688985
53.000000 -14.270977 -0.216829 5.846491 0.000991 0.723884 0.003001 -0.689915
54.000000 -14.934081 -0.226816 5.790333 0.000902 0.723187 0.004395 -0.690638
55.000000 -15.617094 -0.235377 5.758420 0.001114 0.722676 0.004481 -0.691171
56.000000 -16.317122 -0.242570 5.729743 0.001772 0.722352 0.003053 -0.691516
57.000000 -17.032874 -0.248881 5.683864 0.003320 0.721684 0.002117 -0.692211
58.000000 -17.762477 -0.253639 5.628166 0.004031 0.720840 0.001247 -0.693089
59.000000 -18.504052 -0.259852 5.606958 0.004607 0.720317 0.002204 -0.693627
60.000000 -19.259506 -0.277696 5.591166 0.005406 0.719550 0.004480 -0.694405
61.000000 -20.026341 -0.278268 5.563818 0.005740 0.719146 0.005126 -0.694816
62.000000 -20.811585 -0.261280 5.508023 0.004434 0.718917 0.002662 -0.695077
63.000000 -21.604889 -0.257819 5.475461 0.003856 0.718632 0.000902 -0.695379
64.000000 -22.406236 -0.264117 5.433050 0.003713 0.718241 -0.000175 -0.695785
65.000000 -23.208799 -0.276252 5.421396 0.002216 0.718704 0.001578 -0.695311
66.000000 -24.015859 -0.294554 5.391136 -0.000435 0.718595 0.003782 -0.695418
67.000000 -24.837505 -0.296646 5.358550 -0.003241 0.718635 0.004277 -0.695367
68.000000 -25.669112 -0.308139 5.341179 -0.003100 0.718971 0.003721 -0.695023
69.000000 -26.514055 -0.316278 5.313252 -0.000307 0.718990 0.001210 -0.695019
70.000000 -27.362697 -0.316690 5.279236 0.002874 0.719039 -0.000489 -0.694963
71.000000 -28.209896 -0.335106 5.229838 0.005586 0.718938 -0.001626 -0.695050
72.000000 -29.056548 -0.352437 5.178562 0.006416 0.719042 -0.001195 -0.694936
73.000000 -29.896670 -0.375844 5.112162 0.005655 0.718892 0.000011 -0.695099
74.000000 -30.736191 -0.382770 5.074668 0.004773 0.719082 0.000928 -0.694908
75.000000 -31.580389 -0.388475 5.036000 0.005693 0.719104 0.000886 -0.694878
76.000000 -32.422144 -0.394790 5.022590 0.006662 0.719218 0.000411 -0.694752
77.000000 -33.264980 -0.410054 4.976077 0.006634 0.719099 0.001392 -0.694874
78.000000 -34.096878 -0.414756 4.911694 0.004658 0.718904 0.002998 -0.695088
79.000000 -34.933383 -0.421200 4.886345 0.003925 0.718913 0.005020 -0.695071
80.000000 -35.772490 -0.434158 4.872022 0.004195 0.718813 0.004673 -0.695175
81.000000 -36.611857 -0.447899 4.848350 0.004423 0.718720 0.003163 -0.695278
82.000000 -37.453079 -0.465959 4.902405 0.006477 0.719487 0.001540 -0.694474
83.000000 -38.295832 -0.503283 4.877908 0.008981 0.719586 -0.000974 -0.694344
84.000000 -39.131863 -0.518549 4.832845 0.010179 0.719621 -0.002122 -0.694289
85.000000 -39.967220 -0.517977 4.828701 0.009928 0.719823 -0.001899 -0.694084
86.000000 -40.799804 -0.526851 4.801899 0.008629 0.719720 -0.000151 -0.694211
87.000000 -41.629209 -0.544620 4.787462 0.007734 0.719541 0.001617 -0.694405
88.000000 -42.458978 -0.544720 4.761000 0.007614 0.719943 0.003362 -0.693984
89.000000 -43.286277 -0.549120 4.699252 0.007920 0.720016 0.004460 -0.693898
90.000000 -44.112776 -0.545700 4.694065 0.006350 0.720503 0.004591 -0.693407
91.000000 -44.938790 -0.554527 4.685310 0.004262 0.720980 0.005016 -0.692924
92.000000 -45.763276 -0.554903 4.656651 0.002145 0.721391 0.004268 -0.692512
93.000000 -46.582773 -0.555190 4.561162 0.002696 0.721205 0.002644 -0.692711
94.000000 -47.409349 -0.564899 4.535081 0.003760 0.721940 -0.000397 -0.691945
95.000000 -48.225430 -0.586579 4.471400 0.005024 0.722453 -0.001571 -0.691400
96.000000 -49.035808 -0.607655 4.410506 0.005444 0.722640 -0.000517 -0.691203
97.000000 -49.841868 -0.619942 4.390601 0.005260 0.723416 0.001880 -0.690390
98.000000 -50.639956 -0.620790 4.319918 0.005710 0.723732 0.004823 -0.690041
99.000000 -51.438797 -0.616453 4.265091 0.006451 0.724178 0.006740 -0.689550
100.000000 -52.235329 -0.613424 4.212368 0.007261 0.724547 0.006740 -0.689154
101.000000 -53.031844 -0.623694 4.188983 0.007850 0.725481 0.005129 -0.688178
102.000000 -53.819529 -0.634896 4.128040 0.009065 0.725721 0.006477 -0.687899
103.000000 -54.604956 -0.630847 4.098191 0.009834 0.725983 0.007363 -0.687603
104.000000 -55.382997 -0.628937 4.013522 0.010012 0.725524 0.006118 -0.688097
105.000000 -56.161436 -0.635550 3.997692 0.010632 0.725737 0.004578 -0.687875
106.000000 -56.936199 -0.632366 3.943001 0.012000 0.725766 0.003167 -0.687830
107.000000 -57.701430 -0.636592 3.880849 0.012428 0.725903 0.002232 -0.687681
108.000000 -58.457240 -0.627789 3.806588 0.011700 0.725684 0.002222 -0.687925
109.000000 -59.207332 -0.623094 3.772692 0.010090 0.726104 0.002374 -0.687507
110.000000 -59.942515 -0.635981 3.728658 0.009137 0.726071 0.003704 -0.687549
111.000000 -60.668142 -0.625521 3.649916 0.008620 0.725638 0.005187 -0.688003
112.000000 -61.378796 -0.625534 3.599650 0.008220 0.725161 0.006288 -0.688501
113.000000 -62.074459 -0.620956 3.540230 0.008905 0.724265 0.007414 -0.689424
114.000000 -62.754854 -0.621884 3.483853 0.009496 0.722559 0.007308 -0.691206
115.000000 -63.418766 -0.606292 3.417468 0.009466 0.720404 0.006638 -0.693458
116.000000 -64.069301 -0.599396 3.380368 0.009129 0.717959 0.005629 -0.696003
117.000000 -64.705459 -0.604634 3.362872 0.009787 0.714952 0.005160 -0.699086
118.000000 -65.325716 -0.601801 3.349187 0.011029 0.710681 0.005199 -0.703408
119.000000 -65.927522 -0.596376 3.337166 -0.012214 -0.705537 -0.005654 0.708546
120.000000 -66.511513 -0.601383 3.357742 -0.013155 -0.699075 -0.005342 0.714907
121.000000 -67.071969 -0.602491 3.392243 -0.013537 -0.691349 -0.004852 0.722378
122.000000 -67.610279 -0.589324 3.439448 -0.012777 -0.682830 -0.004388 0.730452
123.000000 -68.125745 -0.578826 3.468203 -0.011549 -0.671939 -0.003333 0.740509
124.000000 -68.617859 -0.578114 3.535659 -0.011254 -0.659126 -0.002584 0.751944
125.000000 -69.084961 -0.583944 3.646890 -0.010707 -0.645207 -0.001156 0.763932
126.000000 -69.532359 -0.577294 3.761998 -0.010080 -0.629695 -0.000417 0.776777
127.000000 -69.972056 -0.584857 3.908635 -0.009770 -0.612298 0.001438 0.790566
128.000000 -70.394588 -0.577592 4.060629 -0.007643 -0.593435 0.003787 0.804836
129.000000 -70.804458 -0.593364 4.248148 -0.003903 -0.572657 0.007355 0.819753
130.000000 -71.199053 -0.617800 4.436350 -0.000498 -0.549758 0.009733 0.835267
131.000000 -71.592846 -0.611982 4.644658 0.002508 -0.525399 0.011177 0.850779
132.000000 -71.954704 -0.635214 4.885281 0.002721 -0.501314 0.011873 0.865179
133.000000 -72.319719 -0.654608 5.132376 0.003606 -0.476779 0.013303 0.878915
134.000000 -72.641024 -0.667070 5.432750 0.005824 -0.454759 0.017352 0.890426
135.000000 -72.943940 -0.697785 5.736415 0.008184 -0.431118 0.022408 0.901980
136.000000 -73.219090 -0.723465 6.062796 0.011193 -0.407337 0.022611 0.912929
137.000000 -73.526225 -0.737913 6.344683 0.015610 -0.381062 0.019878 0.924204
138.000000 -73.778764 -0.772256 6.693172 0.020819 -0.355640 0.015506 0.934262
139.000000 -74.024855 -0.791223 7.055076 0.024853 -0.328721 0.011379 0.944032
140.000000 -74.266044 -0.802552 7.451335 0.027094 -0.301351 0.010347 0.953072
141.000000 -74.500162 -0.836376 7.868889 0.028346 -0.273438 0.008924 0.961430
142.000000 -74.745009 -0.848795 8.289259 0.030431 -0.245112 0.007159 0.968991
143.000000 -74.923525 -0.892858 8.767746 0.029871 -0.219617 0.006078 0.975110
144.000000 -75.088043 -0.940680 9.262751 0.028869 -0.196274 0.002118 0.980122
145.000000 -75.265604 -0.970629 9.773254 0.029367 -0.174642 -0.000899 0.984193
146.000000 -75.430652 -1.006611 10.308895 0.028096 -0.155904 -0.003515 0.987366
147.000000 -75.594148 -1.047838 10.860376 0.026941 -0.140228 -0.003898 0.989745
148.000000 -75.742101 -1.086891 11.435358 0.026228 -0.127836 -0.003550 0.991442
149.000000 -75.885545 -1.122615 12.028006 0.025218 -0.117279 -0.003603 0.992772
150.000000 -76.025979 -1.156718 12.639883 0.023721 -0.107902 -0.004542 0.993868
151.000000 -76.190764 -1.178777 13.259610 0.023072 -0.099836 -0.006621 0.994714
152.000000 -76.330428 -1.223577 13.900281 0.022026 -0.093037 -0.008582 0.995382
153.000000 -76.446978 -1.275165 14.558847 0.021738 -0.086448 -0.009119 0.995977
154.000000 -76.528873 -1.308188 15.239182 0.022012 -0.080121 -0.009895 0.996493
155.000000 -76.633512 -1.334416 15.932098 0.021704 -0.073011 -0.009203 0.997053
156.000000 -76.733355 -1.378517 16.640716 0.021124 -0.066012 -0.010090 0.997544
157.000000 -76.822306 -1.412812 17.359029 0.022537 -0.059901 -0.010243 0.997897
158.000000 -76.920109 -1.455648 18.089567 0.024920 -0.054287 -0.011046 0.998153
159.000000 -77.001073 -1.491914 18.831026 0.028137 -0.049679 -0.010346 0.998315
160.000000 -77.124496 -1.524946 19.583111 0.028423 -0.044956 -0.010202 0.998532
161.000000 -77.162327 -1.573551 20.356413 0.025470 -0.042398 -0.011165 0.998714
162.000000 -77.225458 -1.644687 21.129903 0.020862 -0.040363 -0.012846 0.998885
163.000000 -77.287667 -1.709281 21.902204 0.018910 -0.038152 -0.014286 0.998991
164.000000 -77.339208 -1.749599 22.668713 0.019378 -0.036497 -0.013460 0.999055
165.000000 -77.384978 -1.791189 23.436546 0.020111 -0.035208 -0.013043 0.999093
166.000000 -77.443686 -1.835098 24.206487 0.019062 -0.033620 -0.012287 0.999177
167.000000 -77.520088 -1.887071 24.973619 0.017869 -0.032255 -0.011767 0.999251
168.000000 -77.581959 -1.929342 25.743201 0.017308 -0.030307 -0.010845 0.999332
169.000000 -77.636074 -1.984044 26.504302 0.018848 -0.028866 -0.011255 0.999342
170.000000 -77.660034 -2.040264 27.264471 0.022098 -0.028289 -0.013435 0.999265
171.000000 -77.719493 -2.089792 28.022678 0.025717 -0.027309 -0.014225 0.999195
172.000000 -77.769973 -2.138997 28.778228 0.027826 -0.026766 -0.014880 0.999144
173.000000 -77.818278 -2.188609 29.544490 0.027158 -0.025746 -0.015331 0.999182
174.000000 -77.878033 -2.250525 30.301306 0.025093 -0.024522 -0.017252 0.999235
175.000000 -77.948972 -2.300119 31.057616 0.022672 -0.023205 -0.018979 0.999293
176.000000 -77.988714 -2.350824 31.809526 0.021454 -0.022053 -0.018156 0.999362
177.000000 -78.020266 -2.394758 32.557759 0.021597 -0.021445 -0.016988 0.999392
178.000000 -78.056760 -2.455433 33.308065 0.021273 -0.020981 -0.015685 0.999430
179.000000 -78.079139 -2.499504 34.060907 0.022293 -0.020556 -0.015600 0.999418
180.000000 -78.116144 -2.547691 34.815468 0.022932 -0.020284 -0.014260 0.999430
181.000000 -78.155184 -2.601535 35.576881 0.022765 -0.019869 -0.013644 0.999450
182.000000 -78.222478 -2.645195 36.341300 0.022145 -0.018885 -0.015419 0.999457
183.000000 -78.277272 -2.689690 37.110074 0.022605 -0.018707 -0.015025 0.999457
184.000000 -78.326853 -2.739007 37.884914 0.022714 -0.019674 -0.014338 0.999446
185.000000 -78.367231 -2.785096 38.668954 0.022401 -0.020747 -0.012270 0.999458
186.000000 -78.422040 -2.839394 39.453464 0.022443 -0.022177 -0.013390 0.999412
187.000000 -78.462048 -2.895990 40.249200 0.022531 -0.023527 -0.015663 0.999347
188.000000 -78.513315 -2.945121 41.042900 0.025024 -0.024751 -0.016133 0.999250
189.000000 -78.582113 -2.976512 41.839790 0.027100 -0.026051 -0.016071 0.999164
190.000000 -78.642394 -3.032367 42.648889 0.027742 -0.026769 -0.015674 0.999134
191.000000 -78.701934 -3.101394 43.465181 0.026679 -0.027287 -0.015703 0.999148
192.000000 -78.769530 -3.142981 44.294461 0.026687 -0.028257 -0.014599 0.999138
193.000000 -78.830978 -3.199735 45.128771 0.025834 -0.028614 -0.014791 0.999147
194.000000 -78.885058 -3.243068 45.972505 0.024321 -0.029301 -0.014051 0.999176
195.000000 -78.930012 -3.295780 46.823294 0.021956 -0.029964 -0.012989 0.999225
196.000000 -78.984281 -3.359089 47.676504 0.021123 -0.029563 -0.014322 0.999237
197.000000 -79.063694 -3.427300 48.533222 0.020832 -0.028360 -0.016193 0.999249
198.000000 -79.133228 -3.486585 49.392027 0.021222 -0.027332 -0.016496 0.999265
199.000000 -79.201621 -3.534381 50.254413 0.022598 -0.026074 -0.015766 0.999280
200.000000 -79.274372 -3.586888 51.120710 0.023358 -0.024961 -0.014675 0.999308
201.000000 -79.329629 -3.644710 51.989853 0.023479 -0.023719 -0.014820 0.999333
202.000000 -79.358546 -3.693780 52.867492 0.022406 -0.023843 -0.013385 0.999375
203.000000 -79.429152 -3.767963 53.741066 0.020688 -0.023039 -0.011751 0.999451
204.000000 -79.481194 -3.820523 54.613516 0.020652 -0.022621 -0.011409 0.999466
205.000000 -79.527910 -3.891040 55.479311 0.021737 -0.021944 -0.012165 0.999449
206.000000 -79.574179 -3.942512 56.337606 0.024571 -0.021465 -0.013341 0.999379
207.000000 -79.649703 -4.024192 57.191939 0.026512 -0.020613 -0.014258 0.999334
208.000000 -79.729610 -4.056881 58.042952 0.029961 -0.019756 -0.016289 0.999223
209.000000 -79.797336 -4.129388 58.893380 0.030047 -0.019215 -0.015115 0.999249
210.000000 -79.827967 -4.194059 59.744408 0.027097 -0.019207 -0.013599 0.999356
211.000000 -79.894654 -4.252209 60.598758 0.022396 -0.019426 -0.012031 0.999488
212.000000 -79.955790 -4.313309 61.448185 0.018264 -0.019945 -0.010359 0.999581
213.000000 -80.005212 -4.374887 62.282023 0.019054 -0.020866 -0.009195 0.999558
214.000000 -80.044123 -4.432139 63.110845 0.020893 -0.021616 -0.007452 0.999520
215.000000 -80.083265 -4.486482 63.940447 0.021599 -0.022821 -0.006845 0.999483
216.000000 -80.134002 -4.539946 64.763933 0.022764 -0.024408 -0.007724 0.999413
217.000000 -80.179649 -4.600194 65.582221 0.024139 -0.026313 -0.008220 0.999328
218.000000 -80.250189 -4.657892 66.394762 0.025832 -0.028140 -0.008845 0.999231
219.000000 -80.278325 -4.696501 67.205752 0.028851 -0.030918 -0.009222 0.999063
220.000000 -80.372128 -4.765832 68.010814 0.028735 -0.032127 -0.011761 0.999001
221.000000 -80.439200 -4.823563 68.818191 0.027889 -0.034115 -0.013530 0.998937
222.000000 -80.521426 -4.893608 69.622438 0.024359 -0.036206 -0.014603 0.998941
223.000000 -80.602418 -4.957998 70.425188 0.021862 -0.038380 -0.015744 0.998900
224.000000 -80.699024 -5.013769 71.219080 0.019893 -0.040865 -0.014652 0.998859
225.000000 -80.745428 -5.048138 72.011736 0.020052 -0.045290 -0.013563 0.998681
226.000000 -80.833968 -5.093715 72.802354 0.018362 -0.048294 -0.011836 0.998594
227.000000 -80.931037 -5.148223 73.582312 0.018388 -0.051001 -0.012237 0.998454
228.000000 -81.024649 -5.193193 74.356467 0.018956 -0.054015 -0.015270 0.998243
229.000000 -81.122412 -5.236863 75.126214 0.020899 -0.057016 -0.016718 0.998014
230.000000 -81.216211 -5.276441 75.891420 0.022451 -0.060149 -0.016179 0.997806
231.000000 -81.350692 -5.325143 76.651594 0.023020 -0.062592 -0.016234 0.997642
232.000000 -81.441096 -5.361136 77.416664 0.020952 -0.065112 -0.017374 0.997507
233.000000 -81.560331 -5.406375 78.176418 0.018746 -0.068299 -0.016540 0.997352
234.000000 -81.683753 -5.454498 78.928827 0.017772 -0.071276 -0.016333 0.997165
235.000000 -81.815268 -5.489124 79.672396 0.019970 -0.074790 -0.015266 0.996882
236.000000 -81.868222 -5.522891 80.421286 0.023887 -0.079370 -0.015802 0.996434
237.000000 -82.016889 -5.565488 81.158425 0.025248 -0.083366 -0.014433 0.996095
238.000000 -82.140695 -5.615505 81.903532 0.024069 -0.088923 -0.014037 0.995649
239.000000 -82.297487 -5.663683 82.641508 0.021297 -0.094483 -0.013212 0.995211
240.000000 -82.461432 -5.713565 83.381247 0.017594 -0.100461 -0.012850 0.994702
241.000000 -82.584261 -5.753045 84.122425 0.016620 -0.106884 -0.012887 0.994049
242.000000 -82.787745 -5.798842 84.832544 0.018798 -0.112350 -0.015537 0.993369
243.000000 -83.005097 -5.816456 85.531815 0.024213 -0.118266 -0.015861 0.992560
244.000000 -83.211731 -5.867576 86.238026 0.026763 -0.124282 -0.014720 0.991777
245.000000 -83.420914 -5.907040 86.958732 0.024874 -0.130682 -0.012481 0.991034
246.000000 -83.617574 -5.948285 87.688219 0.021671 -0.136946 -0.011374 0.990276
247.000000 -83.882656 -6.014460 88.393341 0.019166 -0.142639 -0.009446 0.989544
248.000000 -84.123242 -6.063322 89.099384 0.020378 -0.148923 -0.008819 0.988599
249.000000 -84.381010 -6.127092 89.796510 0.022388 -0.154015 -0.009792 0.987766
250.000000 -84.628779 -6.174356 90.499539 0.025977 -0.158531 -0.008973 0.986972
251.000000 -84.890400 -6.231977 91.196856 0.028807 -0.161808 -0.009104 0.986360
252.000000 -85.180939 -6.274089 91.890011 0.030374 -0.165255 -0.009878 0.985734
253.000000 -85.480273 -6.338886 92.581027 0.029829 -0.169039 -0.012645 0.985077
254.000000 -85.740426 -6.388383 93.284928 0.028937 -0.173163 -0.011733 0.984398
255.000000 -86.019395 -6.441785 93.990502 0.025990 -0.177319 -0.010535 0.983754
256.000000 -86.283818 -6.486646 94.706405 0.022207 -0.181023 -0.008686 0.983190
257.000000 -86.556389 -6.535288 95.420107 0.018437 -0.184667 -0.011135 0.982565
258.000000 -86.855975 -6.568586 96.116397 0.019318 -0.187762 -0.015186 0.981907
259.000000 -87.140104 -6.594425 96.813032 0.023495 -0.190730 -0.014886 0.981248
260.000000 -87.425364 -6.645979 97.510505 0.027095 -0.192830 -0.013156 0.980770
261.000000 -87.738066 -6.683221 98.205775 0.027634 -0.194809 -0.013058 0.980365
262.000000 -88.075804 -6.725740 98.901299 0.025298 -0.196790 -0.014467 0.980012
263.000000 -88.398924 -6.784464 99.602605 0.023105 -0.199580 -0.014744 0.979498
264.000000 -88.692708 -6.809693 100.316719 0.025561 -0.202506 -0.012903 0.978862
265.000000 -89.010288 -6.869152 101.009642 0.028310 -0.204839 -0.014149 0.978284
266.000000 -89.352677 -6.921412 101.692286 0.031776 -0.207074 -0.014310 0.977704
267.000000 -89.653537 -6.973700 102.397326 0.032966 -0.210397 -0.015362 0.976939
268.000000 -90.007978 -7.027497 103.086119 0.030903 -0.212234 -0.015623 0.976605
269.000000 -90.369912 -7.088698 103.765633 0.029659 -0.214091 -0.016304 0.976227
270.000000 -90.736397 -7.151421 104.438214 0.029041 -0.216049 -0.017487 0.975794
271.000000 -91.049508 -7.205743 105.133819 0.029835 -0.218820 -0.016444 0.975170
272.000000 -91.370235 -7.255336 105.823189 0.030574 -0.221566 -0.014719 0.974555
273.000000 -91.698521 -7.313568 106.506650 0.030505 -0.223997 -0.013926 0.974013
274.000000 -92.052023 -7.367345 107.176606 0.030219 -0.226090 -0.014758 0.973526
275.000000 -92.395238 -7.425234 107.845582 0.030179 -0.228537 -0.014871 0.972954
276.000000 -92.715015 -7.482172 108.515185 0.032367 -0.231271 -0.014482 0.972243
277.000000 -93.065147 -7.538985 109.165073 0.034699 -0.233405 -0.014300 0.971655
278.000000 -93.408943 -7.604830 109.811026 0.035887 -0.235557 -0.014574 0.971088
279.000000 -93.740266 -7.650700 110.473781 0.034334 -0.237921 -0.013317 0.970586
280.000000 -94.116771 -7.711302 111.104279 0.030158 -0.238959 -0.012625 0.970479
281.000000 -94.445138 -7.780214 111.751986 0.025851 -0.241021 -0.010034 0.970124
282.000000 -94.771409 -7.838008 112.381956 0.023737 -0.242848 -0.008032 0.969741
283.000000 -95.134262 -7.849659 112.975249 0.025175 -0.243841 -0.006412 0.969467
284.000000 -95.476436 -7.913592 113.554245 0.026133 -0.244869 -0.008444 0.969167
285.000000 -95.793692 -7.958423 114.132517 0.027636 -0.246537 -0.008487 0.968702
286.000000 -96.114155 -8.009816 114.692096 0.028290 -0.247891 -0.008039 0.968341
287.000000 -96.438522 -8.054894 115.226778 0.028706 -0.248668 -0.007449 0.968135
288.000000 -96.739448 -8.085789 115.756395 0.028054 -0.250323 -0.007602 0.967726
289.000000 -96.988032 -8.102465 116.290276 0.028068 -0.252546 -0.006344 0.967157
290.000000 -97.274608 -8.150418 116.772283 0.027990 -0.253649 -0.005341 0.966876
291.000000 -97.520587 -8.197518 117.249923 0.028056 -0.255535 -0.004297 0.966383
292.000000 -97.786650 -8.231835 117.688811 0.028802 -0.256513 -0.004138 0.966103
293.000000 -98.044965 -8.273487 118.107544 0.030105 -0.257488 -0.005654 0.965796
294.000000 -98.278096 -8.308023 118.515561 0.032077 -0.259026 -0.006259 0.965317
295.000000 -98.565834 -8.348951 118.861271 0.033206 -0.259294 -0.005154 0.965214
296.000000 -98.833082 -8.372532 119.205743 0.034040 -0.260150 -0.002731 0.964964
297.000000 -99.058322 -8.411855 119.553065 0.033070 -0.262647 -0.002489 0.964322
298.000000 -99.264153 -8.416865 119.894275 0.032835 -0.266245 -0.003425 0.963340
299.000000 -99.496304 -8.451101 120.193323 0.030070 -0.268395 -0.005011 0.962827
300.000000 -99.663813 -8.499738 120.511186 0.026455 -0.272808 -0.004109 0.961696
301.000000 -99.867106 -8.519036 120.782868 0.025159 -0.276033 -0.002949 0.960814
302.000000 -100.052729 -8.541685 121.039095 0.025294 -0.279980 -0.000842 0.959672
303.000000 -100.214945 -8.555324 121.293514 0.025844 -0.285995 0.001209 0.957882
304.000000 -100.354968 -8.582080 121.540068 0.025689 -0.293778 0.003184 0.955523
305.000000 -100.546523 -8.601880 121.729854 0.025306 -0.300622 0.003339 0.953402
306.000000 -100.733163 -8.648524 121.895660 0.024425 -0.308701 0.002782 0.950842
307.000000 -100.903272 -8.666278 122.068312 0.025567 -0.318346 0.002303 0.947627
308.000000 -101.025868 -8.677567 122.260422 0.028226 -0.330340 0.001413 0.943439
309.000000 -101.170973 -8.702138 122.416944 0.030433 -0.341063 0.001022 0.939547
310.000000 -101.330140 -8.715860 122.559417 0.031617 -0.351221 -0.001368 0.935758
311.000000 -101.498389 -8.727811 122.696062 0.031365 -0.361457 -0.004956 0.931848
312.000000 -101.641655 -8.721812 122.854168 0.031998 -0.373517 -0.005575 0.927054
313.000000 -101.812832 -8.736700 122.991017 0.032011 -0.384765 -0.003666 0.922452
314.000000 -101.974755 -8.745571 123.137556 0.032222 -0.397120 -0.001810 0.917199
315.000000 -102.151604 -8.757022 123.255668 0.030851 -0.409785 -0.001377 0.911659
316.000000 -102.343973 -8.767998 123.360564 0.028643 -0.422799 -0.001803 0.905769
317.000000 -102.501264 -8.781535 123.503830 0.026146 -0.438254 -0.002146 0.898468
318.000000 -102.692018 -8.795229 123.606300 0.024661 -0.451699 -0.002252 0.891827
319.000000 -102.888397 -8.822665 123.693506 0.022805 -0.464920 -0.002621 0.885055
320.000000 -103.075471 -8.819518 123.790576 0.021595 -0.478951 -0.004469 0.877564
321.000000 -103.286929 -8.863866 123.810940 0.019314 -0.490603 -0.003652 0.871162
322.000000 -103.490809 -8.866578 123.892326 0.019959 -0.504732 -0.004032 0.863036
323.000000 -103.706518 -8.872541 123.947828 0.021228 -0.518584 -0.005783 0.854744
324.000000 -103.946588 -8.880200 124.022606 0.023308 -0.534179 -0.007182 0.845020
325.000000 -104.198166 -8.891836 124.085207 0.024136 -0.551002 -0.007510 0.834121
326.000000 -104.478983 -8.870964 124.151872 0.024927 -0.568301 -0.009157 0.822392
327.000000 -104.773299 -8.861665 124.225607 0.026226 -0.586739 -0.010000 0.809290
328.000000 -105.075694 -8.855678 124.272709 0.028361 -0.605534 -0.010325 0.795247
329.000000 -105.408948 -8.864127 124.296911 0.029182 -0.624449 -0.010288 0.780452
330.000000 -105.759016 -8.874177 124.316951 0.029748 -0.643643 -0.009485 0.764689
331.000000 -106.103385 -8.876097 124.317779 0.028656 -0.663013 -0.009005 0.748005
332.000000 -106.477394 -8.889326 124.305730 0.028925 -0.682267 -0.006471 0.730502
333.000000 -106.845479 -8.890918 124.274061 0.028747 -0.701027 -0.005262 0.712536
334.000000 -107.239767 -8.868339 124.227376 -0.031348 0.719429 0.004160 -0.693845
335.000000 -107.643786 -8.833359 124.165550 -0.031664 0.737526 0.005107 -0.674557
336.000000 -107.997648 -8.810147 123.961859 -0.033255 0.749334 0.005007 -0.661338
337.000000 -108.422214 -8.787997 123.859623 -0.033700 0.765633 0.004991 -0.642375
338.000000 -108.859239 -8.778852 123.744902 -0.035305 0.781781 0.004138 -0.622539
339.000000 -109.299534 -8.775949 123.592589 -0.035944 0.796626 0.003871 -0.603390
340.000000 -109.749301 -8.802735 123.399674 -0.037086 0.810092 0.001424 -0.585128
341.000000 -110.197680 -8.812172 123.174675 -0.037243 0.822817 0.000551 -0.567084
342.000000 -110.649610 -8.829532 122.907255 -0.037487 0.834172 -0.000340 -0.550229
343.000000 -111.133681 -8.853323 122.649960 -0.037570 0.844453 -0.001650 -0.534307
344.000000 -111.627728 -8.894403 122.383362 -0.038444 0.853215 -0.003659 -0.520128
345.000000 -112.125504 -8.925990 122.074958 -0.037199 0.860001 -0.003243 -0.508924
346.000000 -112.622347 -8.940355 121.740865 -0.035562 0.865074 -0.001800 -0.500379
347.000000 -113.162590 -8.918921 121.433954 -0.033400 0.869287 0.000238 -0.493178
348.000000 -113.686954 -8.943979 121.069108 -0.033515 0.872362 -0.000424 -0.487711
349.000000 -114.218221 -8.977364 120.680161 -0.032977 0.875009 -0.001150 -0.482981
350.000000 -114.713130 -9.029712 120.222158 -0.032879 0.876376 -0.002365 -0.480498
351.000000 -115.297415 -9.037499 119.852484 -0.031697 0.878307 -0.001548 -0.477042
352.000000 -115.840001 -9.080539 119.401117 -0.031780 0.879486 -0.001871 -0.474858
353.000000 -116.447334 -9.092342 119.009757 -0.031764 0.880937 -0.001451 -0.472164
354.000000 -117.060848 -9.125372 118.595202 -0.032325 0.881986 -0.002029 -0.470161
355.000000 -117.688008 -9.133599 118.179953 -0.031531 0.882744 -0.001167 -0.468794
356.000000 -118.325947 -9.150432 117.743262 -0.032024 0.883046 -0.001068 -0.468191
357.000000 -118.962528 -9.170071 117.284052 -0.032311 0.883225 -0.000698 -0.467834
358.000000 -119.620123 -9.213038 116.825278 -0.032488 0.883520 -0.000246 -0.467266
359.000000 -120.304475 -9.228452 116.374565 -0.032938 0.883931 0.000787 -0.466455
360.000000 -120.987359 -9.262710 115.893805 -0.032600 0.884104 0.000472 -0.466151
361.000000 -121.679991 -9.291762 115.409490 -0.031070 0.884381 -0.000103 -0.465731
362.000000 -122.380306 -9.336442 114.908778 -0.030742 0.884651 -0.001256 -0.465237
363.000000 -123.087652 -9.369637 114.407677 -0.030461 0.884861 -0.000843 -0.464858
364.000000 -123.812818 -9.420223 113.909217 -0.031876 0.885214 -0.000454 -0.464091
365.000000 -124.537924 -9.451766 113.386705 -0.032587 0.885374 -0.000029 -0.463735
366.000000 -125.286805 -9.475905 112.869815 -0.034325 0.885712 -0.000221 -0.462965
367.000000 -126.036500 -9.510859 112.331593 -0.035421 0.885920 -0.000246 -0.462484
368.000000 -126.790452 -9.540714 111.785337 -0.035325 0.886278 0.001516 -0.461803
369.000000 -127.556597 -9.573920 111.237357 -0.035175 0.886633 0.003977 -0.461117
370.000000 -128.333503 -9.606080 110.686714 -0.035420 0.887151 0.006022 -0.460079
371.000000 -129.124263 -9.634257 110.129987 -0.034261 0.887403 0.007208 -0.459664
372.000000 -129.907155 -9.665840 109.543816 -0.033255 0.887322 0.007017 -0.459896
373.000000 -130.708276 -9.690096 108.967638 -0.031182 0.887383 0.006732 -0.459928
374.000000 -131.502738 -9.708772 108.386321 -0.030481 0.887453 0.006556 -0.459843
375.000000 -132.300156 -9.751416 107.801931 -0.030515 0.887473 0.005412 -0.459816
376.000000 -133.107662 -9.787335 107.233576 -0.030277 0.887856 0.005201 -0.459095
377.000000 -133.901267 -9.832833 106.644689 -0.030307 0.887732 0.004870 -0.459336
378.000000 -134.711809 -9.870514 106.079883 -0.029454 0.888072 0.005142 -0.458732
379.000000 -135.530594 -9.907111 105.522329 -0.029471 0.888330 0.004585 -0.458235
380.000000 -136.328848 -9.955233 104.924517 -0.028715 0.888398 0.004067 -0.458158
381.000000 -137.130318 -10.000391 104.342291 -0.028280 0.888494 0.003732 -0.458001
382.000000 -137.930879 -10.047248 103.754962 -0.028277 0.888572 0.003784 -0.457850
383.000000 -138.726993 -10.090855 103.152583 -0.029039 0.888693 0.003621 -0.457568
384.000000 -139.519618 -10.140274 102.561517 -0.028601 0.888842 0.004273 -0.457301
385.000000 -140.326652 -10.174125 101.976527 -0.029167 0.889112 0.003906 -0.456742
386.000000 -141.128194 -10.211677 101.395609 -0.028825 0.889437 0.004364 -0.456127
387.000000 -141.916205 -10.250729 100.795154 -0.028874 0.889549 0.004612 -0.455904
388.000000 -142.703768 -10.282556 100.201341 -0.028727 0.889632 0.005396 -0.455741
389.000000 -143.496989 -10.322739 99.603384 -0.028178 0.889651 0.005731 -0.455735
390.000000 -144.292888 -10.356715 99.006581 -0.026307 0.889666 0.006435 -0.455808
391.000000 -145.091802 -10.399233 98.422096 -0.025304 0.889479 0.006892 -0.456223
392.000000 -145.887854 -10.454396 97.840503 -0.025371 0.889501 0.006798 -0.456178
393.000000 -146.678662 -10.479973 97.251361 -0.025044 0.889053 0.008047 -0.457047
394.000000 -147.478944 -10.505719 96.668977 -0.025851 0.888670 0.007478 -0.457757
395.000000 -148.296585 -10.546772 96.105855 -0.025219 0.888568 0.006305 -0.458007
396.000000 -149.105417 -10.587741 95.535145 -0.024933 0.888259 0.003750 -0.458650
397.000000 -149.920171 -10.620909 94.963411 -0.025036 0.888142 0.000052 -0.458886
398.000000 -150.717085 -10.663031 94.383478 -0.024954 0.887963 -0.000887 -0.459236
399.000000 -151.520176 -10.711140 93.819700 -0.026379 0.887900 0.000895 -0.459278
400.000000 -152.317178 -10.761454 93.248948 -0.027153 0.888000 0.002931 -0.459031
401.000000 -153.123713 -10.791077 92.685913 -0.027057 0.888112 0.003230 -0.458818
402.000000 -153.929701 -10.832743 92.116769 -0.026634 0.888428 0.001324 -0.458241
403.000000 -154.707641 -10.883174 91.520639 -0.025567 0.888249 0.000699 -0.458649
404.000000 -155.493344 -10.925381 90.942457 -0.025811 0.888368 0.001205 -0.458405
405.000000 -156.267737 -10.986561 90.353402 -0.026654 0.888484 0.001143 -0.458131
406.000000 -157.046480 -11.026516 89.769404 -0.026456 0.888619 0.000621 -0.457881
407.000000 -157.836477 -11.067369 89.200709 -0.025398 0.888777 -0.001008 -0.457634
408.000000 -158.619819 -11.107968 88.628818 -0.025188 0.888869 -0.002347 -0.457462
409.000000 -159.393943 -11.172017 88.048979 -0.025190 0.888874 -0.003247 -0.457448
410.000000 -160.161169 -11.226049 87.474499 -0.026206 0.888965 -0.002991 -0.457216
411.000000 -160.927082 -11.268237 86.910428 -0.026567 0.889184 -0.001997 -0.456774
412.000000 -161.697134 -11.320913 86.352861 -0.025760 0.889215 -0.001068 -0.456762
413.000000 -162.468365 -11.354196 85.799488 -0.025110 0.889086 -0.000154 -0.457050
414.000000 -163.233731 -11.388832 85.239340 -0.024947 0.889044 0.000455 -0.457142
415.000000 -163.997065 -11.430199 84.681964 -0.024288 0.888925 0.000764 -0.457408
416.000000 -164.749087 -11.473479 84.113109 -0.023329 0.888685 0.000846 -0.457923
417.000000 -165.502465 -11.515767 83.550323 -0.024042 0.888476 0.000460 -0.458294
418.000000 -166.250573 -11.564309 82.987606 -0.023613 0.888312 0.001033 -0.458632
419.000000 -167.002204 -11.608345 82.431080 -0.023883 0.888138 0.001593 -0.458954
420.000000 -167.754404 -11.652145 81.878223 -0.024151 0.888004 0.001451 -0.459199
421.000000 -168.511482 -11.691205 81.335952 -0.025296 0.887803 0.000162 -0.459527
422.000000 -169.261913 -11.738111 80.791297 -0.024858 0.887699 0.000345 -0.459754
423.000000 -170.006973 -11.768277 80.245412 -0.025318 0.887548 0.001610 -0.460016
424.000000 -170.750471 -11.806439 79.707920 -0.025916 0.887392 0.003429 -0.460274
425.000000 -171.487897 -11.847956 79.176371 -0.026926 0.887158 0.004092 -0.460661
426.000000 -172.218816 -11.874125 78.651506 -0.025229 0.886968 0.004467 -0.461120
427.000000 -172.936821 -11.918279 78.128374 -0.024284 0.886882 0.003959 -0.461341
428.000000 -173.656122 -11.952891 77.619625 -0.023604 0.886926 0.004341 -0.461287
429.000000 -174.350731 -11.976338 77.105205 -0.023745 0.886868 0.004738 -0.461387
430.000000 -175.042002 -12.011054 76.604333 -0.023442 0.886798 0.004769 -0.461538
431.000000 -175.738913 -12.031568 76.135415 -0.023543 0.887079 0.004997 -0.460990
432.000000 -176.404902 -12.071051 75.646661 -0.022803 0.887015 0.005052 -0.461150
433.000000 -177.059478 -12.099273 75.156067 -0.023007 0.886959 0.004891 -0.461248
434.000000 -177.704241 -12.114298 74.671033 -0.022988 0.886854 0.004608 -0.461455
435.000000 -178.363752 -12.149300 74.222175 -0.022517 0.886917 0.003681 -0.461366
436.000000 -178.993866 -12.153424 73.747916 -0.021557 0.886794 0.003142 -0.461650
437.000000 -179.628877 -12.190847 73.307246 -0.021954 0.886886 0.001988 -0.461461
438.000000 -180.240613 -12.222642 72.860830 -0.022380 0.886954 0.001015 -0.461315
439.000000 -180.852277 -12.263818 72.440527 -0.023318 0.887242 -0.000062 -0.460714
440.000000 -181.452104 -12.303977 72.031431 -0.023666 0.887541 -0.000288 -0.460120
441.000000 -182.030504 -12.338132 71.605805 -0.022934 0.887794 -0.000103 -0.459670
442.000000 -182.579729 -12.378746 71.183893 -0.023702 0.887936 -0.000651 -0.459355
443.000000 -183.129792 -12.428202 70.777236 -0.024716 0.888560 -0.000858 -0.458092
444.000000 -183.672587 -12.465214 70.382713 -0.026319 0.889615 -0.001118 -0.455950
445.000000 -184.201365 -12.481713 69.986369 -0.027634 0.891154 -0.001338 -0.452858
446.000000 -184.719403 -12.526247 69.599932 -0.028162 0.893438 -0.002107 -0.448297
447.000000 -185.218660 -12.559492 69.204490 -0.028683 0.896021 -0.003105 -0.443073
448.000000 -185.703651 -12.587438 68.808430 -0.029542 0.899001 -0.003963 -0.436932
449.000000 -186.168251 -12.628227 68.402101 -0.030193 0.902486 -0.005246 -0.429628
450.000000 -186.636230 -12.668067 68.010827 -0.031862 0.906600 -0.006620 -0.420734
451.000000 -187.077400 -12.695993 67.604481 -0.033070 0.911212 -0.007688 -0.410536
452.000000 -187.492301 -12.732266 67.183575 -0.032797 0.916359 -0.008786 -0.398915
453.000000 -187.875148 -12.765230 66.757107 -0.030883 0.921941 -0.009496 -0.385980
454.000000 -188.250107 -12.798698 66.335805 -0.028604 0.927894 -0.010430 -0.371599
455.000000 -188.609341 -12.837234 65.913505 -0.025978 0.934186 -0.010971 -0.355671
456.000000 -188.920052 -12.867245 65.469501 -0.024041 0.940624 -0.011904 -0.338389
457.000000 -189.224529 -12.890974 65.027917 -0.023356 0.947242 -0.013412 -0.319386
458.000000 -189.512717 -12.927911 64.591517 -0.020041 0.954456 -0.013941 -0.297352
459.000000 -189.757047 -12.951125 64.144874 -0.015814 0.961233 -0.012805 -0.274987
460.000000 -189.955688 -12.979329 63.682538 -0.009561 0.967321 -0.010780 -0.253146
461.000000 -190.118559 -13.002847 63.213816 -0.005003 0.972774 -0.009038 -0.231525
462.000000 -190.253051 -13.026001 62.741154 -0.001780 0.977779 -0.006799 -0.209520
463.000000 -190.445878 -13.064791 62.295103 -0.000193 0.982989 -0.006775 -0.183538
464.000000 -190.553577 -13.063535 61.818942 0.000661 0.987128 -0.006304 -0.159806
465.000000 -190.659064 -13.067797 61.346790 0.000626 0.990785 -0.006988 -0.135263
466.000000 -190.724578 -13.093338 60.870020 0.005409 0.993815 -0.008673 -0.110576
467.000000 -190.754429 -13.129921 60.383758 0.012061 0.996138 -0.011754 -0.086166
468.000000 -190.735230 -13.140257 59.910609 0.014238 0.997832 -0.012537 -0.063012
469.000000 -190.720637 -13.161752 59.446818 0.012756 0.999141 -0.012136 -0.037523
470.000000 -190.706454 -13.180036 58.977390 0.009668 0.999818 -0.011122 -0.012155
471.000000 -190.682457 -13.202009 58.521596 0.008299 0.999823 -0.009735 0.013821
472.000000 -190.620159 -13.199172 58.060037 0.009357 0.999171 -0.008027 0.038810
473.000000 -190.541795 -13.217183 57.619295 0.009763 0.997877 -0.007114 0.063991
474.000000 -190.432359 -13.228160 57.190077 0.009281 0.995971 -0.006382 0.088965
475.000000 -190.304119 -13.221996 56.750762 0.007883 0.993415 -0.005429 0.114167
476.000000 -190.124205 -13.264800 56.339159 0.004284 0.990618 -0.005500 0.136480
477.000000 -189.917547 -13.284503 55.913721 0.006614 0.987511 -0.007665 0.157226
478.000000 -189.731114 -13.320746 55.485176 0.005551 0.983933 -0.010469 0.178144
479.000000 -189.529284 -13.330169 55.058584 0.005471 0.980435 -0.012517 0.196367
480.000000 -189.314170 -13.336758 54.632234 0.005016 0.977066 -0.013333 0.212458
481.000000 -189.049389 -13.367859 54.239041 0.004655 0.974114 -0.013702 0.225592
482.000000 -188.815078 -13.368925 53.814772 0.007965 0.971168 -0.015180 0.237778
483.000000 -188.552863 -13.376484 53.404621 0.010863 0.968682 -0.015430 0.247588
484.000000 -188.293329 -13.396649 52.983870 0.011554 0.966508 -0.015129 0.255930
485.000000 -188.039319 -13.422158 52.552316 0.012686 0.964609 -0.015203 0.262939
486.000000 -187.765420 -13.442255 52.122725 0.014593 0.963149 -0.014948 0.268155
487.000000 -187.480979 -13.470066 51.690992 0.015926 0.961990 -0.014197 0.272250
488.000000 -187.194882 -13.498039 51.249762 0.015781 0.961028 -0.013406 0.275676
489.000000 -186.887990 -13.528486 50.807992 0.014796 0.960453 -0.013033 0.277744
490.000000 -186.591133 -13.552250 50.346996 0.013503 0.959906 -0.012335 0.279726
491.000000 -186.285578 -13.573449 49.876983 0.015428 0.959428 -0.012075 0.281271
492.000000 -185.970476 -13.603740 49.400930 0.017977 0.959070 -0.012161 0.282335
493.000000 -185.668110 -13.626205 48.891573 0.020038 0.958718 -0.012684 0.283367
494.000000 -185.330946 -13.665756 48.394995 0.018552 0.958861 -0.013369 0.282954
495.000000 -185.005400 -13.702571 47.869902 0.016331 0.958951 -0.012803 0.282812
496.000000 -184.664702 -13.739016 47.337755 0.016029 0.958990 -0.012569 0.282708
497.000000 -184.311597 -13.777964 46.797452 0.018800 0.959004 -0.011335 0.282540
498.000000 -183.944796 -13.808976 46.253014 0.021028 0.959078 -0.008492 0.282231
499.000000 -183.574287 -13.846883 45.689373 0.021095 0.959219 -0.006867 0.281793
500.000000 -183.187242 -13.863953 45.107787 0.020620 0.959386 -0.006676 0.281262
501.000000 -182.752949 -13.894675 44.541436 0.021120 0.959543 -0.007890 0.280659
502.000000 -182.348773 -13.922570 43.933075 0.023870 0.959487 -0.010062 0.280560
503.000000 -181.922599 -13.945010 43.319280 0.025447 0.959537 -0.010803 0.280223
504.000000 -181.512835 -13.996337 42.678969 0.024772 0.959154 -0.011679 0.281557
505.000000 -181.082226 -14.052917 42.024241 0.022393 0.959032 -0.012401 0.282140
506.000000 -180.660280 -14.081687 41.342951 0.021374 0.958822 -0.013769 0.282866
507.000000 -180.207082 -14.127113 40.666231 0.022880 0.958762 -0.015105 0.282883
508.000000 -179.749117 -14.200443 39.982117 0.023216 0.958526 -0.013955 0.283716
509.000000 -179.298298 -14.243905 39.279982 0.023251 0.958459 -0.012351 0.284014
510.000000 -178.830380 -14.287896 38.564814 0.021779 0.958345 -0.012425 0.284512
511.000000 -178.352277 -14.328723 37.840121 0.020289 0.958320 -0.014835 0.284590
512.000000 -177.882147 -14.382489 37.101027 0.018202 0.958103 -0.015605 0.285420
513.000000 -177.389168 -14.423090 36.366369 0.018063 0.958094 -0.014949 0.285494
514.000000 -176.876431 -14.466405 35.630723 0.016755 0.958147 -0.012490 0.285514
515.000000 -176.363638 -14.516247 34.885220 0.016280 0.958151 -0.010280 0.285614
516.000000 -175.867168 -14.566606 34.117102 0.016071 0.958031 -0.009472 0.286056
517.000000 -175.329325 -14.602714 33.363188 0.017035 0.958242 -0.009282 0.285301
518.000000 -174.807783 -14.640699 32.585081 0.017146 0.958382 -0.010458 0.284780
519.000000 -174.280259 -14.692234 31.808976 0.017014 0.958411 -0.012539 0.284609
520.000000 -173.750252 -14.747235 31.034217 0.016122 0.958568 -0.013599 0.284083
521.000000 -173.214168 -14.792854 30.269909 0.013638 0.958763 -0.013571 0.283555
522.000000 -172.710086 -14.829755 29.487681 0.010517 0.958985 -0.012765 0.282975
523.000000 -172.154397 -14.873043 28.740081 0.007939 0.959201 -0.013373 0.282296
524.000000 -171.599699 -14.914182 27.985052 0.005674 0.959418 -0.015641 0.281496
525.000000 -171.086584 -14.963844 27.206219 0.003345 0.959325 -0.017639 0.281731
526.000000 -170.594735 -14.977802 26.422610 0.005896 0.959514 -0.016943 0.281089
527.000000 -170.121292 -15.041704 25.638853 0.007708 0.959426 -0.013523 0.281529
528.000000 -169.608723 -15.075885 24.888028 0.009948 0.959751 -0.009406 0.280518
529.000000 -169.085170 -15.111612 24.130063 0.010158 0.960024 -0.007882 0.279623
530.000000 -168.568363 -15.136624 23.374614 0.009864 0.960241 -0.008977 0.278852
531.000000 -168.068692 -15.173633 22.607556 0.010609 0.960409 -0.010639 0.278188
532.000000 -167.515078 -15.199929 21.874535 0.011818 0.960938 -0.011327 0.276277
533.000000 -167.055147 -15.244067 21.107154 0.011702 0.961233 -0.011157 0.275262
534.000000 -166.570941 -15.294062 20.345266 0.012953 0.962107 -0.011766 0.272111
535.000000 -166.054937 -15.353999 19.611399 0.013514 0.963462 -0.012187 0.267226
536.000000 -165.622839 -15.407751 18.834319 0.013042 0.964904 -0.011783 0.262016
537.000000 -165.173688 -15.454247 18.070967 0.011577 0.966784 -0.011751 0.255060
538.000000 -164.719702 -15.520911 17.317406 0.008955 0.969138 -0.012794 0.246024
539.000000 -164.302032 -15.582399 16.542315 0.006556 0.971560 -0.013795 0.236300
540.000000 -163.922588 -15.646358 15.758378 0.005261 0.974314 -0.014210 0.224684
541.000000 -163.564051 -15.693941 14.964920 0.003058 0.977378 -0.013455 0.211050
542.000000 -163.176183 -15.768460 14.193025 0.001130 0.980790 -0.014024 0.194559
543.000000 -162.907789 -15.839811 13.372693 -0.000823 0.983701 -0.013840 0.179279
544.000000 -162.624460 -15.886645 12.556739 -0.001809 0.986486 -0.012645 0.163346
545.000000 -162.322663 -15.933646 11.763884 -0.002484 0.989191 -0.007599 0.146414
546.000000 -162.060228 -15.968064 10.958831 -0.001686 0.991606 -0.002435 0.129260
547.000000 -161.846808 -15.987147 10.141167 0.000648 0.993621 0.001021 0.112765
548.000000 -161.680055 -15.969346 9.301903 0.003165 0.995264 0.002191 0.097135
549.000000 -161.537240 -15.987656 8.459043 0.004064 0.996544 0.002470 0.082933
550.000000 -161.417872 -16.000121 7.610910 0.003908 0.997468 0.003441 0.070922
551.000000 -161.352176 -16.017275 6.752090 0.001823 0.998104 0.004642 0.061349
552.000000 -161.280490 -16.017068 5.887278 0.002211 0.998636 0.004166 0.052004
553.000000 -161.141342 -16.035220 5.015788 0.003373 0.999129 0.001470 0.041566
554.000000 -161.106552 -16.028501 4.131848 0.003262 0.999449 0.001042 0.033029
555.000000 -161.114702 -16.032319 3.242091 0.003529 0.999689 0.001525 0.024624
556.000000 -161.076857 -16.042435 2.351603 0.004379 0.999854 0.003926 0.016039
557.000000 -161.051176 -16.046466 1.447485 0.002904 0.999936 0.005796 0.009310
558.000000 -161.047618 -16.051104 0.520375 0.000042 0.999983 0.004120 0.004120
559.000000 -161.042479 -16.057341 -0.413741 -0.002601 0.999996 -0.000357 0.000615
560.000000 -161.044869 -16.078452 -1.361629 -0.004652 0.999978 -0.004644 -0.001133
561.000000 -161.018797 -16.101409 -2.309435 -0.003980 0.999980 -0.004581 -0.001979
562.000000 -160.970673 -16.114328 -3.263060 -0.002050 0.999990 -0.002812 -0.002944
563.000000 -160.987191 -16.145203 -4.225093 0.000458 0.999995 -0.001076 -0.002863
564.000000 -160.984257 -16.166216 -5.205210 0.004620 0.999987 -0.000339 -0.002240
565.000000 -160.982822 -16.175112 -6.201651 0.007106 0.999972 -0.000193 -0.002188
566.000000 -160.975779 -16.186746 -7.206397 0.008251 0.999964 -0.001261 -0.001538
567.000000 -160.934103 -16.213808 -8.216688 0.008928 0.999957 -0.002184 -0.001215
568.000000 -160.895787 -16.249732 -9.242443 0.008888 0.999956 -0.003000 -0.000316
569.000000 -160.884439 -16.274854 -10.269152 0.009414 0.999953 -0.002322 0.000598
570.000000 -160.828828 -16.293258 -11.305447 0.010348 0.999945 -0.001356 0.000491
571.000000 -160.770385 -16.307758 -12.344718 0.011475 0.999934 -0.000084 -0.000244
572.000000 -160.746111 -16.324589 -13.393226 0.012818 0.999918 0.000334 -0.000338
573.000000 -160.735588 -16.336795 -14.448368 0.013610 0.999907 0.000359 -0.001082
574.000000 -160.738461 -16.359497 -15.505359 0.014483 0.999894 -0.000096 -0.001764
575.000000 -160.731816 -16.376890 -16.563905 0.013948 0.999901 -0.000063 -0.001578
576.000000 -160.673777 -16.399913 -17.619950 0.014369 0.999890 -0.000130 -0.003560
577.000000 -160.652594 -16.410272 -18.679667 0.015738 0.999863 -0.001300 -0.004979
578.000000 -160.604095 -16.420935 -19.738495 0.014520 0.999876 -0.001700 -0.005877
579.000000 -160.668023 -16.442568 -20.792621 0.015065 0.999868 -0.002557 -0.005579
580.000000 -160.668170 -16.470764 -21.842172 0.015835 0.999854 -0.001817 -0.006117
581.000000 -160.682729 -16.493809 -22.888762 0.015237 0.999865 -0.000195 -0.006201
582.000000 -160.642057 -16.514851 -23.934344 0.015571 0.999855 0.000472 -0.006937
583.000000 -160.633795 -16.544156 -24.977930 0.016107 0.999842 0.000109 -0.007583
584.000000 -160.684769 -16.558296 -26.022395 0.016426 0.999836 -0.000316 -0.007599
585.000000 -160.625554 -16.585907 -27.067889 0.016783 0.999812 -0.000950 -0.009636
586.000000 -160.633514 -16.615235 -28.095440 0.016503 0.999803 -0.000879 -0.011028
587.000000 -160.645189 -16.644404 -29.126970 0.017943 0.999763 -0.000611 -0.012329
588.000000 -160.700479 -16.669248 -30.154597 0.018226 0.999745 -0.000210 -0.013295
589.000000 -160.731781 -16.689042 -31.181925 0.019523 0.999699 -0.000913 -0.014829
590.000000 -160.736400 -16.716778 -32.205799 0.019282 0.999682 -0.001751 -0.016151
591.000000 -160.747316 -16.747469 -33.226566 0.019583 0.999649 -0.002407 -0.017667
592.000000 -160.768825 -16.784960 -34.242249 0.019014 0.999636 -0.002651 -0.018962
593.000000 -160.779780 -16.833394 -35.253104 0.019617 0.999589 -0.002663 -0.020731
594.000000 -160.801131 -16.863715 -36.264831 0.019152 0.999579 -0.002288 -0.021679
595.000000 -160.846659 -16.883075 -37.266616 0.019445 0.999561 -0.002175 -0.022256
596.000000 -160.864327 -16.908416 -38.273139 0.019827 0.999535 -0.002477 -0.023014
597.000000 -160.899899 -16.945986 -39.271516 0.020382 0.999519 -0.002021 -0.023287
598.000000 -160.927850 -16.976749 -40.265520 0.020212 0.999525 0.000139 -0.023255
599.000000 -160.905733 -17.000974 -41.256526 0.020473 0.999494 0.001617 -0.024304
600.000000 -160.996644 -17.005785 -42.243199 0.020346 0.999508 0.002303 -0.023749
601.000000 -161.014176 -17.023631 -43.230885 0.019710 0.999531 0.001635 -0.023392
602.000000 -161.047879 -17.044689 -44.215052 0.019081 0.999548 0.001075 -0.023223
603.000000 -161.124412 -17.046663 -45.194789 0.017897 0.999603 0.001011 -0.021748
604.000000 -161.134946 -17.055489 -46.170763 0.017544 0.999609 0.000837 -0.021741
605.000000 -161.132796 -17.059618 -47.141506 0.018070 0.999593 0.000812 -0.022080
606.000000 -161.191110 -17.086388 -48.110955 0.018882 0.999597 0.000563 -0.021171
607.000000 -161.210862 -17.108757 -49.078342 0.018979 0.999601 0.001114 -0.020879
608.000000 -161.261131 -17.101883 -50.039053 0.017979 0.999641 0.002045 -0.019757
609.000000 -161.256611 -17.134395 -50.998757 0.017302 0.999677 0.002474 -0.018457
610.000000 -161.271697 -17.137294 -51.952936 0.019417 0.999658 0.002753 -0.017300
611.000000 -161.257921 -17.180379 -52.903471 0.019447 0.999664 0.002634 -0.016935
612.000000 -161.254661 -17.200530 -53.848912 0.019465 0.999678 0.002867 -0.016046
613.000000 -161.263728 -17.206466 -54.788841 0.020300 0.999668 0.002797 -0.015650
614.000000 -161.278067 -17.222620 -55.721617 0.021568 0.999650 0.001920 -0.015214
615.000000 -161.290091 -17.241691 -56.643788 0.022173 0.999636 0.000842 -0.015376
616.000000 -161.310643 -17.264318 -57.559200 0.022050 0.999637 0.000277 -0.015509
617.000000 -161.340278 -17.274035 -58.454427 0.022108 0.999620 0.000577 -0.016434
618.000000 -161.339825 -17.298784 -59.337390 0.022542 0.999587 0.000747 -0.017802
619.000000 -161.336413 -17.329405 -60.205100 0.022982 0.999538 0.000443 -0.019881
620.000000 -161.308052 -17.360091 -61.057083 0.021595 0.999509 0.000504 -0.022713
621.000000 -161.334740 -17.378202 -61.889593 0.021085 0.999430 0.000463 -0.026346
622.000000 -161.367903 -17.409628 -62.700044 0.020227 0.999340 0.000143 -0.030162
623.000000 -161.424447 -17.433403 -63.486123 0.018991 0.999245 -0.000711 -0.033885
624.000000 -161.475622 -17.461802 -64.248473 0.017282 0.999137 -0.000987 -0.037758
625.000000 -161.516319 -17.461489 -64.986235 0.016814 0.998987 -0.000945 -0.041727
626.000000 -161.590286 -17.466594 -65.696703 0.016470 0.998836 -0.000989 -0.045330
627.000000 -161.681487 -17.482681 -66.376546 0.016143 0.998711 -0.001004 -0.048113
628.000000 -161.707768 -17.514895 -67.034447 0.014858 0.998556 -0.000941 -0.051608
629.000000 -161.790284 -17.533400 -67.662264 0.014547 0.998426 -0.000886 -0.054154
630.000000 -161.840889 -17.545047 -68.266789 0.013872 0.998281 -0.000614 -0.056942
631.000000 -161.924476 -17.570710 -68.839282 0.012711 0.998180 -0.000516 -0.058941
632.000000 -161.995495 -17.593136 -69.390912 0.011746 0.998057 -0.001341 -0.061180
633.000000 -162.062707 -17.609632 -69.911410 0.011647 0.997948 -0.002415 -0.062915
634.000000 -162.150242 -17.586806 -70.399028 0.011933 0.997846 -0.002099 -0.064476
635.000000 -162.208624 -17.555032 -70.857843 0.010752 0.997745 -0.000440 -0.066246
636.000000 -162.311574 -17.475023 -71.274379 0.008229 0.997747 0.002217 -0.066545
637.000000 -162.310731 -17.508157 -71.674664 0.006627 0.997611 0.001692 -0.068748
638.000000 -162.672229 -17.507381 -71.595153 0.008011 0.998652 0.000062 -0.051275
639.000000 -162.997377 -17.507747 -71.502874 0.010541 0.999279 -0.001839 -0.036426
640.000000 -162.708805 -17.513510 -71.610215 0.010659 0.999323 -0.003281 -0.035064
641.000000 -162.460882 -17.518802 -71.707822 0.009970 0.999014 -0.003794 -0.043102
642.000000 -162.224585 -17.522008 -71.773084 0.010258 0.998618 -0.003572 -0.051427
643.000000 -162.378387 -17.549808 -71.935453 0.012071 0.999066 -0.004449 -0.041251
644.000000 -162.436228 -17.580312 -72.126372 0.013225 0.999136 -0.004026 -0.039206
645.000000 -162.344620 -17.569088 -72.300551 0.012812 0.999104 -0.002194 -0.040266
646.000000 -162.345817 -17.568739 -72.489756 0.012403 0.999157 -0.001060 -0.039113
647.000000 -162.329488 -17.560715 -72.305260 0.012124 0.999209 -0.001084 -0.037870
648.000000 -162.480933 -17.543266 -72.394997 0.012943 0.999491 -0.000373 -0.029168
649.000000 -162.546371 -17.555569 -72.546935 0.014439 0.999536 -0.000465 -0.026817
650.000000 -162.658128 -17.567784 -72.446144 0.015043 0.999485 0.000201 -0.028332
651.000000 -162.712872 -17.588660 -72.318099 0.014418 0.999500 0.001262 -0.028095
652.000000 -162.840042 -17.586272 -72.356656 0.013952 0.999452 0.001250 -0.029980
653.000000 -162.966282 -17.585388 -72.360965 0.013548 0.999333 0.001408 -0.033882
654.000000 -163.082153 -17.583072 -72.391184 0.014167 0.999523 0.001422 -0.027404
655.000000 -163.172826 -17.580426 -72.458457 0.015609 0.999655 0.001790 -0.021066
656.000000 -163.213580 -17.573264 -72.555740 0.016806 0.999725 0.001990 -0.016235
657.000000 -163.213580 -17.573264 -72.555740 0.016806 0.999725 0.001990 -0.016235
658.000000 -163.213580 -17.573264 -72.555740 0.016806 0.999725 0.001990 -0.016235
659.000000 -163.213580 -17.573264 -72.555740 0.016806 0.999725 0.001990 -0.016235
660.000000 -163.213580 -17.573264 -72.555740 0.016806 0.999725 0.001990 -0.016235
661.000000 -163.213580 -17.573264 -72.555740 0.016806 0.999725 0.001990 -0.016235
662.000000 -163.213580 -17.573264 -72.555740 0.016806 0.999725 0.001990 -0.016235
663.000000 -163.213580 -17.573264 -72.555740 0.016806 0.999725 0.001990 -0.016235
664.000000 -163.213580 -17.573264 -72.555740 0.016806 0.999725 0.001990 -0.016235
665.000000 -163.213580 -17.573264 -72.555740 0.016806 0.999725 0.001990 -0.016235
666.000000 -163.213580 -17.573264 -72.555740 0.016806 0.999725 0.001990 -0.016235
667.000000 -163.213580 -17.573264 -72.555740 0.016806 0.999725 0.001990 -0.016235
668.000000 -163.213580 -17.573264 -72.555740 0.016806 0.999725 0.001990 -0.016235
669.000000 -163.213580 -17.573264 -72.555740 0.016806 0.999725 0.001990 -0.016235
670.000000 -163.213580 -17.573264 -72.555740 0.016806 0.999725 0.001990 -0.016235
671.000000 -163.213580 -17.573264 -72.555740 0.016806 0.999725 0.001990 -0.016235
672.000000 -163.213580 -17.573264 -72.555740 0.016806 0.999725 0.001990 -0.016235
673.000000 -163.213580 -17.573264 -72.555740 0.016806 0.999725 0.001990 -0.016235
674.000000 -163.213580 -17.573264 -72.555740 0.016806 0.999725 0.001990 -0.016235
675.000000 -163.213580 -17.573264 -72.555740 0.016806 0.999725 0.001990 -0.016235
676.000000 -163.213580 -17.573264 -72.555740 0.016806 0.999725 0.001990 -0.016235
677.000000 -163.213580 -17.573264 -72.555740 0.016806 0.999725 0.001990 -0.016235
678.000000 -163.213580 -17.573264 -72.555740 0.016806 0.999725 0.001990 -0.016235
679.000000 -163.213580 -17.573264 -72.555740 0.016806 0.999725 0.001990 -0.016235
680.000000 -163.213580 -17.573264 -72.555740 0.016806 0.999725 0.001990 -0.016235
681.000000 -163.213580 -17.573264 -72.555740 0.016806 0.999725 0.001990 -0.016235
682.000000 -163.213580 -17.573264 -72.555740 0.016806 0.999725 0.001990 -0.016235
683.000000 -163.213580 -17.573264 -72.555740 0.016806 0.999725 0.001990 -0.016235
684.000000 -163.213580 -17.573264 -72.555740 0.016806 0.999725 0.001990 -0.016235
685.000000 -163.213580 -17.573264 -72.555740 0.016806 0.999725 0.001990 -0.016235
686.000000 -163.213580 -17.573264 -72.555740 0.016806 0.999725 0.001990 -0.016235
687.000000 -163.213580 -17.573264 -72.555740 0.016806 0.999725 0.001990 -0.016235
688.000000 -163.213580 -17.573264 -72.555740 0.016806 0.999725 0.001990 -0.016235
689.000000 -163.213580 -17.573264 -72.555740 0.016806 0.999725 0.001990 -0.016235
690.000000 -163.213580 -17.573264 -72.555740 0.016806 0.999725 0.001990 -0.016235
691.000000 -163.213580 -17.573264 -72.555740 0.016806 0.999725 0.001990 -0.016235
692.000000 -163.213580 -17.573264 -72.555740 0.016806 0.999725 0.001990 -0.016235
693.000000 -163.213580 -17.573264 -72.555740 0.016806 0.999725 0.001990 -0.016235
694.000000 -163.213580 -17.573264 -72.555740 0.016806 0.999725 0.001990 -0.016235
695.000000 -163.213580 -17.573264 -72.555740 0.016806 0.999725 0.001990 -0.016235
696.000000 -163.213580 -17.573264 -72.555740 0.016806 0.999725 0.001990 -0.016235
697.000000 -163.213580 -17.573264 -72.555740 0.016806 0.999725 0.001990 -0.016235
698.000000 -163.213580 -17.573264 -72.555740 0.016806 0.999725 0.001990 -0.016235
699.000000 -163.213580 -17.573264 -72.555740 0.016806 0.999725 0.001990 -0.016235
700.000000 -163.213580 -17.573264 -72.555740 0.016806 0.999725 0.001990 -0.016235
701.000000 -163.213580 -17.573264 -72.555740 0.016806 0.999725 0.001990 -0.016235
702.000000 -163.213580 -17.573264 -72.555740 0.016806 0.999725 0.001990 -0.016235
703.000000 -163.213580 -17.573264 -72.555740 0.016806 0.999725 0.001990 -0.016235
704.000000 -163.213580 -17.573264 -72.555740 0.016806 0.999725 0.001990 -0.016235
705.000000 -163.213580 -17.573264 -72.555740 0.016806 0.999725 0.001990 -0.016235
706.000000 -163.213580 -17.573264 -72.555740 0.016806 0.999725 0.001990 -0.016235
707.000000 -163.213580 -17.573264 -72.555740 0.016806 0.999725 0.001990 -0.016235
708.000000 -163.213580 -17.573264 -72.555740 0.016806 0.999725 0.001990 -0.016235
709.000000 -163.213580 -17.573264 -72.555740 0.016806 0.999725 0.001990 -0.016235
710.000000 -163.213580 -17.573264 -72.555740 0.016806 0.999725 0.001990 -0.016235
711.000000 -163.213580 -17.573264 -72.555740 0.016806 0.999725 0.001990 -0.016235
712.000000 -163.213580 -17.573264 -72.555740 0.016806 0.999725 0.001990 -0.016235
713.000000 -163.213580 -17.573264 -72.555740 0.016806 0.999725 0.001990 -0.016235
714.000000 -163.213580 -17.573264 -72.555740 0.016806 0.999725 0.001990 -0.016235
715.000000 -163.213580 -17.573264 -72.555740 0.016806 0.999725 0.001990 -0.016235
716.000000 -163.213580 -17.573264 -72.555740 0.016806 0.999725 0.001990 -0.016235
717.000000 -163.213580 -17.573264 -72.555740 0.016806 0.999725 0.001990 -0.016235
718.000000 -163.213580 -17.573264 -72.555740 0.016806 0.999725 0.001990 -0.016235
719.000000 -163.213580 -17.573264 -72.555740 0.016806 0.999725 0.001990 -0.016235
720.000000 -163.213580 -17.573264 -72.555740 0.016806 0.999725 0.001990 -0.016235
721.000000 -163.213580 -17.573264 -72.555740 0.016806 0.999725 0.001990 -0.016235
722.000000 -163.213580 -17.573264 -72.555740 0.016806 0.999725 0.001990 -0.016235
723.000000 -163.213580 -17.573264 -72.555740 0.016806 0.999725 0.001990 -0.016235
724.000000 -163.213580 -17.573264 -72.555740 0.016806 0.999725 0.001990 -0.016235
725.000000 -163.213580 -17.573264 -72.555740 0.016806 0.999725 0.001990 -0.016235
726.000000 -163.213580 -17.573264 -72.555740 0.016806 0.999725 0.001990 -0.016235
727.000000 -163.213580 -17.573264 -72.555740 0.016806 0.999725 0.001990 -0.016235
728.000000 -163.213580 -17.573264 -72.555740 0.016806 0.999725 0.001990 -0.016235
729.000000 -163.213580 -17.573264 -72.555740 0.016806 0.999725 0.001990 -0.016235
730.000000 -163.213580 -17.573264 -72.555740 0.016806 0.999725 0.001990 -0.016235
731.000000 -163.213580 -17.573264 -72.555740 0.016806 0.999725 0.001990 -0.016235
732.000000 -163.213580 -17.573264 -72.555740 0.016806 0.999725 0.001990 -0.016235
733.000000 -163.202985 -17.572074 -72.661690 0.017627 0.999817 0.002447 -0.007052
734.000000 -163.312319 -17.568662 -72.706297 0.018311 0.999794 0.002190 0.008455
735.000000 -163.256091 -17.572587 -72.830787 0.017377 0.999699 0.001719 0.017262
736.000000 -163.237104 -17.566834 -72.981712 0.017029 0.999471 0.001328 0.027680
737.000000 -163.190250 -17.577107 -73.139578 0.017549 0.999088 0.000395 0.038914
738.000000 -163.116638 -17.581254 -73.304429 0.018485 0.998586 -0.001155 0.049835
739.000000 -163.011825 -17.580388 -73.462243 0.018311 0.998006 -0.001882 0.060370
740.000000 -162.957493 -17.580547 -73.654074 0.017632 0.997160 -0.002114 0.073191
741.000000 -162.913927 -17.595021 -73.859971 0.017333 0.996008 -0.003403 0.087498
742.000000 -162.828023 -17.601739 -74.062955 0.016710 0.994599 -0.004722 0.102326
743.000000 -162.724093 -17.608074 -74.269316 0.016418 0.992825 -0.005298 0.118326
744.000000 -162.631005 -17.615925 -74.494468 0.016571 0.990427 -0.004951 0.136953
745.000000 -162.500692 -17.628275 -74.725063 0.018096 0.987488 -0.004338 0.156593
746.000000 -162.352529 -17.625308 -74.972148 0.020074 0.983827 -0.003274 0.177964
747.000000 -162.168638 -17.665139 -75.229563 0.020862 0.979444 -0.003353 0.200607
748.000000 -161.991837 -17.699205 -75.519223 0.019844 0.973975 -0.002564 0.225769
749.000000 -161.804768 -17.702853 -75.834540 0.018956 0.967477 -0.000429 0.252246
750.000000 -161.564882 -17.705552 -76.158100 0.018710 0.960500 0.001181 0.277649
751.000000 -161.324150 -17.693635 -76.508728 0.019117 0.952470 0.002229 0.304023
752.000000 -160.991396 -17.701330 -76.820223 0.018575 0.944582 0.002106 0.327742
753.000000 -160.648983 -17.710836 -77.172312 0.017758 0.935469 0.001381 0.352959
754.000000 -160.264377 -17.700246 -77.504587 0.018310 0.925954 -0.000015 0.377192
755.000000 -159.851077 -17.710182 -77.857088 0.016336 0.915357 -0.001723 0.402309
756.000000 -159.423172 -17.706595 -78.202867 0.014848 0.903633 -0.003144 0.428038
757.000000 -158.932249 -17.710063 -78.496746 0.014173 0.892028 -0.004846 0.451733
758.000000 -158.413593 -17.710385 -78.816234 0.014266 0.879632 -0.006650 0.475394
759.000000 -157.859663 -17.746378 -79.082479 0.012587 0.867286 -0.008103 0.497585
760.000000 -157.263051 -17.778060 -79.347112 0.012063 0.854781 -0.009114 0.518768
761.000000 -157.181568 -17.745014 -80.002034 0.011966 0.829925 -0.006348 0.557710
762.000000 -156.536007 -17.757946 -80.236788 0.012561 0.818408 -0.005653 0.574473
763.000000 -155.837060 -17.823346 -80.390082 0.011545 0.808998 -0.005065 0.587676
764.000000 -155.131765 -17.840308 -80.599612 0.012423 0.800648 -0.004131 0.598992
765.000000 -154.391967 -17.865406 -80.796106 0.013836 0.794311 -0.004024 0.607340
766.000000 -153.621004 -17.895163 -80.967572 0.013665 0.789199 -0.003578 0.613975
767.000000 -152.832009 -17.917181 -81.162631 0.013508 0.784606 -0.002601 0.619842
768.000000 -152.023016 -17.931880 -81.361008 0.013835 0.780029 -0.000878 0.625589
769.000000 -151.185906 -17.979231 -81.515134 0.013595 0.775255 0.000804 0.631502
770.000000 -150.323754 -18.008103 -81.662193 0.014360 0.770910 0.001910 0.636780
771.000000 -149.432025 -18.047607 -81.785242 0.014812 0.766971 0.001554 0.641509
772.000000 -148.520790 -18.075311 -81.919633 0.016533 0.763987 -0.000285 0.645019
773.000000 -147.587725 -18.100583 -82.056152 0.018111 0.761803 -0.001460 0.647554
774.000000 -146.631718 -18.127353 -82.190507 0.019600 0.761016 -0.002933 0.648430
775.000000 -145.654847 -18.159453 -82.344678 0.020031 0.760662 -0.003900 0.648828
776.000000 -144.651096 -18.200532 -82.489455 0.019623 0.760409 -0.004306 0.649134
777.000000 -143.628469 -18.256736 -82.660977 0.018924 0.759311 -0.004143 0.650439
778.000000 -142.586965 -18.293083 -82.830162 0.019332 0.757733 -0.004272 0.652264
779.000000 -141.522444 -18.329670 -82.990098 0.020243 0.756167 -0.004649 0.654049
780.000000 -140.439479 -18.348387 -83.154614 0.021819 0.754677 -0.005507 0.655710
781.000000 -139.335981 -18.402874 -83.291663 0.022039 0.753017 -0.005783 0.657607
782.000000 -138.219547 -18.448236 -83.432099 0.021371 0.751368 -0.006353 0.659507
783.000000 -137.081655 -18.491182 -83.544076 0.019828 0.750143 -0.006829 0.660943
784.000000 -135.930992 -18.526722 -83.688947 0.019743 0.748650 -0.007652 0.662627
785.000000 -134.766728 -18.567574 -83.826559 0.021058 0.747985 -0.008203 0.663330
786.000000 -133.588945 -18.620672 -83.961386 0.022841 0.748079 -0.008196 0.663165
787.000000 -132.397553 -18.688403 -84.092714 0.022197 0.748081 -0.007176 0.663197
788.000000 -131.199908 -18.772421 -84.209954 0.021003 0.748652 -0.008252 0.662579
789.000000 -129.998228 -18.830107 -84.347965 0.020392 0.749024 -0.008709 0.662172
790.000000 -128.806891 -18.896559 -84.513260 0.019333 0.748886 -0.008800 0.662359
791.000000 -127.616908 -18.967903 -84.642646 0.019154 0.749112 -0.009100 0.662103
792.000000 -126.427000 -19.043504 -84.760776 0.019250 0.749675 -0.009410 0.661460
793.000000 -125.242940 -19.125719 -84.874064 0.019539 0.750015 -0.008885 0.661073
794.000000 -124.066544 -19.179646 -85.057948 0.021709 0.749604 -0.009780 0.661458
795.000000 -122.882884 -19.266448 -85.176012 0.021446 0.749752 -0.009720 0.661300
796.000000 -121.699404 -19.356437 -85.296458 0.020432 0.750145 -0.010530 0.660874
797.000000 -120.519617 -19.425664 -85.446764 0.019678 0.750063 -0.010898 0.660984
798.000000 -119.340013 -19.501048 -85.558530 0.020212 0.750349 -0.010574 0.660649
799.000000 -118.166176 -19.595482 -85.648143 0.019380 0.750924 -0.008530 0.660049
800.000000 -116.998042 -19.641619 -85.795091 0.020589 0.751157 -0.007641 0.659758
801.000000 -115.828553 -19.715830 -85.913224 0.020030 0.751647 -0.008518 0.659206
802.000000 -114.663269 -19.784707 -86.065141 0.019532 0.751664 -0.010333 0.659176
803.000000 -113.505578 -19.874996 -86.239016 0.019315 0.751228 -0.011749 0.659656
804.000000 -112.345641 -19.957996 -86.339286 0.020980 0.751828 -0.012568 0.658905
805.000000 -111.198527 -20.052886 -86.495084 0.021264 0.751689 -0.012167 0.659062
806.000000 -110.049463 -20.117912 -86.633954 0.021443 0.751727 -0.011879 0.659019
807.000000 -108.896627 -20.194693 -86.702478 0.021129 0.752255 -0.012261 0.658419
808.000000 -107.755534 -20.270546 -86.874176 0.020993 0.752230 -0.012727 0.658443
809.000000 -106.613125 -20.350505 -87.003408 0.020843 0.752228 -0.012432 0.658456
810.000000 -105.477246 -20.434778 -87.137520 0.020558 0.752380 -0.010965 0.658318
811.000000 -104.347597 -20.500045 -87.282838 0.020473 0.752178 -0.009929 0.658568
812.000000 -103.217248 -20.563608 -87.390031 0.019592 0.752086 -0.009137 0.658710
813.000000 -102.089467 -20.635741 -87.545609 0.019025 0.750526 -0.009349 0.660501
814.000000 -100.964852 -20.708125 -87.672186 0.018355 0.749472 -0.009421 0.661715
815.000000 -99.839364 -20.778299 -87.771715 0.018803 0.748702 -0.009949 0.662565
816.000000 -98.726802 -20.860667 -87.919560 0.020259 0.747587 -0.010919 0.663765
817.000000 -97.612643 -20.929596 -88.021172 0.021240 0.746697 -0.010656 0.664740
818.000000 -96.495734 -20.992935 -88.143653 0.021299 0.745691 -0.010372 0.665870
819.000000 -95.386907 -21.075137 -88.269265 0.020685 0.744918 -0.010871 0.666746
820.000000 -94.278060 -21.162776 -88.361632 0.020299 0.744549 -0.011442 0.667161
821.000000 -93.174281 -21.234519 -88.482481 0.019980 0.743825 -0.011498 0.667977
822.000000 -92.070129 -21.274269 -88.605744 0.020664 0.743548 -0.011634 0.668261
823.000000 -90.972217 -21.342548 -88.726197 0.020474 0.742824 -0.011248 0.669079
824.000000 -89.875795 -21.432017 -88.814435 0.019791 0.742780 -0.011196 0.669150
825.000000 -88.781261 -21.503487 -88.892209 0.020218 0.743137 -0.011081 0.668742
826.000000 -87.689149 -21.573397 -88.988097 0.019901 0.743499 -0.010556 0.668357
827.000000 -86.598024 -21.653096 -89.095842 0.019309 0.744094 -0.010487 0.667714
828.000000 -85.505015 -21.731104 -89.226794 0.018065 0.744685 -0.009380 0.667106
829.000000 -84.414483 -21.790108 -89.361693 0.017737 0.745413 -0.007858 0.666320
830.000000 -83.316973 -21.855036 -89.477655 0.016936 0.746141 -0.006324 0.665542
831.000000 -82.238661 -21.929383 -89.598710 0.015708 0.746450 -0.006111 0.665228
832.000000 -81.147499 -21.994135 -89.709164 0.014927 0.747223 -0.006900 0.664370
833.000000 -80.062235 -22.034331 -89.858879 0.015861 0.748233 -0.007878 0.663200
834.000000 -78.987028 -22.100846 -89.937172 0.016252 0.749607 -0.008453 0.661630
835.000000 -77.918428 -22.163754 -90.045058 0.017425 0.750769 -0.008816 0.660277
836.000000 -76.863277 -22.222036 -90.198396 0.018226 0.751153 -0.007929 0.659828
837.000000 -75.792545 -22.277597 -90.338686 0.019634 0.751472 -0.007056 0.659435
838.000000 -74.724657 -22.332386 -90.460056 0.020197 0.752053 -0.006136 0.658765
839.000000 -73.655272 -22.372209 -90.606007 0.021538 0.752498 -0.006752 0.658207
840.000000 -72.587903 -22.423318 -90.750781 0.020967 0.752729 -0.007318 0.657955
841.000000 -71.520885 -22.481588 -90.880995 0.020353 0.752597 -0.008385 0.658113
842.000000 -70.462218 -22.540946 -91.003938 0.020568 0.752649 -0.009696 0.658029
843.000000 -69.416653 -22.592745 -91.111452 0.022376 0.752853 -0.011436 0.657709
844.000000 -68.373400 -22.667120 -91.231658 0.024103 0.752737 -0.013268 0.657746
845.000000 -67.330807 -22.746484 -91.350520 0.025348 0.752508 -0.014276 0.657940
846.000000 -66.293217 -22.833853 -91.462654 0.026157 0.752304 -0.014372 0.658140
847.000000 -65.254116 -22.903056 -91.604751 0.026986 0.751728 -0.013626 0.658780
848.000000 -64.199912 -22.986454 -91.715067 0.027994 0.751475 -0.013345 0.659033
849.000000 -63.146603 -23.058746 -91.830875 0.028770 0.751643 -0.012937 0.658815
850.000000 -62.088530 -23.131726 -91.957020 0.025827 0.751441 -0.013275 0.659161
851.000000 -61.033452 -23.213344 -92.069105 0.023467 0.751170 -0.014766 0.659526
852.000000 -59.978951 -23.299292 -92.202681 0.022258 0.750775 -0.014222 0.660030
853.000000 -58.930255 -23.381345 -92.306618 0.023188 0.750735 -0.012294 0.660082
854.000000 -57.879654 -23.460195 -92.407535 0.024328 0.750635 -0.010866 0.660180
855.000000 -56.834692 -23.514947 -92.525156 0.025655 0.750690 -0.010783 0.660068
856.000000 -55.798298 -23.580832 -92.689063 0.026152 0.750512 -0.010759 0.660252
857.000000 -54.765406 -23.654167 -92.821148 0.025292 0.750265 -0.009689 0.660582
858.000000 -53.741538 -23.732338 -92.974457 0.025188 0.750008 -0.008046 0.660900
859.000000 -52.713483 -23.803273 -93.088292 0.025106 0.750236 -0.006099 0.660665
860.000000 -51.694090 -23.865979 -93.208614 0.024836 0.750437 -0.005516 0.660452
861.000000 -50.669348 -23.923857 -93.340184 0.023330 0.750628 -0.005482 0.660291
862.000000 -49.645875 -23.981240 -93.457811 0.021092 0.750909 -0.006060 0.660041
863.000000 -48.631697 -24.029140 -93.607119 0.020993 0.750879 -0.006475 0.660074
864.000000 -47.621249 -24.097782 -93.725590 0.021605 0.751209 -0.006556 0.659678
865.000000 -46.616826 -24.186813 -93.815125 0.021975 0.751783 -0.006606 0.659011
866.000000 -45.610019 -24.230096 -93.936952 0.022712 0.752497 -0.007393 0.658162
867.000000 -44.608692 -24.303742 -94.078210 0.021728 0.752499 -0.007773 0.658189
868.000000 -43.612536 -24.352203 -94.218615 0.022102 0.752926 -0.008671 0.657677
869.000000 -42.615116 -24.403176 -94.334318 0.021847 0.753704 -0.007881 0.656803
870.000000 -41.626776 -24.466924 -94.452675 0.021722 0.753893 -0.007764 0.656593
871.000000 -40.644510 -24.531378 -94.593151 0.021623 0.753943 -0.007964 0.656536
872.000000 -39.676071 -24.580726 -94.731984 0.022256 0.754089 -0.009279 0.656330
873.000000 -38.726365 -24.652004 -94.835637 0.022714 0.754553 -0.010131 0.655767
874.000000 -37.795561 -24.732419 -94.941656 0.022730 0.755339 -0.010877 0.654849
875.000000 -36.883276 -24.795563 -95.079601 0.022576 0.755256 -0.011419 0.654941
876.000000 -35.986352 -24.866325 -95.181262 0.022804 0.755398 -0.012687 0.654746
877.000000 -35.113851 -24.927880 -95.311994 0.022207 0.755079 -0.011860 0.655150
878.000000 -34.266615 -24.998501 -95.435502 0.022631 0.754171 -0.011659 0.656185
879.000000 -33.432682 -25.062586 -95.534358 0.022823 0.753141 -0.011334 0.657366
880.000000 -32.625383 -25.124559 -95.651290 0.023747 0.751144 -0.012286 0.659596
881.000000 -31.832986 -25.190700 -95.739670 0.024596 0.749694 -0.012678 0.661206
882.000000 -31.059499 -25.240855 -95.864677 0.025325 0.747561 -0.012023 0.663601
883.000000 -30.302845 -25.292773 -95.929603 0.025394 0.745738 -0.010611 0.665671
884.000000 -29.568593 -25.336711 -96.014104 0.025598 0.742487 -0.009682 0.669302
885.000000 -28.861203 -25.408254 -96.108537 0.025217 0.738640 -0.008246 0.673578
886.000000 -28.166350 -25.455932 -96.155877 0.025267 0.734427 -0.007592 0.678174
887.000000 -27.496656 -25.476024 -96.119208 0.025886 0.730596 -0.007414 0.682278
888.000000 -26.845405 -25.526022 -96.130402 0.025456 0.725948 -0.007490 0.687237
889.000000 -26.224197 -25.575003 -96.116709 0.024776 0.721387 -0.008459 0.692038
890.000000 -25.619877 -25.620590 -96.096498 0.025174 0.715805 -0.008869 0.697790
891.000000 -25.007549 -25.672277 -96.084879 0.026437 0.709183 -0.009316 0.704467
892.000000 -24.458268 -25.719984 -96.060156 0.027670 0.701967 -0.010101 0.711600
893.000000 -23.885806 -25.788375 -95.992833 0.027001 0.694754 -0.009858 0.718673
894.000000 -23.349894 -25.833306 -95.941759 0.027286 0.686775 -0.010970 0.726275
895.000000 -22.814699 -25.869772 -95.869772 0.028007 0.678131 -0.011562 0.734316
896.000000 -22.288223 -25.921489 -95.833337 0.028667 0.667752 -0.011888 0.743737
897.000000 -21.781181 -25.982486 -95.722889 0.029760 0.656881 -0.010962 0.753327
898.000000 -21.280260 -26.029949 -95.625950 0.030582 0.643069 -0.008911 0.765145
899.000000 -20.788630 -26.080294 -95.505398 0.030782 0.628916 -0.006028 0.776840
900.000000 -20.301699 -26.137077 -95.364626 0.028878 0.611735 -0.003445 0.790528
901.000000 -19.814997 -26.185125 -95.254050 0.026647 0.591587 -0.002961 0.805795
902.000000 -19.344264 -26.210445 -95.100679 0.026486 0.569782 -0.004103 0.821359
903.000000 -19.177754 -26.209922 -94.633859 0.028353 0.558231 -0.004673 0.829188
904.000000 -18.802205 -26.267478 -94.333569 0.029627 0.538993 -0.005315 0.841772
905.000000 -18.416757 -26.348226 -94.058977 0.029560 0.517331 -0.004379 0.855264
906.000000 -17.989445 -26.377798 -93.835345 0.028915 0.493417 -0.001222 0.869311
907.000000 -17.614250 -26.404001 -93.546256 0.029018 0.471022 -0.003141 0.881638
908.000000 -17.264625 -26.429102 -93.222816 0.030082 0.448546 -0.007056 0.893225
909.000000 -16.931988 -26.460901 -92.893096 0.030088 0.425465 -0.009469 0.904425
910.000000 -16.618491 -26.496698 -92.540936 0.027307 0.402505 -0.009965 0.914956
911.000000 -16.137232 -26.477768 -92.584757 0.027322 0.353962 -0.008046 0.934826
912.000000 -15.863853 -26.523752 -92.195836 0.024731 0.330494 -0.010083 0.943430
913.000000 -15.634291 -26.563687 -91.766059 0.023509 0.307425 -0.015744 0.951151
914.000000 -15.439331 -26.601439 -91.332705 0.023489 0.284652 -0.017188 0.958189
915.000000 -15.280576 -26.629452 -90.884142 0.025401 0.263122 -0.017380 0.964272
916.000000 -15.076132 -26.665157 -90.443024 0.026685 0.241996 -0.016098 0.969777
917.000000 -14.910145 -26.701243 -89.986820 0.027501 0.223217 -0.015961 0.974250
918.000000 -14.731370 -26.727309 -89.522540 0.029021 0.204746 -0.018476 0.978210
919.000000 -14.566367 -26.747643 -89.053617 0.030860 0.187533 -0.020425 0.981561
920.000000 -14.413175 -26.788567 -88.570604 0.031549 0.173873 -0.020762 0.984044
921.000000 -14.286308 -26.835023 -88.071249 0.031208 0.163737 -0.021153 0.985783
922.000000 -14.154722 -26.879539 -87.566935 0.031106 0.153467 -0.020941 0.987442
923.000000 -14.003182 -26.923629 -87.059900 0.031535 0.144260 -0.019263 0.988850
924.000000 -13.898232 -26.966996 -86.530331 0.032474 0.137954 -0.019060 0.989723
925.000000 -13.767666 -27.009177 -85.991635 0.033356 0.131212 -0.019314 0.990605
926.000000 -13.648480 -27.054172 -85.432390 0.033936 0.124233 -0.019770 0.991475
927.000000 -13.528294 -27.102747 -84.859711 0.034153 0.117596 -0.018926 0.992294
928.000000 -13.424665 -27.145121 -84.265110 0.034428 0.111048 -0.018126 0.993053
929.000000 -13.324547 -27.190307 -83.653150 0.034283 0.104208 -0.016521 0.993827
930.000000 -13.180006 -27.244346 -83.033965 0.034850 0.097648 -0.016469 0.994474
931.000000 -13.094795 -27.285655 -82.386337 0.035723 0.092886 -0.016415 0.994900
932.000000 -12.978794 -27.351723 -81.730226 0.036413 0.088566 -0.017316 0.995254
933.000000 -12.855011 -27.418072 -81.057491 0.037184 0.085335 -0.017445 0.995505
934.000000 -12.758061 -27.468361 -80.358844 0.037680 0.083276 -0.017028 0.995668
935.000000 -12.764751 -27.517170 -79.643395 0.037900 0.082842 -0.016528 0.995705
936.000000 -12.651591 -27.582163 -78.921087 0.037415 0.081355 -0.016567 0.995845
937.000000 -12.539372 -27.649864 -78.184059 0.036521 0.079477 -0.015463 0.996047
938.000000 -12.423013 -27.727297 -77.438655 0.035311 0.077776 -0.015518 0.996224
939.000000 -12.325507 -27.800323 -76.685882 0.033932 0.076287 -0.014742 0.996399
940.000000 -12.209007 -27.879363 -75.933530 0.032743 0.074883 -0.014684 0.996546
941.000000 -12.145075 -27.931382 -75.172158 0.032179 0.073622 -0.013580 0.996674
942.000000 -11.991964 -27.998529 -74.427663 0.032176 0.071247 -0.013259 0.996851
943.000000 -11.841677 -28.074333 -73.679098 0.031734 0.068709 -0.012406 0.997055
944.000000 -11.745364 -28.137486 -72.920733 0.031664 0.066798 -0.011574 0.997197
945.000000 -11.645829 -28.196780 -72.160832 0.032041 0.065039 -0.011521 0.997302
946.000000 -11.525805 -28.260704 -71.405450 0.031989 0.063046 -0.011332 0.997433
947.000000 -11.450621 -28.329044 -70.643189 0.031825 0.062195 -0.011431 0.997491
948.000000 -11.410935 -28.391325 -69.879689 0.031926 0.062457 -0.011847 0.997467
949.000000 -11.378233 -28.440160 -69.112710 0.032181 0.062719 -0.011733 0.997443
950.000000 -11.336757 -28.497181 -68.349457 0.032268 0.063657 -0.011900 0.997379
951.000000 -11.250798 -28.584851 -67.593956 0.031672 0.064114 -0.012389 0.997363
952.000000 -11.141088 -28.658201 -66.840304 0.031100 0.063933 -0.012393 0.997392
953.000000 -11.057156 -28.720614 -66.086508 0.030657 0.063634 -0.012303 0.997426
954.000000 -10.974142 -28.778224 -65.333198 0.030078 0.063557 -0.011438 0.997459
955.000000 -10.877796 -28.830248 -64.585376 0.030105 0.063059 -0.010761 0.997498
956.000000 -10.781842 -28.894133 -63.841008 0.030224 0.063066 -0.011177 0.997489
957.000000 -10.730230 -28.954891 -63.094319 0.030566 0.064231 -0.011731 0.997398
958.000000 -10.637524 -29.022968 -62.357679 0.030718 0.064343 -0.011506 0.997389
959.000000 -10.552283 -29.081323 -61.623284 0.030863 0.064876 -0.011838 0.997346
960.000000 -10.469415 -29.170894 -60.901589 0.031569 0.065807 -0.014559 0.997227
961.000000 -10.408825 -29.222715 -60.183300 0.030939 0.066639 -0.012970 0.997213
962.000000 -10.320118 -29.285096 -59.478339 0.030120 0.067117 -0.012286 0.997215
963.000000 -10.231684 -29.342897 -58.783343 0.028914 0.067516 -0.013069 0.997213
964.000000 -10.148726 -29.402219 -58.101527 0.028741 0.068066 -0.012514 0.997188
965.000000 -10.059582 -29.445707 -57.432414 0.030531 0.067599 -0.011001 0.997185
966.000000 -9.991042 -29.499632 -56.772679 0.032566 0.068530 -0.011030 0.997056
967.000000 -9.885973 -29.580594 -56.127322 0.034412 0.069595 -0.013954 0.996884
968.000000 -9.869294 -29.627937 -55.475793 0.035382 0.070071 -0.015226 0.996798
969.000000 -9.799264 -29.691270 -54.833363 0.035675 0.070480 -0.015925 0.996748
970.000000 -9.706365 -29.749790 -54.196865 0.035954 0.070611 -0.016012 0.996727
971.000000 -9.622875 -29.809257 -53.566808 0.036579 0.070737 -0.016374 0.996690
972.000000 -9.525429 -29.875503 -52.943818 0.036918 0.070911 -0.017042 0.996654
973.000000 -9.445065 -29.941271 -52.323567 0.037190 0.070933 -0.017735 0.996630
974.000000 -9.334097 -30.008004 -51.711705 0.037415 0.070492 -0.018668 0.996636
975.000000 -9.254703 -30.071100 -51.099891 0.037021 0.070433 -0.019100 0.996646
976.000000 -9.185079 -30.132878 -50.490339 0.036742 0.070496 -0.019360 0.996647
977.000000 -9.144888 -30.195461 -49.883297 0.036650 0.071232 -0.019230 0.996601
978.000000 -9.056626 -30.262772 -49.283009 0.036590 0.071943 -0.017999 0.996575
979.000000 -9.011809 -30.316996 -48.680037 0.037602 0.071886 -0.018806 0.996526
980.000000 -8.998166 -30.365860 -48.076605 0.038391 0.072478 -0.018450 0.996460
981.000000 -8.928773 -30.427650 -47.480562 0.038297 0.072446 -0.018405 0.996467
982.000000 -8.873824 -30.495247 -46.887454 0.038095 0.072016 -0.018069 0.996512
983.000000 -8.820981 -30.547625 -46.293914 0.038080 0.071591 -0.016786 0.996566
984.000000 -8.746053 -30.600392 -45.705043 0.037671 0.070825 -0.015308 0.996660
985.000000 -8.709110 -30.655329 -45.114684 0.037381 0.069987 -0.015034 0.996734
986.000000 -8.627699 -30.713550 -44.535298 0.036811 0.069056 -0.014716 0.996825
987.000000 -8.588448 -30.763959 -43.953535 0.036426 0.068736 -0.014665 0.996862
988.000000 -8.489000 -30.828320 -43.385480 0.035906 0.067656 -0.014965 0.996950
989.000000 -8.426228 -30.885766 -42.818098 0.035637 0.067020 -0.015320 0.996997
990.000000 -8.358289 -30.946252 -42.262617 0.035145 0.067128 -0.015114 0.997011
991.000000 -8.309179 -30.979686 -41.710854 0.035438 0.066746 -0.014914 0.997029
992.000000 -8.271982 -31.017589 -41.169551 0.035528 0.067071 -0.015117 0.997001
993.000000 -8.226845 -31.065754 -40.641702 0.035759 0.068077 -0.015614 0.996917
994.000000 -8.159737 -31.116980 -40.127021 0.035825 0.068710 -0.015826 0.996868
995.000000 -8.083664 -31.166216 -39.625581 0.035647 0.068922 -0.014529 0.996879
996.000000 -8.022615 -31.214082 -39.134887 0.035815 0.069787 -0.014866 0.996808
997.000000 -7.957344 -31.262332 -38.656711 0.036261 0.070324 -0.014892 0.996754
998.000000 -7.895960 -31.305815 -38.186864 0.036398 0.070893 -0.015488 0.996699
999.000000 -7.832155 -31.349239 -37.731079 0.036408 0.071407 -0.015457 0.996663
1000.000000 -7.770303 -31.392567 -37.284034 0.036491 0.071787 -0.015790 0.996627
1001.000000 -7.708789 -31.440396 -36.852475 0.036132 0.072482 -0.015655 0.996592
1002.000000 -7.648376 -31.479764 -36.436288 0.036002 0.072989 -0.015078 0.996569
1003.000000 -7.584711 -31.523279 -36.021179 0.035595 0.073347 -0.014935 0.996559
1004.000000 -7.515972 -31.547862 -35.657283 0.035618 0.072823 -0.015257 0.996592
1005.000000 -7.460404 -31.577216 -35.293016 0.035346 0.073049 -0.015596 0.996580
1006.000000 -7.408858 -31.606208 -34.955592 0.035762 0.073038 -0.016313 0.996554
1007.000000 -7.351175 -31.639993 -34.641079 0.036078 0.073362 -0.015885 0.996526
1008.000000 -7.306506 -31.670899 -34.341179 0.036336 0.073632 -0.015419 0.996504
1009.000000 -7.255913 -31.697825 -34.059833 0.036594 0.073940 -0.015330 0.996473
1010.000000 -7.217512 -31.722489 -33.787645 0.037086 0.073844 -0.015585 0.996458
1011.000000 -7.183069 -31.746509 -33.521630 0.037600 0.074007 -0.015372 0.996430
1012.000000 -7.143470 -31.774522 -33.265360 0.038470 0.074148 -0.015187 0.996389
1013.000000 -7.116387 -31.791137 -33.007914 0.039814 0.073992 -0.015113 0.996349
1014.000000 -7.078637 -31.804459 -32.752800 0.040568 0.073654 -0.015261 0.996342
1015.000000 -7.040587 -31.833821 -32.500864 0.040271 0.073710 -0.015444 0.996347
1016.000000 -6.994988 -31.863048 -32.253380 0.040023 0.073712 -0.015601 0.996354
1017.000000 -6.950833 -31.885477 -32.005494 0.039729 0.073411 -0.014335 0.996407
1018.000000 -6.927473 -31.908363 -31.756343 0.039607 0.073433 -0.013986 0.996415
1019.000000 -6.903693 -31.929444 -31.511074 0.039590 0.073476 -0.014205 0.996410
1020.000000 -6.868826 -31.956955 -31.266249 0.039462 0.073233 -0.013690 0.996440
1021.000000 -6.824927 -31.988063 -31.024936 0.039191 0.071984 -0.012203 0.996561
1022.000000 -6.796478 -32.014122 -30.781564 0.039156 0.070597 -0.011544 0.996669
1023.000000 -6.787379 -32.041986 -30.538181 0.039028 0.068451 -0.011644 0.996823
1024.000000 -6.768647 -32.068377 -30.296789 0.039111 0.065507 -0.011778 0.997016
1025.000000 -6.754338 -32.088473 -30.056663 0.039409 0.061817 -0.011740 0.997240
1026.000000 -6.739196 -32.114967 -29.816541 0.039481 0.058035 -0.012189 0.997459
1027.000000 -6.739995 -32.141338 -29.580748 0.039425 0.055684 -0.013330 0.997581
1028.000000 -6.738876 -32.165166 -29.346397 0.039704 0.053599 -0.014020 0.997674
1029.000000 -6.723876 -32.173369 -29.108888 0.040116 0.051297 -0.013279 0.997789
1030.000000 -6.703780 -32.194904 -28.875260 0.040151 0.048703 -0.012277 0.997930
1031.000000 -6.674733 -32.210409 -28.642050 0.040432 0.046417 -0.012742 0.998022
1032.000000 -6.540184 -32.222601 -28.452236 0.041023 0.042421 -0.014594 0.998151
1033.000000 -6.544724 -32.240831 -28.221791 0.041172 0.042261 -0.015102 0.998144
1034.000000 -6.529802 -32.264623 -27.993243 0.041339 0.042774 -0.015281 0.998112
1035.000000 -6.427511 -32.284558 -27.789569 0.041514 0.041461 -0.015764 0.998153
1036.000000 -6.414450 -32.311478 -27.563848 0.041247 0.042399 -0.015243 0.998133
1037.000000 -6.398749 -32.331804 -27.334229 0.041100 0.043395 -0.015119 0.998098
1038.000000 -6.385578 -32.351718 -27.108231 0.041095 0.044630 -0.014807 0.998048
1039.000000 -6.368928 -32.365318 -26.883639 0.041632 0.045423 -0.014321 0.997997
1040.000000 -6.310526 -32.391247 -26.668425 0.041585 0.045847 -0.013957 0.997985
1041.000000 -6.294512 -32.411749 -26.444974 0.041531 0.047460 -0.014053 0.997910
1042.000000 -6.265719 -32.434791 -26.224024 0.041518 0.049398 -0.014230 0.997814
1043.000000 -6.219835 -32.460006 -26.006232 0.041544 0.051334 -0.014632 0.997710
1044.000000 -6.207401 -32.498780 -25.782191 0.041612 0.053165 -0.015266 0.997602
1045.000000 -6.138612 -32.527931 -25.558589 0.042484 0.055175 -0.015694 0.997449
1046.000000 -6.100907 -32.566373 -25.317217 0.042979 0.057342 -0.015186 0.997313
1047.000000 -6.036495 -32.603947 -25.068965 0.042990 0.059578 -0.015235 0.997181
1048.000000 -5.997381 -32.629025 -24.802259 0.042826 0.061769 -0.015138 0.997056
1049.000000 -5.953413 -32.661901 -24.525907 0.042426 0.064654 -0.014492 0.996900
1050.000000 -5.921417 -32.689508 -24.235897 0.041878 0.067167 -0.013646 0.996769
1051.000000 -5.893470 -32.726806 -23.937763 0.040854 0.069945 -0.013245 0.996626
1052.000000 -5.848655 -32.772010 -23.635144 0.039738 0.072608 -0.012798 0.996486
1053.000000 -5.806334 -32.810737 -23.323327 0.039337 0.075218 -0.012822 0.996308
1054.000000 -5.761840 -32.843491 -23.003325 0.038913 0.077311 -0.012958 0.996163
1055.000000 -5.746522 -32.870790 -22.670398 0.038402 0.079953 -0.012616 0.995979
1056.000000 -5.717874 -32.881296 -22.330912 0.038299 0.082340 -0.011720 0.995799
1057.000000 -5.670766 -32.907071 -21.985565 0.038169 0.084112 -0.010472 0.995670
1058.000000 -5.646424 -32.945211 -21.632189 0.038731 0.086390 -0.009409 0.995464
1059.000000 -5.574893 -32.972985 -21.274772 0.040299 0.087158 -0.009313 0.995336
1060.000000 -5.524133 -33.008574 -20.903451 0.041474 0.087808 -0.010100 0.995222
1061.000000 -5.457522 -33.047988 -20.523670 0.041641 0.089023 -0.012511 0.995080
1062.000000 -5.427558 -33.088692 -20.125425 0.041163 0.092169 -0.015242 0.994775
1063.000000 -5.355280 -33.129952 -19.722629 0.040481 0.096478 -0.013910 0.994414
1064.000000 -5.269853 -33.174643 -19.329070 0.040237 0.100241 -0.010427 0.994095
1065.000000 -5.151980 -33.224669 -18.949221 0.041018 0.101083 -0.005920 0.994014
1066.000000 -5.089946 -33.268239 -18.564961 0.042450 0.099439 -0.004062 0.994129
1067.000000 -5.038703 -33.310518 -18.182982 0.043625 0.093559 -0.005243 0.994644
1068.000000 -5.013399 -33.334359 -17.802634 0.046026 0.085291 -0.007262 0.995266
1069.000000 -5.016023 -33.367050 -17.425173 0.047885 0.077036 -0.010149 0.995826
1070.000000 -4.983707 -33.393985 -17.051969 0.049247 0.067664 -0.009820 0.996444
1071.000000 -4.961814 -33.441224 -16.681993 0.048868 0.056505 -0.007520 0.997177
1072.000000 -4.976621 -33.485733 -16.311224 0.045868 0.045046 -0.007144 0.997906
1073.000000 -5.002470 -33.525951 -15.944071 0.042996 0.032588 -0.008923 0.998504
1074.000000 -5.025196 -33.567308 -15.584786 0.040922 0.019868 -0.010537 0.998909
1075.000000 -5.048186 -33.596256 -15.230650 0.040319 0.006910 -0.011175 0.999100
1076.000000 -5.079126 -33.628734 -14.880197 0.039056 -0.005395 -0.010859 0.999163
1077.000000 -5.111941 -33.666387 -14.531478 0.037884 -0.015358 -0.010465 0.999109
1078.000000 -5.155345 -33.691932 -14.185298 0.036552 -0.022391 -0.011641 0.999013
1079.000000 -5.184903 -33.723808 -13.839993 0.034432 -0.027175 -0.013841 0.998942
1080.000000 -5.204374 -33.773737 -13.500372 0.032722 -0.028485 -0.017304 0.998909
1081.000000 -5.241119 -33.802534 -13.164919 0.032590 -0.025630 -0.018292 0.998973
1082.000000 -5.247773 -33.834159 -12.832349 0.032502 -0.021707 -0.017152 0.999089
1083.000000 -5.248190 -33.855354 -12.522951 0.030909 -0.017784 -0.013043 0.999279
1084.000000 -5.253202 -33.868857 -12.247640 0.030062 -0.013013 -0.011202 0.999401
1085.000000 -5.247669 -33.888440 -12.013748 0.029185 -0.008034 -0.011523 0.999475
1086.000000 -5.246432 -33.907755 -11.816057 0.028978 -0.002919 -0.011780 0.999506
1087.000000 -5.223219 -33.917623 -11.656583 0.029489 0.001260 -0.010848 0.999505
1088.000000 -5.214336 -33.928398 -11.530927 0.030114 0.005121 -0.009717 0.999486
1089.000000 -5.214336 -33.928398 -11.530927 0.030114 0.005121 -0.009717 0.999486
1090.000000 -5.214336 -33.928398 -11.530927 0.030114 0.005121 -0.009717 0.999486
1091.000000 -5.214336 -33.928398 -11.530927 0.030114 0.005121 -0.009717 0.999486
1092.000000 -5.214336 -33.928398 -11.530927 0.030114 0.005121 -0.009717 0.999486
1093.000000 -5.214336 -33.928398 -11.530927 0.030114 0.005121 -0.009717 0.999486
1094.000000 -5.214336 -33.928398 -11.530927 0.030114 0.005121 -0.009717 0.999486
1095.000000 -5.214336 -33.928398 -11.530927 0.030114 0.005121 -0.009717 0.999486
1096.000000 -5.214336 -33.928398 -11.530927 0.030114 0.005121 -0.009717 0.999486
1097.000000 -5.214336 -33.928398 -11.530927 0.030114 0.005121 -0.009717 0.999486
1098.000000 -5.214336 -33.928398 -11.530927 0.030114 0.005121 -0.009717 0.999486
1099.000000 -5.214336 -33.928398 -11.530927 0.030114 0.005121 -0.009717 0.999486
1100.000000 -5.214336 -33.928398 -11.530927 0.030114 0.005121 -0.009717 0.999486
