1.000000 0.000000 0.000000 0.000000 0.000088 -0.000483 0.000013 1.000000
2.000000 0.000000 0.000000 0.000000 -0.000189 -0.000617 0.001232 0.999999
3.000000 0.009496 -0.079974 3.629860 0.000006 -0.001971 0.001949 0.999996
4.000000 0.036972 -0.090383 4.949001 0.000466 -0.002886 0.001832 0.999994
5.000000 0.017783 -0.105633 6.269500 -0.000137 -0.003000 0.002251 0.999993
6.000000 0.017796 -0.114651 7.596696 -0.000418 -0.003221 0.003776 0.999988
7.000000 0.009063 -0.156592 8.926292 -0.001385 -0.002698 0.004597 0.999985
8.000000 -0.002804 -0.187785 10.256650 -0.000547 -0.003628 0.004221 0.999984
9.000000 -0.050851 -0.206905 11.590348 0.001211 -0.002356 0.002537 0.999993
10.000000 -0.025495 -0.239925 12.927591 0.001598 -0.003397 0.001537 0.999992
11.000000 -0.061818 -0.282971 14.264953 0.001762 -0.003130 0.000305 0.999994
12.000000 -0.089683 -0.292108 15.614997 0.001725 -0.003059 -0.000176 0.999994
13.000000 -0.114637 -0.328276 16.965972 0.000246 -0.002827 0.000837 0.999996
14.000000 -0.160007 -0.342071 18.317730 -0.000380 -0.002804 0.002895 0.999992
15.000000 -0.179783 -0.364234 19.669518 0.000820 -0.004110 0.003200 0.999986
16.000000 -0.150634 -0.408939 21.023235 0.001275 -0.005034 0.004243 0.999978
17.000000 -0.189087 -0.455187 22.386709 0.001872 -0.005491 0.002636 0.999980
18.000000 -0.251446 -0.475698 23.751719 0.001023 -0.005354 0.001660 0.999984
19.000000 -0.228423 -0.457409 25.128161 0.000400 -0.005712 0.001245 0.999983
20.000000 -0.264620 -0.492517 26.498985 -0.000536 -0.005882 0.002123 0.999980
21.000000 -0.243963 -0.490270 27.873455 0.001089 -0.007603 0.003398 0.999965
22.000000 -0.275863 -0.524473 29.248256 0.002022 -0.006812 0.003952 0.999967
23.000000 -0.328854 -0.545161 30.627054 0.003620 -0.005913 0.003163 0.999971
24.000000 -0.393109 -0.568579 32.011078 0.004209 -0.005397 0.001298 0.999976
25.000000 -0.428386 -0.619505 33.392448 0.004862 -0.005414 0.000616 0.999973
26.000000 -0.488206 -0.677589 34.783325 0.004361 -0.005235 0.000737 0.999977
27.000000 -0.541918 -0.709638 36.179341 0.003773 -0.004560 -0.000035 0.999982
28.000000 -0.601433 -0.760467 37.575381 0.002318 -0.004932 -0.000709 0.999985
29.000000 -0.675451 -0.772030 38.969245 0.002846 -0.003750 -0.002599 0.999986
30.000000 -0.723635 -0.819662 40.370561 0.003098 -0.003547 -0.003813 0.999982
31.000000 -0.713518 -0.848404 41.777121 0.003026 -0.004321 -0.004086 0.999978
32.000000 -0.729620 -0.885881 43.184306 0.003012 -0.005212 -0.005040 0.999969
33.000000 -0.754420 -0.939396 44.592910 0.002813 -0.005992 -0.004645 0.999967
34.000000 -0.776773 -0.946478 46.005941 0.003799 -0.006482 -0.004773 0.999960
35.000000 -0.763782 -0.941404 47.421817 0.004493 -0.007608 -0.004550 0.999951
36.000000 -0.814098 -0.989011 48.842905 0.003728 -0.008276 -0.005277 0.999945
37.000000 -0.834081 -1.002152 50.265420 0.004335 -0.008694 -0.006101 0.999934
38.000000 -0.865971 -1.061359 51.690120 0.003738 -0.008745 -0.006694 0.999932
39.000000 -0.888417 -1.079297 53.118810 0.004032 -0.009518 -0.006766 0.999924
40.000000 -0.918815 -1.102240 54.545950 0.003898 -0.009701 -0.005649 0.999929
41.000000 -0.963694 -1.147117 55.976649 0.003781 -0.009484 -0.005033 0.999935
42.000000 -0.975985 -1.203297 57.404541 0.003554 -0.009756 -0.002899 0.999942
43.000000 -1.022027 -1.228118 58.831846 0.003770 -0.009776 -0.003182 0.999940
44.000000 -1.091297 -1.263472 60.259399 0.002956 -0.009195 -0.002348 0.999951
45.000000 -1.144909 -1.279179 61.683220 0.003530 -0.008838 -0.002278 0.999952
46.000000 -1.156581 -1.324884 63.106662 0.003890 -0.009495 -0.001244 0.999947
47.000000 -1.202644 -1.363758 64.525419 0.004756 -0.009252 -0.001306 0.999945
48.000000 -1.238830 -1.391817 65.942376 0.005117 -0.009531 -0.001379 0.999941
49.000000 -1.286730 -1.424261 67.355056 0.005494 -0.009218 -0.003063 0.999938
50.000000 -1.357092 -1.461459 68.765901 0.005360 -0.007818 -0.005276 0.999941
51.000000 -1.380183 -1.512789 70.179038 0.004456 -0.007409 -0.006636 0.999941
52.000000 -1.414827 -1.567312 71.587509 0.004092 -0.007229 -0.008654 0.999928
53.000000 -1.453529 -1.623590 72.986052 0.004246 -0.006978 -0.010374 0.999913
54.000000 -1.524789 -1.692345 74.385257 0.004238 -0.005807 -0.011551 0.999907
55.000000 -1.545493 -1.758672 75.785804 0.003494 -0.005333 -0.011041 0.999919
56.000000 -1.570191 -1.796828 77.181508 0.003157 -0.005594 -0.010625 0.999923
57.000000 -1.621313 -1.855578 78.573647 0.003105 -0.004979 -0.010434 0.999928
58.000000 -1.649859 -1.886407 79.963631 0.003688 -0.005185 -0.008943 0.999940
59.000000 -1.604137 -1.944646 81.347321 0.003513 -0.006192 -0.008948 0.999935
60.000000 -1.590356 -2.003303 82.732421 0.002840 -0.007091 -0.007482 0.999943
61.000000 -1.619292 -2.007471 84.118743 0.003719 -0.007658 -0.008167 0.999930
62.000000 -1.642365 -2.074975 85.499022 0.003077 -0.007627 -0.008536 0.999930
63.000000 -1.700586 -2.091473 86.882504 0.002983 -0.007755 -0.009013 0.999925
64.000000 -1.719104 -2.147403 88.260350 0.002019 -0.007800 -0.007963 0.999936
65.000000 -1.770163 -2.201593 89.635795 0.001557 -0.007704 -0.007657 0.999940
66.000000 -1.818185 -2.253638 91.003031 0.001263 -0.007316 -0.006237 0.999953
67.000000 -1.888676 -2.325018 92.365615 0.000438 -0.007295 -0.005001 0.999961
68.000000 -1.901789 -2.375068 93.726967 0.000922 -0.007567 -0.004478 0.999961
69.000000 -1.895992 -2.400990 95.084444 0.001049 -0.009833 -0.004636 0.999940
70.000000 -1.848104 -2.460249 96.435679 0.001165 -0.011030 -0.004693 0.999927
71.000000 -1.940131 -2.469050 97.784455 0.002150 -0.011142 -0.006101 0.999917
72.000000 -2.037926 -2.504368 99.130477 0.001588 -0.010293 -0.006465 0.999925
73.000000 -2.089259 -2.505693 100.474853 0.001902 -0.009776 -0.007956 0.999919
74.000000 -2.207791 -2.552072 101.814244 0.000752 -0.009067 -0.008894 0.999919
75.000000 -2.277135 -2.596048 103.152477 0.001066 -0.008619 -0.008540 0.999926
76.000000 -2.319355 -2.617991 104.490522 0.002480 -0.007755 -0.009118 0.999925
77.000000 -2.376605 -2.661971 105.825020 0.002944 -0.007417 -0.008677 0.999931
78.000000 -2.384129 -2.697393 107.169400 0.002317 -0.007385 -0.007572 0.999941
79.000000 -2.431511 -2.741648 108.509228 0.001061 -0.006830 -0.006621 0.999954
80.000000 -2.458384 -2.772913 109.847233 0.001048 -0.006699 -0.006563 0.999955
81.000000 -2.429227 -2.816863 111.178551 0.001707 -0.007025 -0.005501 0.999959
82.000000 -2.448512 -2.850707 112.506737 0.002655 -0.007062 -0.006832 0.999948
83.000000 -2.439244 -2.869170 113.830352 0.003845 -0.007190 -0.007500 0.999939
84.000000 -2.479988 -2.889997 115.161254 0.004070 -0.006370 -0.008649 0.999934
85.000000 -2.513696 -2.914761 116.493642 0.003580 -0.005026 -0.009589 0.999935
86.000000 -2.549878 -2.940894 117.827411 0.002728 -0.004747 -0.009271 0.999942
87.000000 -2.573459 -2.986249 119.160408 0.002038 -0.004136 -0.007453 0.999962
88.000000 -2.586709 -3.030486 120.502973 0.002191 -0.003786 -0.007107 0.999965
89.000000 -2.600568 -3.059195 121.867010 0.002175 -0.003707 -0.007259 0.999964
90.000000 -2.651889 -3.078663 123.222039 0.002877 -0.002959 -0.008346 0.999957
91.000000 -2.672914 -3.128357 124.580620 0.002852 -0.002421 -0.007969 0.999961
92.000000 -2.697955 -3.163589 125.933780 0.003053 -0.001716 -0.007805 0.999963
93.000000 -2.711955 -3.192414 127.289400 0.003781 -0.001460 -0.007927 0.999960
94.000000 -2.747049 -3.247565 128.645310 0.002701 -0.000585 -0.007211 0.999970
95.000000 -2.747033 -3.271999 130.002940 0.002701 -0.000898 -0.006380 0.999976
96.000000 -2.759174 -3.297384 131.351609 0.002399 -0.001016 -0.005847 0.999980
97.000000 -2.790573 -3.333132 132.705074 0.002664 -0.000222 -0.004578 0.999986
98.000000 -2.814241 -3.366460 134.056616 0.002173 -0.000324 -0.004860 0.999986
99.000000 -2.841372 -3.402794 135.409521 0.002170 -0.000794 -0.005269 0.999983
100.000000 -2.856119 -3.438966 136.755244 0.002386 -0.001880 -0.003903 0.999988
101.000000 -2.874006 -3.475874 138.106723 0.001708 -0.002406 -0.003841 0.999988
102.000000 -2.907033 -3.521552 139.456015 0.001281 -0.002570 -0.003142 0.999991
103.000000 -2.902182 -3.556590 140.806261 0.001380 -0.004341 -0.002015 0.999988
104.000000 -2.911392 -3.609572 142.154763 0.001091 -0.004925 -0.001187 0.999987
105.000000 -2.939462 -3.627955 143.502295 0.001784 -0.006169 -0.001786 0.999978
106.000000 -2.952408 -3.678251 144.849483 0.002579 -0.007023 0.000149 0.999972
107.000000 -2.987179 -3.710125 146.192328 0.002842 -0.007860 0.002126 0.999963
108.000000 -3.051314 -3.751978 147.543351 0.001723 -0.006979 0.005626 0.999958
109.000000 -3.103661 -3.802433 148.890850 0.000413 -0.006836 0.008683 0.999939
110.000000 -3.118139 -3.842544 150.235603 0.001727 -0.007196 0.010750 0.999915
111.000000 -3.135939 -3.866911 151.579167 0.003514 -0.007781 0.010263 0.999911
112.000000 -3.214444 -3.953264 152.920280 0.003742 -0.006916 0.009240 0.999926
113.000000 -3.273314 -3.996359 154.265654 0.003934 -0.006202 0.010004 0.999923
114.000000 -3.317554 -4.040309 155.613137 0.002155 -0.005051 0.012441 0.999908
115.000000 -3.365184 -4.088322 156.961694 0.000713 -0.004162 0.016014 0.999863
116.000000 -3.397243 -4.137283 158.309664 -0.000834 -0.003877 0.018483 0.999821
117.000000 -3.415144 -4.156765 159.656316 -0.000256 -0.003199 0.019128 0.999812
118.000000 -3.431068 -4.182532 161.006628 -0.000300 -0.003005 0.017733 0.999838
119.000000 -3.478351 -4.192905 162.355771 0.000898 -0.002566 0.014281 0.999894
120.000000 -3.512500 -4.202891 163.706283 0.002894 -0.001561 0.011170 0.999932
121.000000 -3.603212 -4.274683 165.052749 0.002245 -0.000007 0.010543 0.999942
122.000000 -3.632770 -4.315678 166.410365 0.001324 0.001134 0.009289 0.999955
123.000000 -3.642627 -4.334792 167.771492 0.001971 0.001240 0.007889 0.999966
124.000000 -3.636653 -4.348619 169.131849 0.003569 0.000510 0.007343 0.999967
125.000000 -3.606414 -4.392462 170.490692 0.004775 -0.000373 0.006099 0.999970
126.000000 -3.650331 -4.461281 171.852957 0.004983 -0.000314 0.004918 0.999975
127.000000 -3.662302 -4.490987 173.221763 0.004330 -0.000236 0.003104 0.999986
128.000000 -3.712871 -4.544164 174.596383 0.002759 0.001517 0.001975 0.999993
129.000000 -3.739894 -4.572890 175.975627 0.001736 0.002385 0.000953 0.999995
130.000000 -3.737332 -4.589629 177.352256 0.001724 0.001738 0.000934 0.999997
131.000000 -3.768333 -4.593812 178.727563 0.002230 0.001465 0.001520 0.999995
132.000000 -3.762164 -4.640226 180.108211 0.004053 0.000833 0.001863 0.999990
133.000000 -3.759181 -4.689695 181.486887 0.005736 -0.000299 0.000937 0.999983
134.000000 -3.766439 -4.713667 182.875315 0.006381 -0.001192 -0.001890 0.999977
135.000000 -3.776348 -4.777413 184.268178 0.004671 -0.002032 -0.002088 0.999985
136.000000 -3.817655 -4.823639 185.662499 0.002516 -0.002020 -0.003439 0.999989
137.000000 -3.809532 -4.852691 187.061843 0.001543 -0.003353 -0.003246 0.999988
138.000000 -3.855142 -4.863300 188.462870 0.001398 -0.002069 -0.003040 0.999992
139.000000 -3.890482 -4.901029 189.866698 0.000604 -0.001412 -0.001726 0.999997
140.000000 -3.905112 -4.938123 191.274431 0.000179 -0.001487 -0.000858 0.999999
141.000000 -3.936391 -4.972258 192.682504 0.000414 -0.000616 0.000172 1.000000
142.000000 -3.952801 -5.029802 194.100028 -0.000616 -0.000937 0.002136 0.999997
143.000000 -4.000327 -5.051158 195.518898 -0.000878 -0.000105 0.004585 0.999989
144.000000 -4.035019 -5.069880 196.940620 -0.000561 0.000481 0.004914 0.999988
145.000000 -4.062879 -5.093501 198.360783 0.001562 0.000743 0.003707 0.999992
146.000000 -4.042211 -5.100218 199.784747 0.004769 0.000498 -0.000482 0.999988
147.000000 -4.099209 -5.151986 201.216548 0.004735 0.001127 -0.004089 0.999980
148.000000 -4.134572 -5.190588 202.653759 0.003028 0.001709 -0.008151 0.999961
149.000000 -4.131819 -5.222666 204.091315 0.001942 0.001039 -0.008582 0.999961
150.000000 -4.093387 -5.270367 205.528111 0.001393 0.000183 -0.007306 0.999972
151.000000 -4.109695 -5.308417 206.975634 0.000878 0.000303 -0.005681 0.999983
152.000000 -4.151341 -5.322101 208.424742 0.001547 0.000929 -0.006160 0.999979
153.000000 -4.193350 -5.334700 209.879571 0.002191 0.001193 -0.008004 0.999965
154.000000 -4.223451 -5.360471 211.341151 0.002555 0.001556 -0.009145 0.999954
155.000000 -4.185866 -5.410486 212.800590 0.001680 0.000908 -0.009747 0.999951
156.000000 -4.202714 -5.434054 214.269659 0.002386 0.001203 -0.009459 0.999952
157.000000 -4.207401 -5.456933 215.742020 0.003173 0.001136 -0.009418 0.999950
158.000000 -4.248321 -5.525102 217.215225 0.002764 0.001434 -0.009165 0.999953
159.000000 -4.258190 -5.570122 218.695230 0.002477 0.001288 -0.009007 0.999956
160.000000 -4.247365 -5.603571 220.172473 0.002392 0.000900 -0.008893 0.999957
161.000000 -4.281920 -5.635489 221.658212 0.002257 0.001454 -0.009050 0.999955
162.000000 -4.369832 -5.706230 223.138297 0.002066 0.001997 -0.009661 0.999949
163.000000 -4.378841 -5.769563 224.626703 0.001575 0.002167 -0.009294 0.999953
164.000000 -4.367564 -5.793612 226.116904 0.001960 0.000993 -0.008167 0.999964
165.000000 -4.445304 -5.837040 227.605667 0.001855 0.001687 -0.008104 0.999964
166.000000 -4.462572 -5.885013 229.095938 0.001791 0.001425 -0.006699 0.999975
167.000000 -4.486320 -5.939002 230.589267 0.001149 0.001791 -0.005473 0.999983
168.000000 -4.504124 -5.964559 232.085870 0.000686 0.002371 -0.004386 0.999987
169.000000 -4.522982 -5.979592 233.581649 0.001341 0.002562 -0.005150 0.999983
170.000000 -4.543932 -5.999217 235.082933 0.002052 0.002847 -0.005580 0.999978
171.000000 -4.591412 -6.031312 236.587825 0.002995 0.002656 -0.006221 0.999973
172.000000 -4.587546 -6.046862 238.093407 0.003004 0.002834 -0.006243 0.999972
173.000000 -4.678782 -6.112014 239.599982 0.001467 0.003818 -0.006309 0.999972
174.000000 -4.683102 -6.160912 241.110377 0.001170 0.004146 -0.006534 0.999969
175.000000 -4.715383 -6.157913 242.626469 0.002827 0.005246 -0.007012 0.999958
176.000000 -4.746261 -6.186423 244.140895 0.004106 0.006273 -0.007938 0.999940
177.000000 -4.746015 -6.222614 245.661807 0.004283 0.006319 -0.007918 0.999940
178.000000 -4.745294 -6.249449 247.186423 0.004216 0.006710 -0.008032 0.999936
179.000000 -4.769043 -6.297388 248.706212 0.003851 0.007169 -0.008528 0.999931
180.000000 -4.764066 -6.338428 250.234127 0.004016 0.006756 -0.007454 0.999941
181.000000 -4.763560 -6.366726 251.761760 0.004048 0.007112 -0.006538 0.999945
182.000000 -4.788835 -6.414679 253.293900 0.004081 0.008158 -0.007429 0.999931
183.000000 -4.774051 -6.422246 254.825481 0.004873 0.008171 -0.007961 0.999923
184.000000 -4.764931 -6.471452 256.359401 0.004887 0.009190 -0.007265 0.999919
185.000000 -4.780334 -6.523674 257.896874 0.004389 0.008651 -0.006397 0.999932
186.000000 -4.744224 -6.551197 259.435539 0.004576 0.008121 -0.005533 0.999941
187.000000 -4.677004 -6.606466 260.968180 0.004802 0.006857 -0.004731 0.999954
188.000000 -4.669683 -6.621578 262.506191 0.006238 0.006388 -0.004690 0.999949
189.000000 -4.623416 -6.673575 264.043097 0.005266 0.006405 -0.003974 0.999958
190.000000 -4.615041 -6.725812 265.588432 0.004283 0.006565 -0.003083 0.999965
191.000000 -4.631453 -6.783015 267.128713 0.003957 0.006267 -0.002787 0.999969
192.000000 -4.646759 -6.835094 268.667788 0.004299 0.007454 -0.002875 0.999959
193.000000 -4.621275 -6.843824 270.207508 0.005149 0.007810 -0.003727 0.999949
194.000000 -4.627951 -6.918929 271.747596 0.004908 0.008650 -0.005123 0.999937
195.000000 -4.611449 -6.962512 273.293911 0.004924 0.008629 -0.005553 0.999935
196.000000 -4.609263 -6.990816 274.836406 0.005478 0.009684 -0.006838 0.999915
197.000000 -4.598535 -7.007523 276.383459 0.006422 0.009783 -0.007724 0.999902
198.000000 -4.549354 -7.069219 277.923746 0.006913 0.009719 -0.008032 0.999897
199.000000 -4.511976 -7.147177 279.472094 0.006788 0.010409 -0.007885 0.999892
200.000000 -4.513564 -7.222187 281.021483 0.006001 0.011223 -0.007262 0.999893
201.000000 -4.486578 -7.261257 282.575279 0.005392 0.010436 -0.006413 0.999910
202.000000 -4.464677 -7.312651 284.125384 0.005059 0.010291 -0.004227 0.999925
203.000000 -4.440599 -7.377617 285.669222 0.005805 0.010260 -0.003128 0.999926
204.000000 -4.434964 -7.433665 287.223250 0.007127 0.010598 -0.004224 0.999910
205.000000 -4.381157 -7.475214 288.776005 0.007448 0.009814 -0.005053 0.999911
206.000000 -4.377579 -7.525041 290.332354 0.007296 0.010063 -0.004347 0.999913
207.000000 -4.354732 -7.577947 291.890614 0.007425 0.009146 -0.003975 0.999923
208.000000 -4.330326 -7.634753 293.452276 0.007254 0.008548 -0.003594 0.999931
209.000000 -4.299235 -7.716652 295.019447 0.006335 0.007560 -0.002841 0.999947
210.000000 -4.314442 -7.761334 296.590876 0.006149 0.007119 -0.002893 0.999952
211.000000 -4.333501 -7.814135 298.168112 0.005679 0.007050 -0.002027 0.999957
212.000000 -4.327614 -7.855969 299.754398 0.005484 0.006133 -0.002122 0.999964
213.000000 -4.306874 -7.900125 301.338390 0.005720 0.006074 -0.003025 0.999961
214.000000 -4.322338 -7.947187 302.929943 0.005948 0.007093 -0.003531 0.999951
215.000000 -4.308415 -8.003018 304.525748 0.006052 0.006584 -0.002244 0.999957
216.000000 -4.313562 -8.023621 306.125159 0.006849 0.006390 -0.001319 0.999955
217.000000 -4.316664 -8.041726 307.728477 0.008017 0.006971 -0.000750 0.999943
218.000000 -4.285663 -8.053151 309.336078 0.008646 0.007007 -0.001589 0.999937
219.000000 -4.273010 -8.107317 310.949868 0.009291 0.006619 -0.001796 0.999933
220.000000 -4.284561 -8.174957 312.560431 0.008212 0.005486 -0.002404 0.999948
221.000000 -4.244693 -8.258459 314.182127 0.005949 0.004598 -0.002415 0.999969
222.000000 -4.242335 -8.322421 315.808427 0.004485 0.004617 -0.000651 0.999979
223.000000 -4.273897 -8.344546 317.437306 0.004528 0.005634 -0.000870 0.999973
224.000000 -4.227666 -8.398185 319.064565 0.004648 0.004754 0.000546 0.999978
225.000000 -4.195405 -8.434383 320.694099 0.004709 0.003363 0.000491 0.999983
226.000000 -4.184874 -8.471576 322.325654 0.004771 0.003088 0.001636 0.999983
227.000000 -4.171968 -8.516098 323.951334 0.004628 0.002835 0.001497 0.999984
228.000000 -4.157213 -8.587395 325.578670 0.004645 0.003161 0.000109 0.999984
229.000000 -4.169646 -8.631864 327.208031 0.004888 0.003158 -0.000323 0.999983
230.000000 -4.307888 -8.652167 328.829058 0.004307 0.005164 0.000029 0.999977
231.000000 -4.354443 -8.691319 330.454968 0.004234 0.005662 0.000273 0.999975
232.000000 -4.358765 -8.741669 332.073092 0.004604 0.005256 0.000914 0.999975
233.000000 -4.370555 -8.786753 333.692857 0.004396 0.005690 0.000439 0.999974
234.000000 -4.388279 -8.834755 335.305582 0.005636 0.005250 0.000034 0.999970
235.000000 -4.385566 -8.872298 336.912991 0.006969 0.005006 -0.000474 0.999963
236.000000 -4.363032 -8.957357 338.522480 0.006089 0.004150 -0.000683 0.999973
237.000000 -4.336726 -8.982418 340.130150 0.004864 0.003124 -0.001272 0.999982
238.000000 -4.361359 -9.041402 341.746676 0.003128 0.003054 -0.001773 0.999989
239.000000 -4.416903 -9.100980 343.351441 0.003257 0.002673 -0.002444 0.999988
240.000000 -4.451594 -9.162524 344.949759 0.003299 0.002488 -0.001593 0.999990
241.000000 -4.459101 -9.210354 346.552121 0.002488 0.001846 -0.001075 0.999995
242.000000 -4.452738 -9.224158 348.152041 0.002652 0.000849 -0.000547 0.999996
243.000000 -4.458640 -9.253706 349.750128 0.003616 0.000405 -0.000124 0.999993
244.000000 -4.449110 -9.319563 351.343780 0.003455 -0.000293 0.000455 0.999994
245.000000 -4.447385 -9.371941 352.941890 0.003578 -0.000905 0.000193 0.999993
246.000000 -4.437689 -9.421143 354.533094 0.003866 -0.001357 0.001075 0.999991
247.000000 -4.444899 -9.474878 356.125584 0.004449 -0.001803 0.002131 0.999986
248.000000 -4.506768 -9.516334 357.715366 0.005086 -0.000428 0.001924 0.999985
249.000000 -4.515211 -9.548360 359.306194 0.005397 -0.000991 0.003114 0.999980
250.000000 -4.532333 -9.603966 360.896820 0.005199 -0.000620 0.003120 0.999981
251.000000 -4.606978 -9.675859 362.479219 0.005186 0.000746 0.003278 0.999981
252.000000 -4.634728 -9.718663 364.076603 0.004108 0.000863 0.004422 0.999981
253.000000 -4.625573 -9.754829 365.673815 0.004068 0.000285 0.005712 0.999975
254.000000 -4.664043 -9.799071 367.270453 0.004551 0.000191 0.005979 0.999972
255.000000 -4.672854 -9.842599 368.875986 0.004886 0.000131 0.005510 0.999973
256.000000 -4.693238 -9.884523 370.464519 0.004629 0.000298 0.005213 0.999976
257.000000 -4.646928 -9.889915 372.104663 0.005036 0.000280 0.003535 0.999981
258.000000 -4.673394 -9.942557 373.714001 0.005374 0.000265 0.004532 0.999975
259.000000 -4.682412 -10.002319 375.269158 0.005474 0.000356 0.004156 0.999976
260.000000 -4.655890 -10.077224 376.873795 0.005260 -0.000213 0.006156 0.999967
261.000000 -4.677580 -10.121997 378.479027 0.004985 -0.000637 0.006983 0.999963
262.000000 -4.641071 -10.181638 380.092089 0.004697 -0.001360 0.006183 0.999969
263.000000 -4.679776 -10.238980 381.704149 0.004481 -0.001078 0.005116 0.999976
264.000000 -4.765428 -10.292617 383.322040 0.004712 0.000489 0.004565 0.999978
265.000000 -4.798288 -10.329108 384.932127 0.005093 0.001374 0.004242 0.999977
266.000000 -4.818460 -10.377309 386.548346 0.004891 0.001901 0.004310 0.999977
267.000000 -4.818723 -10.392205 388.166562 0.005402 0.000788 0.003665 0.999978
268.000000 -4.840501 -10.410004 389.786856 0.005894 0.001150 0.003095 0.999977
269.000000 -4.845619 -10.460164 391.416388 0.006131 0.000857 0.002145 0.999979
270.000000 -4.852842 -10.500379 393.038262 0.006512 0.000795 0.002385 0.999976
