1.000000 0.000000 0.000000 0.000000 0.002676 0.000437 -0.001190 0.999996
2.000000 0.000000 0.000000 0.000000 0.002459 0.000572 0.000654 0.999997
3.000000 0.001050 -0.053135 2.926238 0.000223 0.000191 0.001406 0.999999
4.000000 0.020189 -0.071913 3.886738 -0.003041 0.000035 0.003146 0.999990
5.000000 0.042134 -0.079377 4.845122 -0.002728 -0.001486 0.005156 0.999982
6.000000 0.055740 -0.098306 5.777581 -0.001639 -0.002942 0.006605 0.999973
7.000000 0.069574 -0.107843 6.714970 0.000065 -0.003604 0.007232 0.999967
8.000000 0.051791 -0.113352 7.644760 0.000680 -0.003740 0.007752 0.999963
9.000000 0.049602 -0.120366 8.574205 -0.000210 -0.004371 0.008281 0.999956
10.000000 0.070902 -0.140609 9.504241 -0.001844 -0.006956 0.007982 0.999942
11.000000 0.049236 -0.148219 10.427119 -0.002339 -0.006739 0.008496 0.999938
12.000000 0.026019 -0.154209 11.377564 -0.002449 -0.006263 0.009139 0.999936
13.000000 0.015982 -0.170157 12.261526 -0.002611 -0.006913 0.009389 0.999929
14.000000 0.008480 -0.193646 13.171324 -0.001994 -0.008275 0.009693 0.999917
15.000000 0.000235 -0.213029 14.079662 -0.001545 -0.009246 0.008863 0.999917
16.000000 -0.035493 -0.226757 14.983264 -0.000602 -0.009724 0.009783 0.999905
17.000000 0.023727 -0.233933 15.882256 -0.000111 -0.012402 0.009848 0.999875
18.000000 0.045499 -0.220500 16.778966 0.000637 -0.013881 0.008520 0.999867
19.000000 -0.017496 -0.244028 17.668376 0.000627 -0.014031 0.007115 0.999876
20.000000 -0.082826 -0.272838 18.557722 -0.000304 -0.013205 0.007525 0.999884
21.000000 -0.110561 -0.308912 19.444195 -0.001801 -0.014891 0.006759 0.999865
22.000000 -0.153596 -0.317906 20.323990 -0.001816 -0.014850 0.006868 0.999864
23.000000 -0.171337 -0.335877 21.197952 -0.002070 -0.015533 0.007764 0.999847
24.000000 -0.174551 -0.349915 22.067055 -0.001878 -0.017675 0.008725 0.999804
25.000000 -0.170421 -0.359753 22.930205 -0.002364 -0.019970 0.008268 0.999764
26.000000 -0.220494 -0.376966 23.785662 -0.003821 -0.019663 0.008403 0.999764
27.000000 -0.256485 -0.395283 24.642618 -0.005651 -0.019823 0.009317 0.999744
28.000000 -0.300455 -0.390527 25.468379 -0.006033 -0.019904 0.008822 0.999745
29.000000 -0.334388 -0.398825 26.291925 -0.005376 -0.019712 0.008982 0.999751
30.000000 -0.351311 -0.415398 27.106050 -0.004156 -0.021020 0.008121 0.999737
31.000000 -0.391271 -0.428120 27.901865 -0.003302 -0.020636 0.008255 0.999748
32.000000 -0.445455 -0.451197 28.692626 -0.003512 -0.020843 0.007408 0.999749
33.000000 -0.469826 -0.463425 29.477644 -0.003581 -0.022732 0.007827 0.999705
34.000000 -0.503809 -0.484307 30.248906 -0.003840 -0.023776 0.007986 0.999678
35.000000 -0.554400 -0.472869 31.014197 -0.003381 -0.024724 0.007222 0.999662
36.000000 -0.583935 -0.487167 31.774012 -0.004054 -0.026093 0.008316 0.999617
37.000000 -0.631158 -0.508857 32.516844 -0.005403 -0.026914 0.008743 0.999585
38.000000 -0.696611 -0.526665 33.251891 -0.006295 -0.027327 0.007355 0.999580
39.000000 -0.738719 -0.534005 33.979015 -0.006504 -0.027661 0.006387 0.999576
40.000000 -0.814010 -0.532296 34.717551 -0.005919 -0.028107 0.004523 0.999577
41.000000 -0.830606 -0.530986 35.408065 -0.005371 -0.030177 0.003710 0.999523
42.000000 -0.859939 -0.525505 36.100982 -0.005623 -0.030945 0.004049 0.999497
43.000000 -0.905845 -0.515494 36.787999 -0.006393 -0.031980 0.002703 0.999464
44.000000 -0.965737 -0.527708 37.462250 -0.007055 -0.031576 0.001498 0.999475
45.000000 -0.978179 -0.528185 38.125279 -0.005826 -0.032742 -0.000196 0.999447
46.000000 -1.038440 -0.539785 38.775506 -0.004411 -0.031134 -0.001879 0.999504
47.000000 -1.087813 -0.558184 39.411036 -0.004060 -0.030095 -0.002206 0.999536
48.000000 -1.113217 -0.552125 40.048021 -0.004193 -0.029127 -0.003020 0.999562
49.000000 -1.163827 -0.550306 40.696166 -0.005373 -0.026728 -0.005288 0.999614
50.000000 -1.172720 -0.559382 41.301969 -0.007437 -0.026707 -0.006967 0.999591
51.000000 -1.203640 -0.559371 41.900457 -0.007927 -0.023938 -0.009225 0.999639
52.000000 -1.259920 -0.554723 42.482884 -0.007843 -0.020071 -0.011629 0.999700
53.000000 -1.288358 -0.562096 43.050912 -0.009736 -0.016797 -0.013360 0.999722
54.000000 -1.341085 -0.553776 43.596610 -0.010374 -0.011530 -0.016612 0.999742
55.000000 -1.379898 -0.560868 44.122261 -0.010699 -0.007779 -0.018621 0.999739
56.000000 -1.382105 -0.557193 44.629825 -0.010717 -0.004089 -0.019911 0.999736
57.000000 -1.403473 -0.561576 45.112788 -0.010573 0.001138 -0.021528 0.999712
58.000000 -1.407834 -0.566046 45.576788 -0.009567 0.005186 -0.024019 0.999652
59.000000 -1.398705 -0.572736 46.016203 -0.008241 0.009480 -0.023747 0.999639
60.000000 -1.374298 -0.565352 46.437343 -0.008272 0.013321 -0.023670 0.999597
61.000000 -1.335265 -0.554363 46.832856 -0.008836 0.016094 -0.023420 0.999557
62.000000 -1.335430 -0.559363 47.205302 -0.009733 0.020750 -0.024676 0.999433
63.000000 -1.287243 -0.569821 47.565275 -0.010047 0.023135 -0.026189 0.999339
64.000000 -1.268031 -0.580141 47.876131 -0.010623 0.027513 -0.028161 0.999168
65.000000 -1.270057 -0.580287 48.175303 -0.010532 0.032899 -0.030237 0.998946
66.000000 -1.283011 -0.568751 48.450762 -0.010576 0.038750 -0.030062 0.998741
67.000000 -1.250565 -0.584750 48.716155 -0.010509 0.043857 -0.029291 0.998553
68.000000 -1.215666 -0.594903 48.975246 -0.009029 0.049448 -0.028292 0.998335
69.000000 -1.159026 -0.610276 49.228374 -0.007763 0.055719 -0.028611 0.998006
70.000000 -1.146414 -0.634330 49.485009 -0.007852 0.064724 -0.029437 0.997438
71.000000 -1.135618 -0.619547 49.751464 -0.007496 0.073238 -0.029685 0.996844
72.000000 -1.064449 -0.616966 49.982634 -0.007762 0.081336 -0.029498 0.996220
73.000000 -0.993294 -0.605209 50.223960 -0.007421 0.089673 -0.028521 0.995535
74.000000 -0.946045 -0.602855 50.475426 -0.008212 0.100150 -0.028085 0.994542
75.000000 -0.871370 -0.597046 50.702968 -0.008322 0.109215 -0.027422 0.993605
76.000000 -0.789082 -0.597293 50.938220 -0.008062 0.119327 -0.028078 0.992425
77.000000 -0.681913 -0.618303 51.163004 -0.008345 0.130115 -0.028502 0.991054
78.000000 -0.607241 -0.619525 51.407160 -0.009091 0.144605 -0.028738 0.989030
79.000000 -0.527379 -0.609079 51.652041 -0.009455 0.158509 -0.029803 0.986862
80.000000 -0.437922 -0.606958 51.900511 -0.010115 0.172970 -0.030715 0.984396
81.000000 -0.325944 -0.609449 52.131294 -0.010993 0.187869 -0.030439 0.981661
82.000000 -0.198609 -0.619951 52.359292 -0.011668 0.204297 -0.029281 0.978401
83.000000 -0.098558 -0.612190 52.607205 -0.012291 0.223859 -0.027437 0.974158
84.000000 0.032800 -0.584361 52.838459 -0.011382 0.243114 -0.025474 0.969596
85.000000 0.202694 -0.597119 53.051534 -0.010710 0.261652 -0.024719 0.964786
86.000000 0.381048 -0.597063 53.277650 -0.009996 0.280659 -0.024394 0.959446
87.000000 0.590588 -0.597343 53.493556 -0.009934 0.300863 -0.024812 0.953293
88.000000 0.834775 -0.608567 53.674192 -0.009976 0.320744 -0.026072 0.946755
89.000000 1.068672 -0.618855 53.902072 -0.010141 0.342224 -0.028649 0.939127
90.000000 1.311720 -0.638753 54.142974 -0.011605 0.365782 -0.029417 0.930163
91.000000 1.627598 -0.651983 54.314734 -0.013954 0.387819 -0.028221 0.921198
92.000000 1.948929 -0.661486 54.534198 -0.015666 0.411662 -0.028152 0.910767
93.000000 2.254735 -0.659467 54.791146 -0.016892 0.437110 -0.028132 0.898809
94.000000 2.597876 -0.662709 55.015325 -0.017660 0.463476 -0.027385 0.885510
95.000000 2.994001 -0.689744 55.175044 -0.019342 0.487883 -0.027042 0.872276
96.000000 3.403757 -0.687386 55.333722 -0.020977 0.511639 -0.027638 0.858500
97.000000 3.837608 -0.699386 55.479129 -0.023519 0.534343 -0.029042 0.844442
98.000000 4.270259 -0.705163 55.645543 -0.024140 0.557658 -0.032016 0.829102
99.000000 4.723682 -0.719110 55.783985 -0.025231 0.579006 -0.031180 0.814336
100.000000 5.193140 -0.713076 55.922648 -0.028752 0.599907 -0.027394 0.799083
101.000000 5.697839 -0.716788 55.968672 -0.034076 0.616797 -0.023058 0.786046
102.000000 6.213904 -0.696845 56.071532 -0.036144 0.634888 -0.019472 0.771513
103.000000 6.728744 -0.690217 56.105644 -0.036144 0.648919 -0.017744 0.759792
104.000000 7.262780 -0.690044 56.117526 -0.038123 0.660999 -0.013850 0.749290
105.000000 7.816105 -0.679099 56.119262 -0.040741 0.670514 -0.011497 0.740688
106.000000 8.382169 -0.659313 56.098010 -0.043439 0.680054 -0.009314 0.731815
107.000000 8.960360 -0.662443 56.112950 -0.045329 0.687077 -0.008880 0.725115
108.000000 9.536267 -0.643229 56.022385 -0.045332 0.692095 -0.007566 0.720342
109.000000 10.141426 -0.613304 56.038887 -0.045549 0.697051 -0.007069 0.715539
110.000000 10.742392 -0.583341 56.024585 -0.044307 0.701080 -0.007266 0.711668
111.000000 11.361221 -0.539622 56.035106 -0.044145 0.704679 -0.004263 0.708139
112.000000 11.991272 -0.507275 56.067015 -0.044676 0.707652 -0.001838 0.705145
113.000000 12.630236 -0.485225 56.097647 -0.045034 0.710219 -0.002242 0.702535
114.000000 13.283645 -0.444603 56.077321 -0.044970 0.710813 -0.003907 0.701931
115.000000 13.945704 -0.410026 56.070364 -0.047010 0.711707 -0.007154 0.700866
116.000000 14.625252 -0.352561 56.092453 -0.049208 0.712960 -0.008341 0.699426
117.000000 15.312460 -0.334716 56.069852 -0.051492 0.713188 -0.008439 0.699028
118.000000 16.002255 -0.279355 56.083096 -0.051751 0.713423 -0.006105 0.698794
119.000000 16.698297 -0.240550 56.114381 -0.049043 0.713641 -0.003644 0.698783
120.000000 17.395736 -0.183357 56.037145 -0.045889 0.712363 -0.000374 0.700309
121.000000 18.115300 -0.134926 56.006359 -0.045659 0.711422 -0.000159 0.701280
122.000000 18.852431 -0.083498 55.997887 -0.046512 0.710970 -0.002099 0.701679
123.000000 19.586536 -0.024490 55.936002 -0.048623 0.709505 -0.004033 0.703009
124.000000 20.318741 0.031098 55.879163 -0.048043 0.707959 -0.004656 0.704602
125.000000 21.040563 0.048755 55.970503 -0.048735 0.707278 -0.000600 0.705253
126.000000 21.769311 0.097578 55.952802 -0.046726 0.706015 0.002327 0.706650
127.000000 22.506152 0.138353 55.954185 -0.044237 0.704980 0.000051 0.707846
128.000000 23.235581 0.169321 55.991754 -0.044751 0.703604 -0.002745 0.709177
129.000000 23.978313 0.208577 55.989145 -0.046868 0.702019 -0.002616 0.710610
130.000000 24.715834 0.274633 55.995600 -0.047373 0.700863 0.000276 0.711721
131.000000 25.438686 0.323265 56.027833 -0.045191 0.699805 0.002162 0.712900
132.000000 26.172107 0.371070 56.041158 -0.043847 0.698128 0.001236 0.714628
133.000000 26.906738 0.422580 55.979322 -0.044022 0.695569 0.001603 0.717107
134.000000 27.646293 0.477387 55.974481 -0.045864 0.693824 0.002001 0.718680
135.000000 28.378651 0.517966 55.910652 -0.047524 0.691525 0.003979 0.720777
136.000000 29.109063 0.565353 55.825870 -0.048486 0.688919 0.005401 0.723195
137.000000 29.839042 0.627363 55.756178 -0.048105 0.686836 0.005644 0.725196
138.000000 30.576664 0.678995 55.805509 -0.049508 0.685629 0.005802 0.726242
139.000000 31.313385 0.729029 55.883976 -0.050406 0.685247 0.005411 0.726544
140.000000 32.048412 0.785614 55.950040 -0.049274 0.684485 0.004411 0.727347
141.000000 32.789662 0.839409 55.987195 -0.047529 0.682669 0.003850 0.729170
142.000000 33.530884 0.916202 55.998742 -0.047090 0.681250 0.005139 0.730517
143.000000 34.275784 0.968693 56.064413 -0.046227 0.680028 0.003933 0.731717
144.000000 35.018310 1.002071 56.131478 -0.045960 0.679056 0.003643 0.732637
145.000000 35.765438 1.051248 56.249356 -0.045217 0.678465 0.002812 0.733234
146.000000 36.517393 1.106247 56.301815 -0.043411 0.677262 0.002709 0.734455
147.000000 37.258752 1.161965 56.443655 -0.041205 0.677732 0.003731 0.734145
148.000000 38.022064 1.197731 56.436953 -0.040916 0.675098 0.004430 0.736580
149.000000 38.783559 1.238763 56.525989 -0.038014 0.673688 0.001766 0.738036
150.000000 39.557750 1.288294 56.527756 -0.036819 0.671759 -0.000010 0.739854
151.000000 40.333164 1.329799 56.597837 -0.037075 0.670119 0.001095 0.741326
152.000000 41.110605 1.359283 56.665535 -0.037161 0.668516 0.001531 0.742767
153.000000 41.894044 1.399911 56.743376 -0.036084 0.666886 0.001038 0.744285
154.000000 42.682994 1.420043 56.840598 -0.037469 0.664951 -0.000588 0.745946
155.000000 43.489720 1.466952 56.921069 -0.037057 0.662684 -0.000401 0.747982
156.000000 44.262038 1.498928 57.034602 -0.034615 0.661120 -0.001170 0.749481
157.000000 45.052425 1.525669 57.126815 -0.031638 0.658920 0.000647 0.751547
158.000000 45.856882 1.576309 57.204520 -0.029212 0.655458 0.002414 0.754663
159.000000 46.647881 1.611287 57.428920 -0.027516 0.653775 0.002601 0.756184
160.000000 47.437414 1.618650 57.564631 -0.027967 0.650510 -0.000313 0.758983
161.000000 48.247326 1.662881 57.701085 -0.028329 0.647080 -0.000467 0.761895
162.000000 49.060513 1.693788 57.829032 -0.029423 0.644086 -0.002102 0.764384
163.000000 49.873706 1.728294 57.977735 -0.030423 0.641604 -0.004612 0.766419
164.000000 50.674273 1.727393 58.168234 -0.033720 0.638882 -0.008058 0.768523
165.000000 51.488516 1.764205 58.343287 -0.033889 0.636726 -0.008719 0.770296
166.000000 52.267645 1.788557 58.509179 -0.033363 0.634190 -0.007441 0.772421
167.000000 53.055910 1.820301 58.648990 -0.030971 0.632001 -0.004947 0.774333
168.000000 53.827693 1.858659 58.839972 -0.029186 0.630548 -0.003873 0.775592
169.000000 54.582272 1.879928 59.020708 -0.027559 0.629093 -0.003661 0.776833
170.000000 55.348453 1.886020 59.174795 -0.027267 0.627252 -0.004956 0.778323
171.000000 56.114953 1.912941 59.363032 -0.029777 0.625785 -0.002762 0.779422
172.000000 56.852788 1.958268 59.536046 -0.032810 0.624170 -0.003591 0.780591
173.000000 57.589998 2.003434 59.732887 -0.034456 0.623048 -0.005280 0.781407
174.000000 58.333321 2.050999 59.867451 -0.034272 0.621064 -0.007034 0.782979
175.000000 59.054917 2.071851 60.031183 -0.033706 0.619214 -0.007516 0.784462
176.000000 59.760022 2.099948 60.218395 -0.032338 0.618586 -0.007101 0.785020
177.000000 60.458363 2.117746 60.389802 -0.029667 0.617455 -0.007888 0.786007
178.000000 61.136210 2.104890 60.598349 -0.028280 0.616802 -0.008083 0.786569
179.000000 61.810601 2.129032 60.764752 -0.026054 0.616050 -0.005884 0.787254
180.000000 62.490829 2.143761 60.888888 -0.025614 0.614450 -0.004852 0.788525
181.000000 63.146228 2.165953 61.085881 -0.024496 0.614122 -0.006259 0.788806
182.000000 63.804507 2.183520 61.243007 -0.025093 0.613769 -0.007466 0.789052
183.000000 64.451950 2.200805 61.409071 -0.026316 0.613654 -0.008070 0.789095
184.000000 65.075992 2.206018 61.605446 -0.027032 0.614837 -0.008137 0.788149
185.000000 65.694328 2.214661 61.789216 -0.027133 0.615890 -0.008779 0.787316
186.000000 66.315916 2.235470 61.926455 -0.026018 0.617006 -0.008950 0.786477
187.000000 66.939467 2.243042 62.072742 -0.024378 0.617348 -0.008225 0.786269
188.000000 67.515798 2.238980 62.197673 -0.022852 0.618454 -0.007004 0.785458
189.000000 68.115014 2.234633 62.353660 -0.023364 0.620082 -0.006746 0.784160
190.000000 68.685761 2.271841 62.513345 -0.023516 0.620757 -0.006664 0.783622
191.000000 69.265240 2.293367 62.641174 -0.023899 0.622118 -0.008100 0.782517
192.000000 69.833538 2.302217 62.762390 -0.025799 0.623107 -0.008083 0.781670
193.000000 70.382586 2.296887 62.888335 -0.026997 0.624242 -0.007230 0.780731
194.000000 70.929646 2.317868 62.988262 -0.026572 0.624552 -0.004823 0.780516
195.000000 71.467342 2.359061 63.109152 -0.026483 0.625439 -0.002094 0.779820
196.000000 72.002195 2.373716 63.229105 -0.025672 0.626421 -0.001808 0.779060
197.000000 72.526513 2.401722 63.384581 -0.024105 0.627839 -0.001082 0.777969
198.000000 73.068036 2.405556 63.504186 -0.025854 0.628679 -0.000439 0.777235
199.000000 73.609992 2.447325 63.596329 -0.027169 0.628041 0.001587 0.777704
200.000000 74.144526 2.462915 63.742788 -0.029123 0.627798 0.003093 0.777825
201.000000 74.684720 2.477643 63.886807 -0.030064 0.627100 0.003911 0.778349
202.000000 75.237761 2.474731 64.003220 -0.030186 0.625215 0.002128 0.779866
203.000000 75.788348 2.493440 64.109716 -0.029863 0.622461 0.001920 0.782078
204.000000 76.350033 2.509807 64.222271 -0.031333 0.619136 0.002719 0.784653
205.000000 76.925248 2.545355 64.361596 -0.031158 0.615884 0.002504 0.787216
206.000000 77.482516 2.545770 64.510825 -0.033021 0.612691 0.002282 0.789629
207.000000 78.039797 2.568324 64.680616 -0.032518 0.609121 0.000569 0.792410
208.000000 78.625109 2.599848 64.863271 -0.032668 0.606072 0.000510 0.794738
209.000000 79.184068 2.637062 65.046430 -0.029676 0.602844 -0.000431 0.797307
210.000000 79.779709 2.671346 65.244983 -0.028059 0.599141 -0.001098 0.800151
211.000000 80.370265 2.688115 65.440971 -0.026417 0.594853 -0.001729 0.803398
212.000000 80.964690 2.719262 65.663308 -0.024892 0.591094 -0.001994 0.806216
213.000000 81.583358 2.732290 65.841721 -0.024284 0.586731 -0.002505 0.809414
214.000000 82.198517 2.783472 66.087094 -0.022677 0.582860 -0.003093 0.812250
215.000000 82.826026 2.811126 66.340827 -0.020766 0.578941 -0.005207 0.815088
216.000000 83.492456 2.837108 66.555392 -0.022788 0.573229 -0.006163 0.819055
217.000000 84.142528 2.869116 66.837862 -0.025925 0.568978 -0.005596 0.821925
218.000000 84.815804 2.883975 67.103112 -0.028678 0.564382 -0.005686 0.824996
219.000000 85.501916 2.881434 67.370730 -0.031557 0.559037 -0.006350 0.828518
220.000000 86.201818 2.915254 67.651832 -0.033403 0.554743 -0.003355 0.831344
221.000000 86.894042 2.944573 67.954832 -0.037050 0.551217 -0.001614 0.833537
222.000000 87.609856 2.997775 68.265966 -0.041157 0.548534 0.000224 0.835114
223.000000 88.326710 3.034426 68.566948 -0.044315 0.545000 0.002406 0.837261
224.000000 89.055910 3.059729 68.845682 -0.044577 0.541270 0.003169 0.839661
225.000000 89.765955 3.106667 69.152054 -0.041518 0.537534 0.005803 0.842199
226.000000 90.478777 3.172947 69.476918 -0.039294 0.534249 0.008741 0.844368
227.000000 91.179926 3.242491 69.810686 -0.037734 0.531483 0.008726 0.846183
228.000000 91.871232 3.280103 70.147493 -0.036355 0.528459 0.004824 0.848166
229.000000 92.536590 3.318004 70.521551 -0.034175 0.527106 0.002698 0.849108
230.000000 93.204682 3.356565 70.866535 -0.033168 0.525240 0.003766 0.850299
231.000000 93.883844 3.383675 71.198374 -0.031576 0.522562 0.003608 0.852009
232.000000 94.523608 3.429533 71.536246 -0.029097 0.520922 0.002156 0.853105
233.000000 95.169190 3.474690 71.888233 -0.029007 0.519234 0.000439 0.854140
234.000000 95.826831 3.503104 72.221515 -0.030662 0.517617 0.000190 0.855063
235.000000 96.463307 3.529023 72.524228 -0.031937 0.515188 -0.000781 0.856482
236.000000 97.091885 3.581422 72.880583 -0.031907 0.513408 -0.000994 0.857551
237.000000 97.685546 3.601275 73.192581 -0.031101 0.511607 -0.001518 0.858655
238.000000 98.286324 3.610830 73.506785 -0.030891 0.510160 -0.001826 0.859523
239.000000 98.886132 3.623839 73.813258 -0.031902 0.508633 -0.001276 0.860391
240.000000 99.461480 3.636984 74.142201 -0.032926 0.508340 -0.000497 0.860526
241.000000 100.026357 3.682071 74.470918 -0.031653 0.508231 -0.000977 0.860638
242.000000 100.598923 3.714728 74.769503 -0.032092 0.506885 -0.000834 0.861416
243.000000 101.138465 3.714272 75.100620 -0.031305 0.505807 -0.002011 0.862076
244.000000 101.688109 3.740657 75.382465 -0.031242 0.503907 -0.000267 0.863193
245.000000 102.229295 3.760260 75.678624 -0.031739 0.502297 0.000286 0.864113
246.000000 102.747476 3.779531 75.992575 -0.032620 0.501362 0.001052 0.864622
247.000000 103.257339 3.817850 76.307359 -0.032623 0.500677 0.001831 0.865017
248.000000 103.774000 3.851395 76.590556 -0.033011 0.498494 0.002888 0.866260
249.000000 104.285340 3.874278 76.876177 -0.033485 0.496112 0.002655 0.867608
250.000000 104.788417 3.898058 77.163615 -0.033265 0.494194 0.002864 0.868710
251.000000 105.279680 3.932979 77.467027 -0.032640 0.492509 0.002980 0.869690
252.000000 105.770776 3.966179 77.773730 -0.032150 0.491400 0.004315 0.870329
253.000000 106.270730 3.982058 78.060190 -0.030487 0.488548 0.003796 0.871996
254.000000 106.745091 3.971366 78.366935 -0.027894 0.485900 0.001885 0.873567
255.000000 107.206650 3.998180 78.713536 -0.023798 0.484139 0.000925 0.874667
256.000000 107.670248 4.006061 79.044468 -0.020980 0.481096 -0.000502 0.876417
257.000000 108.144910 4.003337 79.374727 -0.019198 0.477730 -0.002155 0.878294
258.000000 108.615510 4.017860 79.728064 -0.019101 0.475914 -0.004067 0.879275
259.000000 109.081093 4.050278 80.109571 -0.019520 0.474347 -0.007193 0.880092
260.000000 109.585325 4.083370 80.457014 -0.021310 0.470178 -0.010304 0.882254
261.000000 110.110044 4.068361 80.794534 -0.022934 0.466396 -0.015298 0.884146
262.000000 110.626230 4.073848 81.158207 -0.023893 0.462320 -0.017304 0.886222
263.000000 111.135097 4.087328 81.531853 -0.021745 0.458498 -0.019131 0.888223
264.000000 111.641837 4.102936 81.932579 -0.020124 0.455103 -0.019673 0.889994
265.000000 112.152112 4.093395 82.346398 -0.018717 0.452032 -0.021093 0.891556
266.000000 112.700181 4.118252 82.745622 -0.017279 0.447971 -0.020806 0.893639
267.000000 113.226780 4.116474 83.197590 -0.016745 0.444849 -0.022997 0.895154
268.000000 113.774715 4.127973 83.644881 -0.015904 0.441667 -0.024969 0.896690
269.000000 114.333667 4.114123 84.103175 -0.017111 0.437221 -0.025452 0.898831
270.000000 114.880433 4.138936 84.591462 -0.017722 0.433055 -0.024589 0.900858
271.000000 115.453638 4.137628 85.064711 -0.017659 0.428658 -0.024602 0.902959
272.000000 116.034089 4.136121 85.540476 -0.016930 0.423659 -0.027216 0.905255
273.000000 116.616609 4.115053 86.039194 -0.016881 0.418825 -0.028433 0.907465
274.000000 117.180833 4.120133 86.580808 -0.016495 0.414720 -0.028233 0.909362
275.000000 117.716534 4.123825 87.170006 -0.016904 0.413630 -0.028299 0.909848
276.000000 118.277045 4.109784 87.752064 -0.017784 0.412829 -0.028033 0.910203
277.000000 118.945575 4.131243 88.256821 -0.018056 0.408844 -0.025545 0.912068
278.000000 119.545419 4.114111 88.798677 -0.019578 0.406953 -0.024049 0.912922
279.000000 120.204639 4.123757 89.341141 -0.021695 0.405324 -0.020757 0.913680
280.000000 120.832797 4.150951 89.927395 -0.023473 0.403934 -0.018837 0.914293
281.000000 121.461164 4.179146 90.500771 -0.025787 0.402509 -0.016430 0.914905
282.000000 122.119606 4.207836 91.062793 -0.026047 0.399991 -0.016484 0.916001
283.000000 122.754385 4.232011 91.649464 -0.025032 0.397485 -0.016595 0.917117
284.000000 123.381879 4.263575 92.286143 -0.023012 0.395547 -0.018538 0.917970
285.000000 124.010990 4.290617 92.886115 -0.022424 0.393007 -0.020492 0.919033
286.000000 124.661758 4.297135 93.496247 -0.024652 0.390599 -0.021151 0.919988
287.000000 125.278442 4.333101 94.152279 -0.026196 0.390273 -0.024149 0.920010
288.000000 125.887075 4.352372 94.820633 -0.029502 0.389361 -0.024621 0.920283
289.000000 126.542616 4.373204 95.438758 -0.031354 0.385014 -0.023913 0.922068
290.000000 127.181870 4.394396 96.077892 -0.031720 0.382908 -0.020397 0.923016
291.000000 127.802248 4.440005 96.723802 -0.030218 0.380578 -0.014496 0.924141
292.000000 128.421929 4.488310 97.400125 -0.026783 0.378696 -0.010871 0.925070
293.000000 129.061777 4.496689 98.028071 -0.026199 0.374511 -0.009344 0.926805
294.000000 129.672747 4.535116 98.717917 -0.027966 0.371627 -0.008900 0.927918
295.000000 130.320582 4.537776 99.382318 -0.031231 0.366607 -0.007330 0.929823
296.000000 130.926762 4.590368 100.080323 -0.031306 0.363959 -0.004776 0.930877
297.000000 131.500485 4.620325 100.808355 -0.029340 0.363486 -0.002768 0.931134
298.000000 132.073883 4.652618 101.538945 -0.028694 0.362256 -0.002233 0.931634
299.000000 132.682694 4.687098 102.254824 -0.029421 0.360730 -0.001812 0.932204
300.000000 133.342439 4.731975 102.924137 -0.031769 0.357529 -0.000860 0.933361
301.000000 133.999510 4.774351 103.623671 -0.033983 0.356020 -0.000134 0.933860
302.000000 134.579632 4.824616 104.341082 -0.035868 0.358093 0.000435 0.932997
303.000000 135.194608 4.873151 105.055161 -0.036857 0.358427 0.000306 0.932830
304.000000 135.840421 4.930291 105.742744 -0.037324 0.358060 -0.000566 0.932952
305.000000 136.470982 4.979847 106.452930 -0.036490 0.358103 -0.000883 0.932968
306.000000 137.134610 5.026311 107.153983 -0.035148 0.358162 -0.002972 0.932993
307.000000 137.735186 5.069572 107.855081 -0.033490 0.360184 -0.004894 0.932267
308.000000 138.348965 5.114392 108.560686 -0.032838 0.361072 -0.007038 0.931933
309.000000 138.991338 5.172141 109.263356 -0.032735 0.362724 -0.007200 0.931294
310.000000 139.619755 5.236155 109.959352 -0.032552 0.364274 -0.006975 0.930696
311.000000 140.285554 5.292487 110.607225 -0.033400 0.365301 -0.007795 0.930257
312.000000 140.921519 5.327215 111.289805 -0.035199 0.367707 -0.005642 0.929258
313.000000 141.549315 5.351172 111.958475 -0.032890 0.369653 -0.005284 0.928573
314.000000 142.176307 5.384955 112.621470 -0.027650 0.371562 -0.006329 0.927975
315.000000 142.842942 5.422309 113.255565 -0.024163 0.373415 -0.006238 0.927329
316.000000 143.508059 5.460026 113.911704 -0.025469 0.375106 -0.007846 0.926599
317.000000 144.148894 5.489633 114.555368 -0.027241 0.376580 -0.009831 0.925931
318.000000 144.808239 5.525263 115.214158 -0.028668 0.378227 -0.011322 0.925200
319.000000 145.425178 5.569159 115.855798 -0.027888 0.380771 -0.011578 0.924176
320.000000 146.069947 5.606946 116.492082 -0.028094 0.382719 -0.010429 0.923379
321.000000 146.698132 5.659442 117.158465 -0.026453 0.386144 -0.008483 0.922020
322.000000 147.349961 5.698003 117.774599 -0.025576 0.388259 -0.006157 0.921175
323.000000 148.026834 5.719584 118.343655 -0.025020 0.388786 -0.004224 0.920979
324.000000 148.667815 5.739105 118.970668 -0.025053 0.391569 -0.005171 0.919793
325.000000 149.308394 5.769325 119.603321 -0.024895 0.394414 -0.005836 0.918577
326.000000 149.962958 5.800764 120.228746 -0.024582 0.398603 -0.004968 0.916781
327.000000 150.630929 5.831161 120.828214 -0.023263 0.402118 -0.006511 0.915269
328.000000 151.302830 5.883809 121.432941 -0.018786 0.405844 -0.006739 0.913724
329.000000 151.990304 5.896221 122.019233 -0.016073 0.408772 -0.007046 0.912468
330.000000 152.665955 5.914228 122.644909 -0.014707 0.413532 -0.006242 0.910349
331.000000 153.361376 5.929947 123.242662 -0.018281 0.417121 -0.007995 0.908632
332.000000 154.086916 5.960319 123.829119 -0.021986 0.419780 -0.011761 0.907283
333.000000 154.809740 5.968572 124.417198 -0.025343 0.424105 -0.012653 0.905170
334.000000 155.531793 6.002916 125.012545 -0.025055 0.428687 -0.015191 0.902978
335.000000 156.263196 6.043699 125.606678 -0.023621 0.433576 -0.013260 0.900710
336.000000 157.027060 6.053217 126.184582 -0.023113 0.437380 -0.010664 0.898916
337.000000 157.758178 6.062945 126.738938 -0.018900 0.441401 -0.007216 0.897082
338.000000 158.482139 6.089333 127.320387 -0.018140 0.446279 -0.004552 0.894698
339.000000 159.276440 6.102596 127.878973 -0.020382 0.449977 -0.003604 0.892800
340.000000 160.029120 6.146961 128.424968 -0.022415 0.454256 -0.002193 0.890586
341.000000 160.793344 6.182385 128.937910 -0.022372 0.457924 -0.002933 0.888705
342.000000 161.551738 6.195412 129.469585 -0.021927 0.461751 -0.003732 0.886731
343.000000 162.331592 6.243070 129.970403 -0.022455 0.464353 -0.001567 0.885364
344.000000 163.063137 6.289836 130.521279 -0.025005 0.468058 -0.000461 0.883344
345.000000 163.838134 6.305372 130.987106 -0.026901 0.469793 -0.000339 0.882367
346.000000 164.568508 6.329929 131.507049 -0.027545 0.472272 -0.001245 0.881022
347.000000 165.316848 6.360856 131.969543 -0.026331 0.473878 -0.000450 0.880196
348.000000 166.065841 6.389424 132.457727 -0.024687 0.475558 0.000761 0.879338
349.000000 166.763892 6.414854 132.941779 -0.021584 0.477770 0.001372 0.878219
350.000000 167.475771 6.449825 133.394971 -0.020812 0.479639 0.001477 0.877218
351.000000 168.188009 6.483818 133.858000 -0.023739 0.480997 0.000887 0.876400
352.000000 168.906004 6.526164 134.301872 -0.028116 0.481374 0.001412 0.876063
353.000000 169.626082 6.546018 134.718221 -0.031339 0.482185 0.003271 0.875503
354.000000 170.311774 6.590984 135.163677 -0.032241 0.483635 0.006754 0.874649
355.000000 170.984634 6.635566 135.609504 -0.031359 0.484898 0.008665 0.873965
356.000000 171.671924 6.661641 136.008512 -0.027546 0.485361 0.008632 0.873837
357.000000 172.337231 6.690867 136.427863 -0.022881 0.486655 0.009875 0.873239
358.000000 173.012198 6.757722 136.844342 -0.021367 0.487971 0.013650 0.872491
359.000000 173.663153 6.782446 137.244890 -0.024575 0.489484 0.011174 0.871594
360.000000 174.343209 6.813599 137.632844 -0.028519 0.489978 0.004309 0.871257
361.000000 174.986445 6.828255 138.052858 -0.030947 0.491516 -0.001362 0.870318
362.000000 175.637362 6.875069 138.424144 -0.029130 0.492893 -0.000694 0.869602
363.000000 176.265634 6.914276 138.812757 -0.027329 0.494950 0.001357 0.868491
364.000000 176.899132 6.932421 139.184552 -0.026208 0.496256 0.002158 0.867778
365.000000 177.542934 6.967186 139.517940 -0.026431 0.497181 0.001852 0.867242
366.000000 178.162528 7.004821 139.874921 -0.026698 0.498573 0.001611 0.866435
367.000000 178.768947 7.002731 140.228218 -0.027415 0.499463 0.000428 0.865901
368.000000 179.378833 7.010406 140.575594 -0.027471 0.500915 0.000948 0.865060
369.000000 179.951238 7.016267 140.955240 -0.026995 0.504669 0.000944 0.862890
370.000000 180.535509 7.032805 141.292598 -0.026286 0.507287 0.001031 0.861376
371.000000 181.110323 7.044410 141.632535 -0.025886 0.510016 0.001407 0.859774
372.000000 181.708046 7.063223 141.911181 -0.024887 0.511732 0.002853 0.858780
373.000000 182.291488 7.079390 142.215420 -0.023093 0.514583 0.003803 0.857121
374.000000 182.874358 7.074939 142.517070 -0.022457 0.517418 0.005385 0.855421
375.000000 183.460458 7.079961 142.834733 -0.021585 0.520700 0.004772 0.853454
376.000000 184.070086 7.110828 143.106729 -0.019743 0.523530 0.002253 0.851776
377.000000 184.686615 7.130700 143.387109 -0.018869 0.525986 0.000646 0.850283
378.000000 185.303286 7.157445 143.678755 -0.017555 0.528373 0.001053 0.848830
379.000000 185.897667 7.211183 144.023339 -0.015112 0.532589 0.001243 0.846238
380.000000 186.523067 7.209077 144.320176 -0.012481 0.536376 0.000075 0.843887
381.000000 187.160075 7.209327 144.608016 -0.010911 0.539427 -0.000115 0.841962
382.000000 187.805556 7.220542 144.893274 -0.009223 0.543029 -0.000325 0.839663
383.000000 188.471581 7.221336 145.159247 -0.007868 0.544914 0.000011 0.838455
384.000000 189.135867 7.253264 145.460032 -0.005853 0.547945 0.000006 0.836494
385.000000 189.836151 7.251127 145.680297 -0.005844 0.549888 0.001398 0.835217
386.000000 190.525593 7.246976 145.972124 -0.006416 0.553556 0.001650 0.832785
387.000000 191.219844 7.250308 146.281812 -0.007941 0.558447 0.001433 0.829501
388.000000 191.916499 7.281229 146.612291 -0.008011 0.562013 -0.000399 0.827090
389.000000 192.649820 7.295605 146.893021 -0.009668 0.564962 -0.000926 0.825060
390.000000 193.418715 7.291835 147.156713 -0.012501 0.567204 0.000070 0.823482
391.000000 194.157002 7.295953 147.469006 -0.015726 0.571017 -0.002364 0.820784
392.000000 194.918719 7.313196 147.775001 -0.017863 0.573951 -0.003587 0.818687
393.000000 195.705424 7.319204 148.045897 -0.018429 0.576461 -0.001707 0.816915
394.000000 196.503901 7.328982 148.279277 -0.016565 0.577381 0.003834 0.816298
395.000000 197.285412 7.343768 148.531792 -0.012737 0.578966 0.009831 0.815193
396.000000 198.089243 7.387244 148.803040 -0.009345 0.580350 0.014127 0.814191
397.000000 198.924601 7.410530 149.057888 -0.012961 0.581741 0.016361 0.813106
398.000000 199.762520 7.448803 149.363186 -0.016589 0.584717 0.016537 0.810899
399.000000 200.633306 7.457801 149.636108 -0.021048 0.587229 0.017452 0.808959
400.000000 201.475330 7.498366 149.894609 -0.017100 0.588833 0.017148 0.807892
401.000000 202.304266 7.536931 150.177599 -0.011979 0.591207 0.017173 0.806248
402.000000 203.193037 7.564032 150.432533 -0.010669 0.591934 0.016478 0.805747
403.000000 204.047550 7.584236 150.700684 -0.012193 0.593875 0.013355 0.804354
404.000000 204.922933 7.600119 150.977199 -0.012752 0.596273 0.010993 0.802605
405.000000 205.799808 7.620301 151.247215 -0.011973 0.598795 0.010892 0.800739
406.000000 206.691259 7.644783 151.486710 -0.010256 0.600439 0.012128 0.799513
407.000000 207.585534 7.686114 151.744976 -0.009196 0.602556 0.012953 0.797918
408.000000 208.482082 7.697093 152.026960 -0.010238 0.605399 0.014054 0.795732
409.000000 209.400756 7.734472 152.255838 -0.010293 0.606291 0.014428 0.795045
410.000000 210.319729 7.771588 152.504154 -0.010107 0.607658 0.015007 0.793993
411.000000 211.246298 7.793592 152.724723 -0.010764 0.608865 0.015391 0.793052
412.000000 212.172203 7.805295 152.978614 -0.011342 0.610244 0.014130 0.792006
413.000000 213.099409 7.823900 153.234750 -0.012364 0.611395 0.013365 0.791116
414.000000 214.030415 7.847213 153.470284 -0.012377 0.612167 0.012407 0.790534
415.000000 214.959653 7.868398 153.699071 -0.010447 0.612554 0.011522 0.790276
416.000000 215.887093 7.895780 153.931278 -0.009310 0.612618 0.010920 0.790249
417.000000 216.820100 7.905963 154.141840 -0.009450 0.612900 0.011644 0.790018
418.000000 217.750565 7.924800 154.393434 -0.009534 0.613428 0.011644 0.789607
419.000000 218.681259 7.943629 154.605777 -0.012267 0.613525 0.010571 0.789509
420.000000 219.613912 7.952545 154.806994 -0.013794 0.613583 0.011408 0.789427
421.000000 220.546045 7.969704 155.029957 -0.013242 0.614122 0.011850 0.789011
422.000000 221.478925 7.997688 155.261378 -0.009751 0.615299 0.014164 0.788106
423.000000 222.383098 8.012545 155.486809 -0.009823 0.616069 0.015559 0.787477
424.000000 223.285911 8.019344 155.762236 -0.008246 0.617946 0.014366 0.786046
425.000000 224.226069 8.042967 156.015897 -0.009096 0.619757 0.011547 0.784656
426.000000 225.119573 8.063894 156.234055 -0.010518 0.621302 0.009275 0.783446
427.000000 226.056640 8.067270 156.450284 -0.012466 0.622872 0.008258 0.782181
428.000000 226.955809 8.075713 156.670831 -0.011611 0.624737 0.007076 0.780717
429.000000 227.870193 8.106268 156.871761 -0.010369 0.626227 0.007263 0.779538
430.000000 228.795756 8.113612 157.041733 -0.011260 0.627024 0.008255 0.778875
431.000000 229.717514 8.129613 157.237248 -0.011085 0.628066 0.007583 0.778044
432.000000 230.648888 8.146577 157.429746 -0.011454 0.629330 0.007126 0.777021
433.000000 231.577555 8.163484 157.609152 -0.011925 0.630427 0.006616 0.776128
434.000000 232.492947 8.162302 157.796967 -0.010846 0.631828 0.005728 0.775011
435.000000 233.416267 8.158969 157.961675 -0.010232 0.632683 0.004870 0.774328
436.000000 234.346648 8.169896 158.136223 -0.009674 0.633653 0.003633 0.773548
437.000000 235.255050 8.170624 158.329618 -0.008455 0.635248 0.003043 0.772256
438.000000 236.163950 8.203023 158.515317 -0.005082 0.636789 0.002457 0.771017
439.000000 237.071201 8.199143 158.683480 -0.002419 0.638053 0.002811 0.769984
440.000000 237.985333 8.174449 158.852746 -0.002060 0.639153 0.003006 0.769071
441.000000 238.901487 8.165195 159.017618 -0.002914 0.640214 0.001846 0.768189
442.000000 239.810412 8.141601 159.216965 -0.004877 0.641338 0.001145 0.767242
443.000000 240.722731 8.125494 159.379637 -0.006901 0.642753 0.000708 0.766042
444.000000 241.628217 8.113445 159.537640 -0.008182 0.644131 0.001467 0.764870
445.000000 242.535891 8.121409 159.684710 -0.007973 0.645563 0.001823 0.763663
446.000000 243.435264 8.117711 159.828981 -0.007178 0.646654 0.002028 0.762747
447.000000 244.332232 8.106547 159.952199 -0.006859 0.647644 0.003328 0.761905
448.000000 245.234534 8.111217 160.098751 -0.011627 0.650090 0.005862 0.759746
449.000000 246.138051 8.122110 160.211380 -0.013906 0.650956 0.003498 0.758980
450.000000 247.035827 8.118350 160.329443 -0.014396 0.652907 0.004212 0.757290
451.000000 247.924334 8.130769 160.421237 -0.010478 0.653980 0.009919 0.756374
452.000000 248.799846 8.132700 160.566770 -0.006850 0.656026 0.014201 0.754573
453.000000 249.694371 8.156251 160.663020 -0.004571 0.657443 0.014313 0.753354
454.000000 250.583800 8.139657 160.821143 -0.005782 0.659811 0.010565 0.751335
455.000000 251.472712 8.139047 160.968258 -0.007775 0.662088 0.006986 0.749353
456.000000 252.363790 8.126560 161.064133 -0.009885 0.663542 0.005071 0.748056
457.000000 253.245976 8.130173 161.153831 -0.008435 0.665497 0.003148 0.746346
458.000000 254.128781 8.126496 161.232973 -0.007493 0.667728 -0.000429 0.744368
459.000000 255.006736 8.113198 161.355423 -0.007955 0.671051 -0.004227 0.741357
460.000000 255.887572 8.117603 161.406865 -0.009101 0.672930 -0.005075 0.739633
461.000000 256.759988 8.123961 161.471055 -0.009227 0.675232 -0.003238 0.737541
462.000000 257.631050 8.122365 161.526049 -0.008722 0.677538 -0.000509 0.735436
463.000000 258.500798 8.141591 161.550878 -0.007908 0.679413 0.000962 0.733713
464.000000 259.373965 8.159517 161.611857 -0.007973 0.681985 0.000007 0.731323
465.000000 260.247034 8.152387 161.682824 -0.009031 0.684003 -0.000880 0.729423
466.000000 261.118666 8.151970 161.700488 -0.010966 0.685750 0.000243 0.727754
467.000000 261.986898 8.168058 161.679254 -0.010077 0.687001 0.001783 0.726584
468.000000 262.846924 8.171731 161.746533 -0.008469 0.688872 0.002182 0.724830
469.000000 263.713402 8.171817 161.776116 -0.008771 0.689825 0.003396 0.723915
470.000000 264.579117 8.177686 161.843202 -0.010559 0.691119 0.003742 0.722654
471.000000 265.447197 8.183928 161.859121 -0.011869 0.691429 0.003275 0.722340
472.000000 266.311487 8.190275 161.872456 -0.013255 0.692011 0.003476 0.721757
473.000000 267.174718 8.171095 161.928448 -0.015478 0.693112 0.004202 0.720651
474.000000 268.033505 8.153854 161.973740 -0.017559 0.693569 0.006488 0.720147
475.000000 268.890347 8.155267 161.999277 -0.018651 0.693649 0.008238 0.720025
476.000000 269.742724 8.191547 162.037673 -0.018221 0.694089 0.009670 0.719593
477.000000 270.590890 8.200392 162.019032 -0.019235 0.693092 0.010876 0.720510
478.000000 271.441870 8.229043 162.065008 -0.019625 0.692971 0.011287 0.720610
479.000000 272.248407 8.232690 162.111514 -0.021802 0.692558 0.012410 0.720925
480.000000 273.064519 8.272373 162.175464 -0.021684 0.692647 0.011571 0.720857
481.000000 273.871885 8.298586 162.225946 -0.022786 0.691761 0.010849 0.721685
482.000000 274.677616 8.354005 162.238207 -0.023975 0.690104 0.010817 0.723232
483.000000 275.462233 8.382198 162.284650 -0.025631 0.688915 0.009723 0.724324
484.000000 276.238028 8.409822 162.349045 -0.025192 0.688057 0.007268 0.725183
485.000000 277.000960 8.439857 162.411266 -0.023460 0.686831 0.005645 0.726417
486.000000 277.751899 8.455933 162.491581 -0.022642 0.685631 0.005162 0.727579
487.000000 278.496195 8.471021 162.531640 -0.023792 0.684061 0.005581 0.729016
488.000000 279.237968 8.478902 162.575381 -0.025333 0.683000 0.005097 0.729961
489.000000 279.952060 8.501180 162.677970 -0.025191 0.682414 0.002445 0.730527
490.000000 280.666411 8.501945 162.742689 -0.025387 0.681047 0.000481 0.731800
491.000000 281.353256 8.499432 162.807240 -0.026193 0.679777 0.001852 0.732949
492.000000 282.027232 8.499303 162.876897 -0.026592 0.678144 0.002273 0.734444
493.000000 282.690901 8.515106 162.943180 -0.025571 0.677169 0.002960 0.735377
494.000000 283.344631 8.539947 162.992447 -0.024028 0.675130 0.003638 0.737299
495.000000 283.983374 8.580351 163.057257 -0.022407 0.674353 0.003109 0.738063
496.000000 284.608701 8.597020 163.136762 -0.021765 0.672882 0.003155 0.739422
497.000000 285.227884 8.592122 163.161123 -0.021836 0.671085 0.002947 0.741053
498.000000 285.828368 8.573520 163.238251 -0.023333 0.669952 0.003334 0.742030
499.000000 286.425180 8.597929 163.326173 -0.022005 0.669502 0.003250 0.742477
500.000000 286.985938 8.618493 163.416395 -0.019749 0.668935 0.003800 0.743049
501.000000 287.562549 8.628913 163.473350 -0.019354 0.667602 0.003227 0.744260
502.000000 288.118537 8.636110 163.572115 -0.018818 0.666885 0.001851 0.744921
503.000000 288.666499 8.648915 163.654427 -0.018395 0.665538 0.001271 0.746136
504.000000 289.206310 8.662719 163.704608 -0.018379 0.663752 0.001698 0.747725
505.000000 289.736750 8.661816 163.756349 -0.017745 0.661931 0.001357 0.749354
506.000000 290.256942 8.664697 163.823149 -0.017838 0.660810 0.002041 0.750338
507.000000 290.767646 8.692443 163.878611 -0.016891 0.659571 0.003015 0.751446
508.000000 291.266988 8.699292 163.941316 -0.016506 0.658687 0.003360 0.752228
509.000000 291.762309 8.731036 163.985158 -0.015672 0.657115 0.004169 0.753616
510.000000 292.247419 8.736119 164.045644 -0.015452 0.656049 0.005178 0.754543
511.000000 292.734959 8.748037 164.109679 -0.014846 0.655006 0.005699 0.755456
512.000000 293.211997 8.773777 164.217909 -0.014664 0.655285 0.006384 0.755212
513.000000 293.708688 8.773271 164.241782 -0.014746 0.654447 0.006433 0.755937
514.000000 294.205211 8.782865 164.315361 -0.014790 0.655094 0.005504 0.755383
515.000000 294.698762 8.803572 164.427595 -0.014722 0.656209 0.004351 0.754423
516.000000 295.203449 8.809386 164.513240 -0.015073 0.657341 0.004989 0.753426
517.000000 295.714796 8.813463 164.576891 -0.014357 0.658284 0.006799 0.752602
518.000000 296.235015 8.795437 164.641562 -0.015208 0.658653 0.010162 0.752225
519.000000 296.762704 8.825983 164.697230 -0.013896 0.659258 0.013365 0.751670
520.000000 297.301306 8.834676 164.794869 -0.012803 0.660551 0.013885 0.750544
521.000000 297.857462 8.852532 164.848766 -0.012919 0.661012 0.014097 0.750132
522.000000 298.424577 8.875422 164.913379 -0.015504 0.661701 0.014795 0.749461
523.000000 299.003698 8.906778 164.989507 -0.019041 0.662957 0.016541 0.748232
524.000000 299.589794 8.940834 165.051103 -0.019511 0.663774 0.016694 0.747492
525.000000 300.180406 8.958881 165.129780 -0.017425 0.664907 0.016338 0.746544
526.000000 300.782250 8.985406 165.194270 -0.015897 0.665369 0.016068 0.746172
527.000000 301.402154 9.033240 165.251528 -0.017912 0.665731 0.017991 0.745760
528.000000 302.031924 9.060273 165.313092 -0.019829 0.666279 0.018479 0.745210
529.000000 302.675882 9.097815 165.365926 -0.019943 0.666664 0.019746 0.744830
530.000000 303.327464 9.134743 165.440633 -0.017632 0.667360 0.018313 0.744302
531.000000 303.990585 9.155276 165.510822 -0.016574 0.668484 0.018344 0.743315
532.000000 304.662254 9.182537 165.572517 -0.015572 0.668522 0.019151 0.743283
533.000000 305.344351 9.219026 165.651441 -0.015510 0.669501 0.020664 0.742361
534.000000 306.044053 9.259525 165.728153 -0.014738 0.670134 0.018849 0.741854
535.000000 306.744094 9.298993 165.795351 -0.013871 0.670804 0.017537 0.741297
536.000000 307.453601 9.334527 165.873530 -0.012932 0.671683 0.017830 0.740511
537.000000 308.172399 9.354006 165.947835 -0.012501 0.672301 0.021214 0.739869
538.000000 308.893233 9.381759 166.045295 -0.010894 0.673680 0.023643 0.738564
539.000000 309.627990 9.403381 166.139637 -0.009538 0.675142 0.024326 0.737225
540.000000 310.377902 9.425951 166.216463 -0.012478 0.676572 0.024927 0.735848
541.000000 311.140356 9.463065 166.255189 -0.016435 0.676668 0.025184 0.735674
542.000000 311.908203 9.516306 166.304902 -0.018872 0.677132 0.026626 0.735138
543.000000 312.680394 9.565538 166.372083 -0.018848 0.677927 0.027575 0.734370
544.000000 313.460503 9.617560 166.413690 -0.018153 0.677295 0.028591 0.734931
545.000000 314.247555 9.675646 166.486279 -0.017830 0.677646 0.029227 0.734590
546.000000 315.044313 9.770989 166.467410 -0.017306 0.675905 0.029665 0.736188
547.000000 315.852536 9.826758 166.528808 -0.018501 0.675466 0.030049 0.736546
548.000000 316.664018 9.865501 166.602241 -0.019449 0.675260 0.030100 0.736708
549.000000 317.489395 9.910337 166.686077 -0.019633 0.674944 0.029294 0.737026
550.000000 318.314620 9.963146 166.756721 -0.020721 0.674414 0.028543 0.737511
551.000000 319.152066 10.024759 166.836297 -0.021572 0.673677 0.028628 0.738156
552.000000 319.995996 10.070925 166.930321 -0.022659 0.673536 0.028788 0.738246
553.000000 320.847965 10.109645 167.018054 -0.023753 0.673030 0.028868 0.738670
554.000000 321.706499 10.165830 167.082114 -0.023950 0.671437 0.029309 0.740095
555.000000 322.567086 10.223326 167.211253 -0.024373 0.671222 0.029172 0.740281
556.000000 323.447276 10.272166 167.290167 -0.026026 0.670345 0.029973 0.740987
557.000000 324.320716 10.349120 167.410708 -0.026677 0.669436 0.029766 0.741794
558.000000 325.208351 10.407625 167.484875 -0.026864 0.668087 0.030640 0.742967
559.000000 326.099415 10.475493 167.601862 -0.027282 0.667416 0.031383 0.743523
560.000000 326.989977 10.540110 167.733499 -0.026472 0.666940 0.031255 0.743985
561.000000 327.890929 10.623473 167.813123 -0.024429 0.665016 0.030594 0.745802
562.000000 328.791401 10.660752 167.936569 -0.024854 0.664077 0.030656 0.746622
563.000000 329.701011 10.736040 168.023908 -0.023756 0.662441 0.029909 0.748140
564.000000 330.612233 10.790292 168.126521 -0.024937 0.661264 0.030159 0.749132
565.000000 331.524102 10.862984 168.233353 -0.025921 0.660358 0.028994 0.749943
566.000000 332.438300 10.940468 168.337088 -0.026816 0.659101 0.028593 0.751032
567.000000 333.352111 11.007437 168.458673 -0.027081 0.659121 0.028812 0.750996
568.000000 334.268204 11.071276 168.540786 -0.026506 0.657406 0.030301 0.752460
569.000000 335.176328 11.147547 168.703472 -0.025724 0.658103 0.029597 0.751906
570.000000 336.091667 11.202370 168.803787 -0.025813 0.657417 0.027803 0.752571
571.000000 337.001883 11.259170 168.924471 -0.026395 0.657112 0.026391 0.752868
572.000000 337.910585 11.316940 169.035283 -0.024828 0.655864 0.025321 0.754045
573.000000 338.810752 11.364440 169.170705 -0.024672 0.656358 0.025477 0.753615
574.000000 339.715203 11.416753 169.286324 -0.024427 0.656138 0.025703 0.753807
575.000000 340.618515 11.467095 169.408616 -0.023315 0.655663 0.025267 0.754271
576.000000 341.521356 11.519261 169.535499 -0.023387 0.655546 0.025134 0.754375
577.000000 342.418870 11.580912 169.683068 -0.022438 0.655118 0.024680 0.754790
578.000000 343.321088 11.642059 169.807986 -0.022722 0.655028 0.023861 0.754886
579.000000 344.218189 11.695709 169.915797 -0.021438 0.654461 0.023503 0.755426
580.000000 345.106061 11.755677 170.065613 -0.020487 0.654929 0.024767 0.755006
581.000000 345.998421 11.808038 170.189677 -0.021054 0.654656 0.027162 0.755146
582.000000 346.895163 11.864365 170.305413 -0.024076 0.653842 0.027837 0.755735
583.000000 347.790386 11.933799 170.443901 -0.025039 0.653108 0.026585 0.756384
584.000000 348.679308 11.998300 170.572598 -0.025462 0.652484 0.029069 0.756817
585.000000 349.570604 12.073224 170.682069 -0.024417 0.650829 0.033068 0.758111
586.000000 350.462975 12.146116 170.783684 -0.023977 0.648593 0.035747 0.759918
587.000000 351.360094 12.191946 170.898865 -0.025964 0.646622 0.036554 0.761492
588.000000 352.252803 12.253734 171.029057 -0.026806 0.644967 0.036309 0.762876
589.000000 353.146813 12.310670 171.162638 -0.026398 0.643354 0.037758 0.764182
590.000000 354.034116 12.403262 171.316830 -0.026538 0.641891 0.038019 0.765393
591.000000 354.920926 12.491821 171.501753 -0.026500 0.640772 0.036405 0.766409
592.000000 355.815502 12.571429 171.642306 -0.028187 0.638708 0.035202 0.768127
593.000000 356.705271 12.639265 171.826449 -0.028119 0.636890 0.033917 0.769695
594.000000 357.593100 12.715365 172.022373 -0.027228 0.635362 0.032802 0.771037
595.000000 358.489506 12.769109 172.212207 -0.026971 0.633324 0.031354 0.772781
596.000000 359.391516 12.815473 172.350607 -0.027738 0.629451 0.031164 0.775919
597.000000 360.275219 12.884535 172.569228 -0.026231 0.626830 0.030311 0.778125
598.000000 361.161844 12.940611 172.774795 -0.025529 0.624046 0.029524 0.780412
599.000000 362.044453 12.993663 172.997714 -0.025183 0.620428 0.029548 0.783302
600.000000 362.922220 13.059600 173.234528 -0.025289 0.616585 0.029387 0.786333
601.000000 363.794316 13.098184 173.496903 -0.025676 0.613599 0.028623 0.788681
602.000000 364.661700 13.150429 173.762747 -0.025005 0.610453 0.027258 0.791189
603.000000 365.532074 13.198096 174.030028 -0.025275 0.607151 0.026725 0.793735
604.000000 366.400986 13.260164 174.261814 -0.025167 0.603857 0.026482 0.796255
605.000000 367.258815 13.336627 174.544658 -0.024209 0.601761 0.025211 0.797911
606.000000 368.115873 13.376064 174.826308 -0.024845 0.599364 0.024849 0.799705
607.000000 368.981792 13.448534 175.074602 -0.024771 0.597063 0.024767 0.801429
608.000000 369.845034 13.493814 175.344585 -0.025129 0.594952 0.024286 0.803001
609.000000 370.708267 13.554936 175.609247 -0.024552 0.592887 0.023428 0.804570
610.000000 371.577842 13.594566 175.877606 -0.025115 0.590615 0.023529 0.806219
611.000000 372.444483 13.653234 176.157512 -0.025044 0.588798 0.023450 0.807551
612.000000 373.304485 13.678397 176.473147 -0.025884 0.587158 0.022940 0.808733
613.000000 374.169446 13.719938 176.769648 -0.026435 0.585135 0.022470 0.810193
614.000000 375.042670 13.793599 177.048574 -0.026504 0.583488 0.021467 0.811405
615.000000 375.916031 13.853474 177.311724 -0.027942 0.580185 0.021270 0.813727
616.000000 376.769102 13.896866 177.625589 -0.028680 0.579067 0.020185 0.814525
617.000000 377.606300 13.940586 177.948397 -0.029700 0.577408 0.019198 0.815689
618.000000 378.450606 13.992521 178.252840 -0.029898 0.576092 0.019103 0.816615
619.000000 379.277349 14.035180 178.580080 -0.028239 0.574526 0.019172 0.817774
620.000000 380.100579 14.114184 178.893221 -0.025469 0.572879 0.018322 0.819039
621.000000 380.925261 14.156685 179.218815 -0.025238 0.571954 0.017978 0.819700
622.000000 381.746410 14.158057 179.557660 -0.027652 0.571275 0.016442 0.820128
623.000000 382.578977 14.181664 179.845470 -0.028622 0.570237 0.013958 0.820863
624.000000 383.400483 14.207790 180.147797 -0.027597 0.569272 0.012471 0.821591
625.000000 384.209296 14.248678 180.451615 -0.024833 0.568419 0.012520 0.822269
626.000000 385.014354 14.285463 180.767139 -0.023603 0.567939 0.013728 0.822618
627.000000 385.812185 14.345064 181.097150 -0.022192 0.568051 0.011965 0.822607
628.000000 386.618151 14.368615 181.392720 -0.023836 0.567708 0.009671 0.822828
629.000000 387.413783 14.423597 181.715137 -0.024631 0.567694 0.006807 0.822843
630.000000 388.190875 14.472009 182.041396 -0.025245 0.568092 0.005983 0.822556
631.000000 388.976562 14.500634 182.338147 -0.025826 0.567876 0.006878 0.822680
632.000000 389.748740 14.524287 182.658956 -0.025410 0.568588 0.006443 0.822205
633.000000 390.535636 14.562730 182.938076 -0.024997 0.568030 0.006337 0.822604
634.000000 391.332703 14.609575 183.216469 -0.027472 0.568053 0.008669 0.822488
635.000000 392.127985 14.658079 183.495375 -0.028741 0.567736 0.009847 0.822650
636.000000 392.907852 14.692784 183.794695 -0.028166 0.567839 0.010353 0.822593
637.000000 393.677763 14.714291 184.103929 -0.026728 0.568681 0.012452 0.822029
638.000000 394.450303 14.781326 184.411926 -0.023769 0.568966 0.013481 0.821907
639.000000 395.242469 14.791548 184.718526 -0.025118 0.569323 0.012262 0.821639
640.000000 396.044534 14.815002 185.010981 -0.026757 0.569609 0.010911 0.821407
641.000000 396.842963 14.840998 185.322580 -0.026843 0.569612 0.010473 0.821408
642.000000 397.634665 14.871320 185.659029 -0.026461 0.570595 0.011096 0.820731
643.000000 398.453390 14.916558 185.990479 -0.025124 0.571450 0.012502 0.820157
644.000000 399.272663 14.975128 186.250978 -0.024203 0.570999 0.013481 0.820483
645.000000 400.135118 15.041668 186.566217 -0.024776 0.570294 0.013301 0.820959
646.000000 400.942591 15.069455 186.870754 -0.027249 0.570168 0.013233 0.820969
647.000000 401.788944 15.117511 187.167177 -0.027484 0.570237 0.013641 0.820907
648.000000 402.624492 15.169862 187.502220 -0.027792 0.570193 0.015891 0.820887
649.000000 403.454363 15.252561 187.870308 -0.027307 0.570621 0.017361 0.820575
650.000000 404.301109 15.311406 188.178776 -0.028104 0.569966 0.017288 0.821006
651.000000 405.144390 15.369678 188.508996 -0.029186 0.569116 0.019954 0.821497
652.000000 405.996023 15.448262 188.808816 -0.029483 0.568395 0.021669 0.821942
653.000000 406.839225 15.521296 189.142288 -0.029300 0.568393 0.019134 0.822013
654.000000 407.677253 15.581542 189.501988 -0.031344 0.569503 0.016361 0.821228
655.000000 408.520502 15.634593 189.832540 -0.032873 0.569786 0.015223 0.820994
656.000000 409.375068 15.675272 190.129002 -0.032741 0.569312 0.015610 0.821321
657.000000 410.211482 15.723586 190.453376 -0.031760 0.569579 0.016743 0.821152
658.000000 411.044688 15.783062 190.794144 -0.030696 0.570128 0.017124 0.820804
659.000000 411.890281 15.812067 191.113542 -0.032708 0.570790 0.017905 0.820249
660.000000 412.724469 15.892040 191.415215 -0.033619 0.570428 0.017538 0.820472
661.000000 413.559281 15.946221 191.711607 -0.034013 0.569762 0.017225 0.820925
662.000000 414.381726 15.986239 191.999594 -0.033929 0.569178 0.016579 0.821346
663.000000 415.196370 16.029796 192.294039 -0.034846 0.568584 0.016758 0.821716
664.000000 415.999392 16.067715 192.587577 -0.036719 0.569097 0.017344 0.821267
665.000000 416.798787 16.114986 192.889851 -0.038576 0.570116 0.016939 0.820483
666.000000 417.569687 16.142429 193.208281 -0.040623 0.571010 0.017098 0.819759
667.000000 418.339278 16.216881 193.500010 -0.040412 0.571885 0.017332 0.819154
668.000000 419.092059 16.275013 193.803225 -0.039581 0.573037 0.018198 0.818371
669.000000 419.841652 16.336898 194.087629 -0.037018 0.573905 0.019001 0.817864
670.000000 420.590724 16.390617 194.339902 -0.034022 0.573619 0.019730 0.818177
671.000000 421.329500 16.467820 194.618885 -0.031759 0.574428 0.021564 0.817655
672.000000 422.072765 16.486471 194.876713 -0.032952 0.574368 0.022907 0.817613
673.000000 422.807507 16.575884 195.138479 -0.033667 0.575086 0.021451 0.817119
674.000000 423.539271 16.624825 195.410258 -0.035559 0.576055 0.019590 0.816402
675.000000 424.258227 16.663008 195.693651 -0.037023 0.576847 0.019680 0.815776
676.000000 424.975960 16.703365 195.947395 -0.037148 0.576412 0.020242 0.816064
677.000000 425.694422 16.759722 196.189543 -0.036678 0.576300 0.021161 0.816140
678.000000 426.408754 16.805886 196.455704 -0.036169 0.576774 0.021028 0.815832
679.000000 427.116905 16.838085 196.731263 -0.037666 0.577311 0.022282 0.815351
680.000000 427.822995 16.890212 196.994209 -0.037160 0.577317 0.022801 0.815355
681.000000 428.556994 16.951303 197.235970 -0.037149 0.577667 0.023854 0.815078
682.000000 429.252253 17.007906 197.503921 -0.035689 0.578195 0.023654 0.814775
683.000000 429.950654 17.067681 197.809529 -0.035854 0.578988 0.023774 0.814200
684.000000 430.665345 17.120845 198.092566 -0.036124 0.579437 0.023125 0.813888
685.000000 431.383542 17.167701 198.373923 -0.037387 0.580100 0.023452 0.813349
686.000000 432.111747 17.234926 198.621168 -0.037773 0.579199 0.023226 0.813979
687.000000 432.817922 17.281814 198.887802 -0.039134 0.579180 0.022770 0.813941
688.000000 433.501353 17.337886 199.163155 -0.039281 0.578864 0.022117 0.814177
689.000000 434.206305 17.395271 199.392937 -0.039160 0.578122 0.021789 0.814719
690.000000 434.899701 17.466034 199.628929 -0.037319 0.577151 0.020879 0.815517
691.000000 435.585499 17.523177 199.812377 -0.036923 0.576008 0.020953 0.816341
692.000000 436.250993 17.576211 200.032783 -0.037224 0.574764 0.020704 0.817210
693.000000 436.902929 17.638765 200.280360 -0.036736 0.574401 0.019461 0.817517
694.000000 437.552247 17.677866 200.522309 -0.037679 0.574212 0.018881 0.817621
695.000000 438.194002 17.726400 200.696955 -0.038133 0.572240 0.018970 0.818980
696.000000 438.834699 17.748224 200.889331 -0.039335 0.570956 0.019107 0.819815
697.000000 439.464768 17.770072 201.127311 -0.040982 0.571006 0.019844 0.819682
698.000000 440.052882 17.805411 201.331054 -0.042260 0.570023 0.020772 0.820278
699.000000 440.653038 17.858479 201.529858 -0.043444 0.569318 0.021330 0.820691
700.000000 441.247629 17.897056 201.759857 -0.044085 0.569125 0.021920 0.820775
701.000000 441.803261 17.929285 201.971296 -0.044123 0.568550 0.021928 0.821172
702.000000 442.376995 17.987975 202.186721 -0.043647 0.568469 0.021544 0.821263
703.000000 442.877490 18.008840 202.454285 -0.044358 0.569334 0.021367 0.820631
704.000000 443.398477 18.041205 202.701832 -0.044468 0.569858 0.021546 0.820256
705.000000 443.922403 18.078191 202.908918 -0.044828 0.569469 0.020260 0.820539
706.000000 444.437676 18.134178 203.108880 -0.044489 0.569272 0.018827 0.820729
707.000000 444.942711 18.161695 203.315078 -0.045334 0.569047 0.018499 0.820846
708.000000 445.427429 18.216232 203.528723 -0.044598 0.569186 0.018058 0.820800
709.000000 445.907074 18.249410 203.737039 -0.044142 0.569854 0.018816 0.820344
710.000000 446.378342 18.294039 203.902960 -0.042445 0.569387 0.018833 0.820757
711.000000 446.844753 18.308504 204.072605 -0.042187 0.568468 0.019136 0.821400
712.000000 447.304014 18.352028 204.240349 -0.041689 0.568071 0.019627 0.821689
713.000000 447.742942 18.381594 204.410206 -0.042189 0.567796 0.020832 0.821823
714.000000 448.166605 18.404738 204.598982 -0.043319 0.567705 0.021511 0.821810
715.000000 448.584363 18.429676 204.769090 -0.044243 0.568917 0.021278 0.820928
716.000000 448.980078 18.477806 204.957472 -0.043529 0.570449 0.019556 0.819945
717.000000 449.358851 18.529503 205.161935 -0.043052 0.572116 0.019055 0.818820
718.000000 449.740856 18.569580 205.286942 -0.043129 0.572462 0.018629 0.818584
719.000000 450.079441 18.587656 205.494489 -0.043399 0.574709 0.018246 0.817003
720.000000 450.442130 18.610858 205.624952 -0.044044 0.575418 0.018226 0.816470
721.000000 450.794265 18.646588 205.730750 -0.043971 0.574994 0.018311 0.816770
722.000000 451.145574 18.695470 205.834447 -0.044229 0.574766 0.018633 0.816909
723.000000 451.479057 18.727130 205.942309 -0.044103 0.574954 0.018284 0.816791
724.000000 451.793482 18.741128 206.070884 -0.044687 0.575330 0.018205 0.816497
725.000000 452.101583 18.779849 206.178937 -0.044594 0.575653 0.018083 0.816277
726.000000 452.406297 18.811407 206.268385 -0.044146 0.575304 0.017501 0.816560
727.000000 452.701051 18.825434 206.361846 -0.044521 0.575466 0.017622 0.816423
728.000000 452.967815 18.869160 206.487754 -0.043808 0.576766 0.018425 0.815526
729.000000 453.254017 18.891434 206.557066 -0.043721 0.576511 0.019285 0.815691
730.000000 453.527432 18.929950 206.653939 -0.043840 0.576257 0.020001 0.815847
731.000000 453.807425 18.939473 206.722941 -0.044721 0.575604 0.020090 0.816258
732.000000 454.084124 18.966882 206.798397 -0.045050 0.574614 0.019613 0.816948
733.000000 454.339484 19.000110 206.917402 -0.044838 0.574666 0.019266 0.816932
734.000000 454.584530 19.018417 207.053423 -0.044813 0.575546 0.018758 0.816325
735.000000 454.839573 19.046142 207.165477 -0.044324 0.575290 0.017924 0.816551
736.000000 455.102259 19.097408 207.249220 -0.043362 0.574036 0.018132 0.817480
737.000000 455.366743 19.119980 207.340261 -0.043825 0.571839 0.018801 0.818979
738.000000 455.615628 19.149975 207.473407 -0.043805 0.570441 0.018784 0.819954
739.000000 455.880444 19.188232 207.569535 -0.042589 0.566605 0.018473 0.822681
740.000000 456.161949 19.198995 207.665703 -0.042146 0.561919 0.017408 0.825934
741.000000 456.431449 19.225011 207.785435 -0.041903 0.557354 0.017454 0.829033
742.000000 456.679629 19.251898 207.952675 -0.041741 0.553312 0.017275 0.831748
743.000000 456.956121 19.282388 208.092869 -0.041120 0.547467 0.016808 0.835647
744.000000 457.250229 19.305804 208.216400 -0.040413 0.539345 0.015974 0.840963
745.000000 457.541789 19.344440 208.353706 -0.039315 0.530521 0.014915 0.846628
746.000000 457.820262 19.374364 208.496643 -0.038852 0.521465 0.015185 0.852253
747.000000 458.108277 19.357798 208.642774 -0.038227 0.511279 0.014427 0.858443
748.000000 458.391838 19.367128 208.797539 -0.038104 0.501361 0.014883 0.864271
749.000000 458.641603 19.378774 208.978967 -0.037175 0.491992 0.012834 0.869711
750.000000 458.882965 19.404154 209.170916 -0.035121 0.485378 0.011423 0.873524
751.000000 459.135889 19.409617 209.338479 -0.033175 0.481728 0.008837 0.875648
752.000000 459.373937 19.446624 209.506309 -0.032163 0.481786 0.008346 0.875658
753.000000 459.604443 19.486455 209.668016 -0.031313 0.484075 0.008315 0.874426
754.000000 459.822254 19.521249 209.824761 -0.030158 0.489869 0.008112 0.871236
755.000000 460.037433 19.554074 209.982907 -0.029537 0.498346 0.009446 0.866424
756.000000 460.240777 19.573687 210.093178 -0.029800 0.506007 0.010746 0.861948
757.000000 460.492756 19.598080 210.235004 -0.030077 0.515227 0.012725 0.856431
758.000000 460.756679 19.599500 210.286441 -0.030280 0.523434 0.013108 0.851427
759.000000 460.994952 19.623007 210.414396 -0.029848 0.534405 0.014136 0.844583
760.000000 461.251722 19.634313 210.481111 -0.029686 0.543582 0.013824 0.838717
761.000000 461.521179 19.651870 210.567536 -0.029732 0.552519 0.014060 0.832851
762.000000 461.793139 19.676045 210.652594 -0.030212 0.560586 0.015809 0.827394
763.000000 462.068353 19.672702 210.687289 -0.031670 0.566764 0.017440 0.823087
764.000000 462.342640 19.688084 210.770299 -0.032421 0.573419 0.019009 0.818400
765.000000 462.624430 19.689469 210.826238 -0.032654 0.578213 0.018435 0.815024
766.000000 462.882095 19.716711 210.912460 -0.033078 0.583151 0.018275 0.811485
767.000000 463.149284 19.734472 210.976381 -0.034522 0.586728 0.018604 0.808834
768.000000 463.391307 19.741490 211.041151 -0.035512 0.589641 0.018550 0.806671
769.000000 463.628973 19.756601 211.115445 -0.035872 0.590799 0.019337 0.805789
770.000000 463.866802 19.753316 211.191334 -0.036216 0.589961 0.019193 0.806390
771.000000 464.090963 19.791689 211.220385 -0.036529 0.585865 0.021222 0.809307
772.000000 464.303376 19.800173 211.275104 -0.038120 0.581042 0.021738 0.812690
773.000000 464.496601 19.808940 211.378323 -0.038259 0.577010 0.020544 0.815582
774.000000 464.684753 19.824631 211.443657 -0.036940 0.570681 0.018707 0.820127
775.000000 464.842633 19.835479 211.528707 -0.035490 0.565028 0.017091 0.824131
776.000000 464.984353 19.847003 211.639535 -0.034885 0.559942 0.015408 0.827653
777.000000 465.141187 19.865806 211.720673 -0.036030 0.553200 0.014395 0.832144
778.000000 465.265484 19.875040 211.797885 -0.037547 0.546856 0.015298 0.836244
779.000000 465.400041 19.866206 211.848973 -0.039693 0.539996 0.020704 0.840476
780.000000 465.513913 19.854361 211.913293 -0.039738 0.532766 0.024036 0.844987
781.000000 465.521135 19.836823 212.038194 -0.040250 0.531393 0.023599 0.845840
782.000000 465.597500 19.850313 212.132141 -0.038970 0.526070 0.019562 0.849322
783.000000 465.713502 19.878105 212.177901 -0.038521 0.518426 0.016917 0.854087
784.000000 465.802044 19.887882 212.238777 -0.039085 0.512026 0.016034 0.857931
785.000000 465.802044 19.887882 212.238777 -0.039085 0.512026 0.016034 0.857931
786.000000 465.882034 19.900644 212.299374 -0.038766 0.506315 0.015508 0.861337
787.000000 465.882034 19.900644 212.299374 -0.038766 0.506315 0.015508 0.861337
788.000000 465.882034 19.900644 212.299374 -0.038766 0.506315 0.015508 0.861337
789.000000 465.882034 19.900644 212.299374 -0.038766 0.506315 0.015508 0.861337
790.000000 465.882034 19.900644 212.299374 -0.038766 0.506315 0.015508 0.861337
791.000000 465.882034 19.900644 212.299374 -0.038766 0.506315 0.015508 0.861337
792.000000 465.882034 19.900644 212.299374 -0.038766 0.506315 0.015508 0.861337
793.000000 465.882034 19.900644 212.299374 -0.038766 0.506315 0.015508 0.861337
794.000000 465.882034 19.900644 212.299374 -0.038766 0.506315 0.015508 0.861337
795.000000 465.882034 19.900644 212.299374 -0.038766 0.506315 0.015508 0.861337
796.000000 465.882034 19.900644 212.299374 -0.038766 0.506315 0.015508 0.861337
797.000000 465.882034 19.900644 212.299374 -0.038766 0.506315 0.015508 0.861337
798.000000 465.882034 19.900644 212.299374 -0.038766 0.506315 0.015508 0.861337
799.000000 465.882034 19.900644 212.299374 -0.038766 0.506315 0.015508 0.861337
800.000000 465.882034 19.900644 212.299374 -0.038766 0.506315 0.015508 0.861337
