1.000000 0.000000 0.000000 0.000000 0.000807 0.021985 0.000113 0.999758
2.000000 0.000000 0.000000 0.000000 0.003237 0.044375 0.002531 0.999006
3.000000 0.209280 -0.032136 2.985193 0.005760 0.067262 0.002650 0.997715
4.000000 0.356925 -0.070848 3.967096 0.007305 0.091304 0.001836 0.995795
5.000000 0.627491 -0.132575 4.926317 0.006968 0.113279 0.002823 0.993535
6.000000 0.920260 -0.177090 5.873500 0.007572 0.136028 0.003271 0.990671
7.000000 1.203037 -0.221513 6.822491 0.008826 0.159102 0.005524 0.987207
8.000000 1.547725 -0.252760 7.747556 0.009778 0.181670 0.007271 0.983284
9.000000 1.890074 -0.323491 8.670939 0.009920 0.204399 0.007995 0.978805
10.000000 2.313826 -0.372398 9.558632 0.009485 0.227404 0.007213 0.973728
11.000000 2.791024 -0.403852 10.415939 0.009826 0.249771 0.006783 0.968231
12.000000 3.327039 -0.436928 11.235352 0.009856 0.272326 0.007239 0.962127
13.000000 3.865705 -0.480272 12.048253 0.009875 0.295122 0.007393 0.955380
14.000000 4.436560 -0.504294 12.837794 0.010289 0.316986 0.008724 0.948334
15.000000 5.062288 -0.534447 13.574253 0.011543 0.339018 0.008237 0.940673
16.000000 5.710578 -0.545101 14.293632 0.010903 0.361022 0.010056 0.932439
17.000000 6.397838 -0.574553 14.970531 0.011584 0.382238 0.009854 0.923939
18.000000 7.120914 -0.604990 15.602274 0.012945 0.402832 0.010680 0.915120
19.000000 7.888424 -0.658274 16.169792 0.013389 0.423049 0.012446 0.905923
20.000000 8.626525 -0.669093 16.772118 0.014874 0.444364 0.012569 0.895634
21.000000 9.303676 -0.662847 17.441223 0.016464 0.466229 0.014443 0.884393
22.000000 10.123252 -0.679340 17.926889 0.017455 0.485350 0.017382 0.873973
23.000000 10.959311 -0.695356 18.382993 0.018388 0.504583 0.017770 0.862984
24.000000 11.817649 -0.719572 18.813539 0.017787 0.522352 0.019405 0.852324
25.000000 12.707361 -0.795398 19.175890 0.017528 0.539397 0.020166 0.841627
26.000000 13.582393 -0.819541 19.582310 0.018927 0.556656 0.020906 0.830265
27.000000 14.501417 -0.864137 19.911032 0.018874 0.572067 0.019618 0.819755
28.000000 15.436505 -0.867562 20.227511 0.018096 0.586198 0.020236 0.809713
29.000000 16.380672 -0.862190 20.535047 0.019203 0.600361 0.019712 0.799255
30.000000 17.318083 -0.904161 20.859271 0.021514 0.614259 0.018760 0.788588
31.000000 18.298923 -0.899231 21.057053 0.022739 0.626358 0.019493 0.778960
32.000000 19.294569 -0.915351 21.256350 0.022889 0.638463 0.019438 0.769066
33.000000 20.308967 -0.923817 21.416837 0.022849 0.650705 0.019818 0.758728
34.000000 21.334012 -0.934091 21.588362 0.023618 0.662546 0.018188 0.748428
35.000000 22.380114 -0.968684 21.701598 0.023562 0.673782 0.017774 0.738340
36.000000 23.442037 -0.965808 21.771710 0.022791 0.683876 0.018959 0.728996
37.000000 24.519146 -0.979368 21.807373 0.021863 0.693306 0.020499 0.720020
38.000000 25.599561 -0.977794 21.968468 0.021289 0.702401 0.021689 0.711132
39.000000 26.703575 -0.981966 21.971942 0.019453 0.709783 0.023398 0.703763
40.000000 27.819171 -0.981565 21.934901 0.018036 0.716013 0.024280 0.697432
41.000000 28.944133 -1.017571 21.840901 0.016807 0.721132 0.024944 0.692144
42.000000 30.079498 -1.017936 21.844207 0.015977 0.726540 0.025045 0.686482
43.000000 31.219189 -0.978423 21.772936 0.016835 0.731401 0.024416 0.681303
44.000000 32.363759 -0.977654 21.666574 0.016941 0.735092 0.024329 0.677319
45.000000 33.523085 -1.013209 21.603413 0.017527 0.738681 0.025553 0.673343
46.000000 34.699554 -0.994673 21.513958 0.019317 0.741904 0.026839 0.669690
47.000000 35.889079 -0.980655 21.330811 0.019827 0.745045 0.028065 0.666129
48.000000 37.102253 -0.947855 21.143760 0.019183 0.746820 0.029072 0.664114
49.000000 38.353182 -0.911631 21.109947 0.019930 0.749079 0.029356 0.661529
50.000000 39.613492 -0.894106 20.959892 0.020883 0.751305 0.029610 0.658960
51.000000 40.895530 -0.892241 20.777507 0.021377 0.752272 0.029778 0.657832
52.000000 42.206590 -0.887234 20.664051 0.022609 0.754402 0.029466 0.655361
53.000000 43.543566 -0.887203 20.554808 0.022285 0.755803 0.028773 0.653787
54.000000 44.891127 -0.868243 20.338550 0.021185 0.756359 0.028379 0.653198
55.000000 46.245873 -0.857957 20.055556 0.020660 0.756354 0.027946 0.653239
56.000000 47.615177 -0.858623 19.741026 0.019945 0.756577 0.028629 0.652973
57.000000 49.018649 -0.809765 19.501674 0.021343 0.756700 0.028426 0.652796
58.000000 50.455010 -0.816924 19.316797 0.021608 0.757217 0.028594 0.652180
59.000000 51.904338 -0.792897 19.111433 0.021376 0.757197 0.028813 0.652200
60.000000 53.374237 -0.778047 18.887559 0.021396 0.757034 0.029195 0.652373
61.000000 54.866422 -0.739608 18.655419 0.021708 0.756202 0.029567 0.653310
62.000000 56.379300 -0.707742 18.428547 0.021863 0.755665 0.029191 0.653942
63.000000 57.929560 -0.682605 18.361882 0.021537 0.756159 0.030351 0.653329
64.000000 59.475507 -0.648251 18.095749 0.021876 0.754852 0.030966 0.654798
65.000000 61.056459 -0.606592 17.864881 0.021622 0.754337 0.031678 0.655366
66.000000 62.655116 -0.548478 17.642692 0.021710 0.753699 0.032353 0.656064
67.000000 64.272172 -0.529837 17.402147 0.019349 0.753298 0.032408 0.656595
68.000000 65.908757 -0.485565 17.192696 0.018278 0.753103 0.031999 0.656869
69.000000 67.557860 -0.409301 17.020588 0.019267 0.752905 0.033171 0.657011
70.000000 69.222460 -0.380377 16.817565 0.018697 0.752445 0.034549 0.657483
71.000000 70.896955 -0.378888 16.584510 0.018480 0.752027 0.033788 0.658007
72.000000 72.589304 -0.336171 16.381379 0.018952 0.752373 0.033804 0.657596
73.000000 74.296282 -0.283185 16.131986 0.018050 0.751875 0.034288 0.658166
74.000000 76.027681 -0.274878 15.977336 0.017324 0.752631 0.034630 0.657303
75.000000 77.769051 -0.219278 15.763377 0.016419 0.752329 0.035287 0.657637
76.000000 79.518912 -0.154748 15.494804 0.016932 0.751841 0.036175 0.658134
77.000000 81.288687 -0.122162 15.291803 0.017486 0.751941 0.036108 0.658008
78.000000 83.072344 -0.095047 15.080712 0.017816 0.752367 0.036180 0.657509
79.000000 84.863894 -0.055408 14.820670 0.018917 0.752554 0.036117 0.657267
80.000000 86.684128 -0.028665 14.614664 0.018819 0.753731 0.034921 0.655985
81.000000 88.513062 -0.025891 14.385126 0.017621 0.754390 0.034730 0.655270
82.000000 90.355693 0.032604 14.136010 0.018972 0.754390 0.033600 0.655291
83.000000 92.214105 0.034935 13.913221 0.018650 0.755242 0.033965 0.654300
84.000000 94.083326 0.052085 13.629415 0.019632 0.756288 0.033182 0.653101
85.000000 95.966264 0.067686 13.349493 0.019208 0.757281 0.033687 0.651937
86.000000 97.862888 0.096092 13.085551 0.019404 0.758593 0.033277 0.650426
87.000000 99.772247 0.146226 12.842168 0.020881 0.760359 0.032342 0.648361
88.000000 101.685846 0.141294 12.583546 0.021657 0.762095 0.031713 0.646325
89.000000 103.610885 0.108139 12.306735 0.021133 0.764001 0.032324 0.644059
90.000000 105.528542 0.093204 11.933832 0.021086 0.765150 0.032651 0.642677
91.000000 107.467359 0.145285 11.600250 0.021827 0.766604 0.032570 0.640923
92.000000 109.417694 0.193668 11.266292 0.022399 0.768334 0.032419 0.638834
93.000000 111.372996 0.222088 10.897982 0.023407 0.769879 0.031526 0.636981
94.000000 113.346752 0.248359 10.568596 0.024066 0.771514 0.030804 0.635011
95.000000 115.318635 0.282847 10.184963 0.024825 0.773521 0.030914 0.632529
96.000000 117.292667 0.273168 9.774917 0.024306 0.775173 0.031207 0.630510
97.000000 119.282704 0.287688 9.394338 0.024507 0.777653 0.031360 0.627432
98.000000 121.279129 0.338166 8.970140 0.025113 0.779104 0.031525 0.625598
99.000000 123.283943 0.346679 8.543441 0.025207 0.780883 0.031513 0.623373
100.000000 125.282497 0.347145 8.067284 0.026330 0.782189 0.030789 0.621722
101.000000 127.305336 0.364115 7.633117 0.026585 0.783364 0.031143 0.620213
102.000000 129.311816 0.347651 7.105178 0.025099 0.784597 0.030853 0.618729
103.000000 131.362336 0.396181 6.707887 0.024078 0.786108 0.031856 0.616798
104.000000 133.414708 0.390812 6.292445 0.024232 0.788090 0.031127 0.614294
105.000000 135.450401 0.427742 5.754691 0.024230 0.789254 0.032023 0.612752
106.000000 137.490053 0.469511 5.201180 0.024107 0.790175 0.032228 0.611559
107.000000 139.560371 0.500060 4.704356 0.025563 0.791726 0.031839 0.609510
108.000000 141.630626 0.513482 4.213536 0.026877 0.792907 0.031551 0.607932
109.000000 143.688090 0.516228 3.616041 0.027055 0.793956 0.031164 0.606573
110.000000 145.778501 0.480682 3.104441 0.027007 0.795872 0.031150 0.604060
111.000000 147.863410 0.513430 2.560456 0.027272 0.796932 0.031553 0.602628
112.000000 149.979127 0.511287 2.097367 0.028011 0.798566 0.030960 0.600458
113.000000 152.089479 0.517483 1.537932 0.028444 0.799756 0.030696 0.598865
114.000000 154.181822 0.521735 0.923494 0.028037 0.801025 0.030959 0.597172
115.000000 156.298966 0.540880 0.348188 0.028232 0.802734 0.031564 0.594831
116.000000 158.407770 0.563019 -0.280448 0.029452 0.804052 0.031559 0.592989
117.000000 160.513605 0.592617 -0.936168 0.030298 0.804810 0.032045 0.591892
118.000000 162.665838 0.579109 -1.490593 0.030032 0.806102 0.032532 0.590118
119.000000 164.793782 0.622795 -2.149015 0.030817 0.807927 0.032625 0.587571
120.000000 166.942601 0.646867 -2.768285 0.030834 0.809072 0.032606 0.585993
121.000000 169.078285 0.641624 -3.461807 0.030636 0.810250 0.032673 0.584371
122.000000 171.222634 0.639455 -4.160683 0.029772 0.811582 0.033004 0.582545
123.000000 173.360540 0.675092 -4.901401 0.029669 0.812213 0.033290 0.581655
124.000000 175.502065 0.715578 -5.653439 0.029371 0.812245 0.033292 0.581625
125.000000 177.658778 0.745560 -6.395230 0.028543 0.812624 0.033103 0.581147
126.000000 179.852391 0.776227 -7.041658 0.029248 0.813677 0.033230 0.579630
127.000000 181.996466 0.779610 -7.858372 0.029835 0.813425 0.033771 0.579922
128.000000 184.186724 0.813613 -8.576795 0.031291 0.815185 0.034348 0.577334
129.000000 186.356788 0.832219 -9.382639 0.031868 0.815868 0.034628 0.576319
130.000000 188.538085 0.859914 -10.169985 0.032911 0.816660 0.034637 0.575138
131.000000 190.752941 0.833450 -10.875719 0.032505 0.819033 0.034251 0.571800
132.000000 192.921124 0.871843 -11.761965 0.032901 0.818848 0.034196 0.572046
133.000000 195.111650 0.884675 -12.610832 0.033473 0.819872 0.032980 0.570615
134.000000 197.310766 0.885241 -13.446562 0.032925 0.821053 0.032450 0.568977
135.000000 199.537192 0.881031 -14.251439 0.033746 0.822503 0.031840 0.566866
136.000000 201.723704 0.885706 -15.116258 0.033178 0.822986 0.032825 0.566141
137.000000 203.939149 0.963398 -15.983684 0.034195 0.824042 0.033090 0.564528
138.000000 206.153728 0.973675 -16.810241 0.034613 0.825034 0.032774 0.563070
139.000000 208.363136 0.989500 -17.690947 0.034156 0.825381 0.032704 0.562593
140.000000 210.591615 1.007649 -18.536007 0.033543 0.826815 0.032198 0.560549
141.000000 212.808929 1.017102 -19.418153 0.033324 0.827402 0.032573 0.559674
142.000000 215.028015 1.034686 -20.287480 0.033536 0.828077 0.032867 0.558645
143.000000 217.239691 1.027430 -21.202492 0.033623 0.828742 0.032532 0.557672
144.000000 219.473041 1.046839 -22.105300 0.034292 0.829827 0.032872 0.555995
145.000000 221.689631 1.053326 -22.987950 0.034450 0.831097 0.033562 0.554044
146.000000 223.906886 1.100372 -23.901710 0.035124 0.831914 0.033864 0.552756
147.000000 226.116711 1.121150 -24.845107 0.035591 0.832658 0.034220 0.551582
148.000000 228.326083 1.165381 -25.785302 0.034461 0.833865 0.034000 0.549841
149.000000 230.550679 1.164171 -26.703515 0.034412 0.834864 0.033551 0.548354
150.000000 232.763607 1.188006 -27.644084 0.035087 0.835641 0.033140 0.547151
151.000000 234.954544 1.195543 -28.633378 0.035948 0.835709 0.033166 0.546991
152.000000 237.150910 1.216123 -29.627496 0.036399 0.836303 0.033048 0.546059
153.000000 239.319411 1.247408 -30.673356 0.036820 0.837432 0.032712 0.544318
154.000000 241.535461 1.212619 -31.617104 0.036513 0.838722 0.032754 0.542346
155.000000 243.694867 1.260089 -32.677354 0.036479 0.839483 0.032798 0.541167
156.000000 245.869415 1.302235 -33.700364 0.037072 0.839550 0.032978 0.541011
157.000000 248.057707 1.350405 -34.695148 0.037962 0.840252 0.033089 0.539852
158.000000 249.967276 1.451758 -36.148662 0.039160 0.840077 0.033111 0.540037
159.000000 252.247707 1.480770 -36.914940 0.039110 0.841347 0.034246 0.537989
160.000000 254.427531 1.459389 -37.913800 0.038633 0.842618 0.033597 0.536072
161.000000 256.595043 1.483006 -38.960408 0.039346 0.843744 0.033515 0.534251
162.000000 258.749941 1.493296 -40.043263 0.039311 0.844612 0.032965 0.532916
163.000000 260.945443 1.547747 -41.042801 0.038825 0.845574 0.034010 0.531357
164.000000 263.078086 1.604104 -42.180357 0.039270 0.846665 0.034150 0.529576
165.000000 265.346175 1.636828 -43.008842 0.038417 0.848401 0.035851 0.526739
166.000000 267.498577 1.683107 -44.152942 0.038706 0.849345 0.036441 0.525154
167.000000 269.754101 1.723087 -45.017503 0.039054 0.851472 0.037165 0.521621
168.000000 271.942044 1.781246 -46.092453 0.040203 0.852534 0.037971 0.519737
169.000000 273.945601 1.902148 -47.502463 0.040568 0.852212 0.038448 0.520203
170.000000 276.148241 1.995827 -48.581246 0.041064 0.852926 0.039396 0.518922
171.000000 278.261469 2.045279 -49.871036 0.041675 0.852905 0.039137 0.518926
172.000000 280.483908 2.056636 -50.971673 0.041768 0.854866 0.039313 0.515668
173.000000 282.667431 2.119908 -52.199721 0.042690 0.855762 0.039518 0.514088
174.000000 284.835223 2.203203 -53.422196 0.043651 0.856433 0.039577 0.512885
175.000000 287.046103 2.262756 -54.608864 0.043575 0.856892 0.039870 0.512101
176.000000 289.318761 2.345893 -55.719923 0.043226 0.857655 0.040349 0.510814
177.000000 291.575919 2.436196 -56.876017 0.043474 0.858715 0.040257 0.509017
178.000000 293.780783 2.528443 -58.159676 0.044610 0.859297 0.039458 0.507998
179.000000 295.954551 2.622268 -59.504019 0.044846 0.859237 0.039655 0.508063
180.000000 298.202342 2.641781 -60.764624 0.044441 0.860126 0.039108 0.506634
181.000000 300.450953 2.690482 -62.019221 0.044721 0.860834 0.038813 0.505429
182.000000 302.727335 2.724832 -63.260961 0.046330 0.861951 0.038544 0.503397
183.000000 305.067123 2.781548 -64.396107 0.048271 0.863023 0.039656 0.501286
184.000000 307.368052 2.825146 -65.637211 0.050326 0.863978 0.038558 0.499522
185.000000 309.683596 2.876836 -66.880376 0.052472 0.865764 0.037291 0.496295
186.000000 311.934288 2.839326 -68.260313 0.054474 0.866804 0.034997 0.494427
187.000000 314.213869 2.813517 -69.613250 0.056040 0.868055 0.033584 0.492150
188.000000 316.405087 2.756344 -71.116943 0.056733 0.869170 0.032793 0.490153
189.000000 318.569643 2.649875 -72.667483 0.056985 0.869661 0.031298 0.489349
190.000000 320.817877 2.532461 -74.119483 0.057226 0.870634 0.030640 0.487630
191.000000 322.847226 2.512579 -75.888787 0.057987 0.869599 0.029643 0.489445
192.000000 325.130182 2.493737 -77.311468 0.057980 0.870830 0.028986 0.487292
193.000000 327.436825 2.452356 -78.701632 0.058283 0.871884 0.028699 0.485384
194.000000 329.713750 2.408653 -80.137085 0.059125 0.872851 0.028559 0.483548
195.000000 331.936420 2.322760 -81.665836 0.059037 0.874009 0.027577 0.481520
196.000000 334.202654 2.251934 -83.135481 0.058219 0.875581 0.027315 0.478772
197.000000 336.472317 2.218975 -84.602243 0.057831 0.875859 0.027276 0.478313
198.000000 338.759543 2.138868 -86.044373 0.058666 0.877230 0.026159 0.475754
199.000000 340.978104 2.086133 -87.590409 0.058999 0.877138 0.025435 0.475920
200.000000 343.273865 2.058527 -89.040914 0.058622 0.878262 0.025923 0.473864
201.000000 345.483250 1.978745 -90.617027 0.059874 0.878221 0.025029 0.473831
202.000000 347.739659 1.919726 -92.127603 0.062591 0.877995 0.024256 0.473939
203.000000 350.039582 1.883204 -93.579300 0.065909 0.878707 0.023965 0.472182
204.000000 352.350202 1.836672 -95.005154 0.067898 0.880297 0.022832 0.468984
205.000000 354.621929 1.756921 -96.515104 0.067557 0.881315 0.022433 0.467138
206.000000 356.865782 1.667204 -98.049371 0.068170 0.881760 0.023118 0.466173
207.000000 359.151514 1.569244 -99.520059 0.069598 0.883314 0.021872 0.463071
208.000000 361.466195 1.442524 -100.964550 0.070181 0.884979 0.019382 0.459904
209.000000 363.642470 1.347920 -102.594970 0.070484 0.884939 0.019037 0.459949
210.000000 365.896226 1.250747 -104.117583 0.071197 0.885926 0.018650 0.457949
211.000000 368.028334 1.151945 -105.802585 0.071729 0.884633 0.019267 0.460335
212.000000 370.265347 1.047138 -107.348063 0.071631 0.885038 0.018809 0.459590
213.000000 372.437195 0.943414 -108.970869 0.071202 0.883892 0.018824 0.461857
214.000000 374.590496 0.810765 -110.623642 0.072816 0.883878 0.018001 0.461663
215.000000 376.962697 0.731024 -111.952843 0.077870 0.885504 0.017604 0.457722
216.000000 379.323089 0.564779 -113.235411 0.083851 0.887587 0.019233 0.452536
217.000000 381.502076 0.415086 -114.832031 0.080380 0.889141 0.023842 0.449888
218.000000 383.811610 0.323262 -116.242407 0.075319 0.890803 0.024004 0.447461
219.000000 385.988625 0.238306 -117.862623 0.073042 0.891902 0.018695 0.445899
220.000000 388.195460 0.173993 -119.443152 0.073854 0.892025 0.013245 0.445714
221.000000 390.302874 0.057097 -121.141239 0.075507 0.890344 0.010979 0.448850
222.000000 392.487859 -0.115588 -122.717665 0.076022 0.891046 0.010442 0.447381
223.000000 394.702997 -0.304176 -124.237308 0.073399 0.893118 0.012607 0.443615
224.000000 396.860933 -0.432209 -125.846432 0.072471 0.894283 0.015208 0.441333
225.000000 399.063197 -0.573572 -127.396625 0.073192 0.895972 0.016194 0.437739
226.000000 401.267861 -0.700306 -128.944941 0.073268 0.898386 0.015836 0.432763
227.000000 403.409915 -0.816934 -130.574577 0.073054 0.899602 0.015161 0.430289
228.000000 405.549080 -0.973188 -132.190148 0.072758 0.901274 0.014331 0.426857
229.000000 407.155631 -0.909578 -134.357998 0.072962 0.901385 0.014475 0.426582
230.000000 409.423164 -1.033605 -135.801995 0.072903 0.902837 0.014233 0.423518
231.000000 411.573512 -1.172136 -137.419293 0.072484 0.904119 0.014714 0.420830
232.000000 413.652341 -1.190719 -139.133721 0.072471 0.904999 0.013855 0.418966
233.000000 415.918970 -1.337553 -140.564281 0.072040 0.906188 0.012295 0.416513
234.000000 418.020368 -1.500901 -142.248334 0.071123 0.907156 0.011187 0.414590
235.000000 419.906153 -1.637356 -144.156737 0.072177 0.907655 0.011195 0.413313
236.000000 422.309875 -1.840297 -145.332545 0.074348 0.909835 0.011631 0.408089
237.000000 424.357043 -1.995429 -147.060724 0.075848 0.911340 0.011307 0.404448
238.000000 426.579296 -2.197509 -148.552774 0.076228 0.913527 0.010621 0.399431
239.000000 428.741139 -2.346601 -150.142791 0.078522 0.915234 0.009768 0.395077
240.000000 430.575318 -2.480189 -152.093474 0.080233 0.914805 0.009709 0.395728
241.000000 432.558900 -2.647112 -153.893089 0.080867 0.916092 0.009692 0.392609
242.000000 434.475342 -2.802555 -155.752142 0.080431 0.915818 0.008419 0.393366
243.000000 436.433664 -2.978696 -157.573399 0.078239 0.916315 0.007306 0.392673
244.000000 438.408802 -3.146719 -159.365153 0.075262 0.916602 0.005847 0.392609
245.000000 440.337541 -3.296733 -161.212009 0.073422 0.916098 0.004701 0.394147
246.000000 442.288167 -3.488661 -163.027561 0.076285 0.915608 0.004454 0.394744
247.000000 444.220411 -3.658641 -164.850166 0.081225 0.914747 0.005266 0.395744
248.000000 446.065233 -3.826308 -166.786128 0.083538 0.911987 0.005715 0.401582
249.000000 448.062640 -4.018572 -168.559148 0.084311 0.911554 0.006187 0.402395
250.000000 450.043125 -4.182728 -170.351816 0.084330 0.910622 0.006564 0.404490
251.000000 452.151429 -4.427054 -171.969718 0.084196 0.910459 0.006303 0.404891
252.000000 454.159398 -4.648611 -173.707892 0.086669 0.910107 0.006710 0.405152
253.000000 456.271860 -4.877399 -175.331940 0.090243 0.911685 0.004382 0.400834
254.000000 458.227439 -5.096327 -177.139511 0.093509 0.911198 0.001977 0.401211
255.000000 460.176339 -5.321509 -178.948751 0.096674 0.910629 0.001351 0.401754
256.000000 462.106448 -5.552855 -180.773783 0.097671 0.910316 0.001863 0.402221
257.000000 463.988687 -5.768707 -182.651860 0.095364 0.909334 0.002027 0.404986
258.000000 465.913716 -6.009798 -184.486098 0.094341 0.908904 0.001004 0.406192
259.000000 467.775469 -6.158803 -186.388720 0.094120 0.907930 0.000476 0.408416
260.000000 469.817593 -6.411365 -188.078418 0.094449 0.908346 0.000934 0.407414
261.000000 471.815204 -6.694117 -189.819884 0.095344 0.908068 0.001443 0.407822
262.000000 473.792929 -6.914763 -191.582035 0.095509 0.907513 0.002249 0.409016
263.000000 475.859271 -7.178422 -193.250915 0.094409 0.908243 0.002247 0.407647
264.000000 477.775024 -7.400728 -195.092753 0.093359 0.908346 0.001685 0.407663
265.000000 479.970765 -7.699270 -196.570229 0.093395 0.908900 0.001491 0.406418
266.000000 481.942686 -7.927835 -198.342245 0.093766 0.908671 0.001071 0.406846
267.000000 483.915003 -8.162339 -200.120205 0.093130 0.909019 0.000753 0.406215
268.000000 485.934546 -8.480112 -201.823934 0.092978 0.909289 0.000097 0.405647
269.000000 487.806565 -8.688248 -203.708968 0.094434 0.907722 0.001089 0.408805
270.000000 489.840540 -8.944339 -205.405974 0.094380 0.908001 0.001680 0.408195
271.000000 491.900232 -9.198760 -207.069039 0.093261 0.908314 0.001936 0.407755
272.000000 493.796806 -9.396943 -208.932474 0.093236 0.907696 0.001539 0.409136
273.000000 495.597590 -9.561932 -210.885898 0.093592 0.906593 0.001503 0.411493
274.000000 497.261464 -9.647414 -212.961488 0.093514 0.906319 0.001632 0.412114
275.000000 499.233054 -9.852270 -214.737440 0.093179 0.906261 0.001892 0.412317
276.000000 501.246947 -10.077248 -216.452509 0.093498 0.906450 0.001803 0.411829
277.000000 503.248102 -10.324599 -218.206685 0.093457 0.906691 0.000866 0.411311
278.000000 505.318877 -10.553059 -219.865423 0.093631 0.906728 -0.000195 0.411191
279.000000 507.239178 -10.776111 -221.695884 0.093631 0.906728 -0.000195 0.411191
280.000000 509.335564 -11.079748 -223.308062 0.093643 0.907639 -0.000402 0.409172
281.000000 511.303399 -11.277058 -225.080566 0.093431 0.907737 0.000534 0.409004
282.000000 513.359865 -11.548732 -226.759399 0.092567 0.908147 0.000477 0.408289
283.000000 515.289952 -11.796334 -228.575567 0.092108 0.907611 0.000099 0.409583
284.000000 517.231904 -11.966366 -230.388207 0.092583 0.907603 0.000504 0.409492
285.000000 519.205364 -12.257347 -232.149118 0.092767 0.907960 0.000371 0.408659
286.000000 521.220731 -12.550467 -233.861665 0.092697 0.908131 -0.000075 0.408295
287.000000 523.208017 -12.774541 -235.625613 0.093466 0.907897 -0.000958 0.408639
288.000000 525.208015 -13.052632 -237.360209 0.092500 0.909080 -0.001911 0.406219
289.000000 527.169020 -13.313067 -239.138364 0.091259 0.909285 -0.001345 0.406042
290.000000 529.069416 -13.538703 -240.988242 0.090838 0.908727 -0.000500 0.407386
291.000000 531.096235 -13.769292 -242.688186 0.090856 0.908452 -0.000445 0.407995
292.000000 533.094826 -14.000571 -244.441941 0.090855 0.908153 -0.000390 0.408660
293.000000 535.037864 -14.170237 -246.252289 0.090494 0.908272 -0.000100 0.408476
294.000000 537.052461 -14.446992 -247.971124 0.090460 0.908342 -0.000101 0.408328
295.000000 539.065090 -14.677119 -249.702020 0.090176 0.908342 -0.000733 0.408391
296.000000 540.941742 -14.954582 -251.575495 0.090232 0.908602 -0.002084 0.407795
297.000000 542.840600 -15.199393 -253.432796 0.090567 0.908082 -0.002875 0.408871
298.000000 544.772344 -15.524606 -255.234048 0.091832 0.907968 -0.002569 0.408845
299.000000 546.674547 -15.779231 -257.084883 0.093101 0.907903 -0.001310 0.408708
300.000000 548.896792 -16.018257 -258.523755 0.093450 0.908130 -0.000660 0.408126
301.000000 550.903251 -16.250356 -260.272150 0.092053 0.908191 -0.001532 0.408306
302.000000 552.912851 -16.494303 -262.013943 0.092270 0.907973 -0.002191 0.408738
303.000000 554.815762 -16.725824 -263.863695 0.092011 0.908342 -0.002123 0.407976
304.000000 556.855457 -16.992090 -265.559945 0.091399 0.909804 -0.002445 0.404842
305.000000 558.859193 -17.254330 -267.296381 0.091238 0.909859 -0.002356 0.404755
306.000000 560.738577 -17.472818 -269.186055 0.090929 0.909798 -0.002923 0.404958
307.000000 562.732018 -17.696128 -270.945945 0.090794 0.910236 -0.003511 0.403999
308.000000 564.742862 -17.993386 -272.680070 0.090537 0.910231 -0.004158 0.404061
309.000000 566.663088 -18.225263 -274.516097 0.090542 0.909693 -0.003976 0.405271
310.000000 568.595555 -18.455518 -276.335120 0.090430 0.909120 -0.003612 0.406585
311.000000 570.627524 -18.727208 -278.055275 0.090129 0.908874 -0.004158 0.407195
312.000000 572.605234 -18.997058 -279.829838 0.091670 0.908310 -0.005247 0.408096
313.000000 574.580561 -19.264282 -281.602289 0.092343 0.908245 -0.005643 0.408083
314.000000 576.554360 -19.542145 -283.377761 0.092093 0.908602 -0.005263 0.407350
315.000000 578.461992 -19.843636 -285.204685 0.091831 0.908311 -0.004924 0.408061
316.000000 580.441009 -20.115930 -286.971181 0.091471 0.908357 -0.004774 0.408041
317.000000 582.400084 -20.348707 -288.756287 0.090838 0.908060 -0.004547 0.408845
318.000000 584.453063 -20.677059 -290.432084 0.090727 0.907371 -0.005197 0.410389
319.000000 586.447113 -20.934753 -292.215944 0.090841 0.907077 -0.004371 0.411024
320.000000 588.325612 -21.128463 -294.029882 0.091265 0.906685 -0.003820 0.411798
321.000000 590.300333 -21.412084 -295.787457 0.091301 0.906367 -0.003764 0.412492
322.000000 592.285328 -21.705493 -297.526221 0.090819 0.906778 -0.004462 0.411686
323.000000 594.274787 -21.978600 -299.268957 0.090761 0.906723 -0.004177 0.411823
324.000000 596.276535 -22.276367 -300.991740 0.091218 0.906598 -0.004671 0.411993
325.000000 598.262630 -22.539330 -302.732226 0.092736 0.906377 -0.005040 0.412135
326.000000 600.134101 -22.766356 -304.607012 0.093428 0.906160 -0.004611 0.412461
327.000000 602.030863 -22.988008 -306.459936 0.092429 0.905896 -0.004538 0.413267
328.000000 604.179321 -23.329018 -307.993118 0.092141 0.907249 -0.005692 0.410337
329.000000 606.184373 -23.625303 -309.706914 0.092036 0.907022 -0.006437 0.410852
330.000000 608.115593 -23.848311 -311.529364 0.092755 0.906779 -0.005879 0.411235
331.000000 610.077047 -24.094937 -313.310143 0.093189 0.907219 -0.005081 0.410175
332.000000 612.006198 -24.330865 -315.116713 0.092706 0.907134 -0.003926 0.410485
333.000000 613.975082 -24.608174 -316.889854 0.091440 0.907421 -0.003759 0.410136
334.000000 615.950390 -24.888364 -318.643246 0.091375 0.907238 -0.004508 0.410548
335.000000 618.078258 -25.226357 -320.206220 0.090392 0.908478 -0.005443 0.408005
336.000000 620.138090 -25.464542 -321.879497 0.090841 0.908196 -0.005876 0.408526
337.000000 622.204521 -25.785765 -323.522839 0.091037 0.908798 -0.006032 0.407139
338.000000 623.913256 -25.934883 -325.558873 0.091629 0.908289 -0.005943 0.408143
339.000000 625.839118 -26.188625 -327.373865 0.091996 0.907922 -0.005949 0.408875
340.000000 627.836364 -26.424638 -329.124760 0.091844 0.907936 -0.005891 0.408878
341.000000 629.880021 -26.741449 -330.795986 0.092162 0.908577 -0.006488 0.407372
342.000000 631.942035 -27.067973 -332.451066 0.092464 0.909014 -0.006820 0.406322
343.000000 633.896024 -27.334449 -334.220753 0.092635 0.908939 -0.006122 0.406462
344.000000 635.847047 -27.630575 -336.002441 0.092852 0.908032 -0.006183 0.408433
345.000000 637.861817 -27.908776 -337.716758 0.092912 0.908011 -0.006808 0.408457
346.000000 639.930724 -28.309722 -339.330384 0.092814 0.908233 -0.007495 0.407973
347.000000 641.911870 -28.634313 -341.069704 0.092853 0.908634 -0.006949 0.407080
348.000000 643.848410 -28.972767 -342.853986 0.092506 0.908648 -0.006374 0.407138
349.000000 645.830631 -29.274456 -344.590618 0.092357 0.907810 -0.006600 0.409034
350.000000 647.986567 -29.587860 -346.114824 0.092080 0.907778 -0.007178 0.409156
351.000000 649.943410 -29.908087 -347.876359 0.091628 0.907618 -0.007563 0.409606
352.000000 651.841594 -30.136355 -349.715835 0.091539 0.906931 -0.007172 0.411152
353.000000 653.948162 -30.395380 -351.298501 0.091513 0.906927 -0.007170 0.411166
354.000000 655.929947 -30.653513 -353.037156 0.091254 0.906585 -0.006762 0.411984
355.000000 658.083630 -30.939453 -354.570394 0.091750 0.907388 -0.006365 0.410107
356.000000 660.227250 -31.280084 -356.098797 0.090938 0.908664 -0.006260 0.407457
357.000000 662.224547 -31.562405 -357.820490 0.090623 0.909062 -0.006390 0.406637
358.000000 664.102189 -31.736940 -359.687374 0.090589 0.908947 -0.006265 0.406902
359.000000 666.023826 -31.982947 -361.504938 0.090597 0.908549 -0.006392 0.407787
360.000000 668.004306 -32.246646 -363.252225 0.091327 0.908489 -0.007013 0.407747
361.000000 670.032959 -32.436778 -364.959785 0.091447 0.908375 -0.006293 0.407985
362.000000 671.993816 -32.708772 -366.726361 0.091941 0.908565 -0.006443 0.407450
363.000000 674.074675 -33.021982 -368.349669 0.091178 0.909240 -0.006705 0.406109
364.000000 676.087749 -33.330306 -370.057816 0.090216 0.909625 -0.006963 0.405457
365.000000 678.103255 -33.565050 -371.776275 0.089871 0.910099 -0.006765 0.404473
366.000000 680.074260 -33.802156 -373.542070 0.089688 0.910087 -0.006666 0.404541
367.000000 681.988055 -34.053931 -375.364635 0.090302 0.909320 -0.006484 0.406130
368.000000 683.892138 -34.304606 -377.193661 0.089787 0.908197 -0.006025 0.408755
369.000000 685.924629 -34.582443 -378.884870 0.089542 0.908371 -0.005816 0.408424
370.000000 687.894925 -34.823549 -380.650338 0.089807 0.908923 -0.005482 0.407141
371.000000 689.871128 -35.088090 -382.409721 0.088533 0.909278 -0.005286 0.406628
372.000000 691.846463 -35.316904 -384.172337 0.088409 0.909439 -0.005107 0.406298
373.000000 693.716914 -35.525267 -386.042379 0.088791 0.908906 -0.004503 0.407413
374.000000 695.492028 -35.794130 -388.005897 0.088848 0.908617 -0.004462 0.408045
375.000000 697.464287 -36.048025 -389.767433 0.090155 0.908038 -0.004561 0.409046
376.000000 699.103328 -36.252289 -391.843510 0.090152 0.907521 -0.004545 0.410191
377.000000 701.082533 -36.477699 -393.599524 0.089165 0.906761 -0.004952 0.412080
378.000000 703.127832 -36.734289 -395.280783 0.088563 0.907659 -0.005336 0.410225
379.000000 705.073951 -37.033201 -397.058969 0.088561 0.907500 -0.005289 0.410575
380.000000 707.097829 -37.251669 -398.758257 0.088068 0.907381 -0.004455 0.410954
381.000000 709.143377 -37.500108 -400.418339 0.087797 0.908489 -0.004099 0.408561
382.000000 710.720952 -37.605397 -402.540635 0.088107 0.907932 -0.003390 0.409738
383.000000 712.708310 -37.870873 -404.267535 0.087960 0.908144 -0.003383 0.409300
384.000000 714.801537 -38.007227 -405.887403 0.087236 0.907900 -0.002086 0.410004
385.000000 716.741299 -38.242435 -407.675796 0.087009 0.908500 -0.002147 0.408720
386.000000 718.715309 -38.458258 -409.431488 0.087105 0.908198 -0.002184 0.409371
387.000000 720.682238 -38.657437 -411.197203 0.088594 0.908063 -0.003105 0.409345
388.000000 722.735681 -38.895915 -412.851465 0.088956 0.907734 -0.002541 0.410000
389.000000 724.712456 -39.122798 -414.593437 0.088487 0.907459 -0.001596 0.410714
390.000000 726.565792 -39.322545 -416.475883 0.087836 0.907613 -0.001036 0.410515
391.000000 728.617963 -39.539402 -418.131362 0.087829 0.907326 -0.000968 0.411150
392.000000 730.810849 -39.787653 -419.604692 0.088140 0.907433 -0.001937 0.410845
393.000000 732.787541 -40.021062 -421.352222 0.088924 0.907158 -0.003148 0.411276
394.000000 734.809687 -40.272549 -423.042301 0.090278 0.906590 -0.002503 0.412236
395.000000 736.783318 -40.477707 -424.795533 0.090446 0.906597 -0.001814 0.412188
396.000000 738.731117 -40.776774 -426.567422 0.090044 0.906594 -0.002230 0.412280
397.000000 740.689713 -40.962661 -428.340633 0.088857 0.906447 -0.002194 0.412861
398.000000 742.769726 -41.128936 -429.979401 0.087511 0.906505 -0.001930 0.413021
399.000000 744.786253 -41.377291 -431.678110 0.087699 0.906450 -0.001238 0.413106
400.000000 746.596605 -41.547260 -433.607170 0.088265 0.906176 0.000128 0.413586
401.000000 748.481795 -41.736863 -435.456898 0.088580 0.905917 0.001506 0.414085
402.000000 750.671217 -42.032201 -436.919502 0.088457 0.905988 0.001484 0.413955
403.000000 752.703013 -42.260262 -438.617008 0.088240 0.906057 0.000835 0.413853
404.000000 754.533481 -42.314307 -440.536008 0.088280 0.905981 0.000993 0.414009
405.000000 756.616362 -42.543764 -442.164097 0.089108 0.906004 0.001073 0.413782
406.000000 758.793294 -42.764096 -443.667431 0.089114 0.905904 0.001140 0.413998
407.000000 760.686799 -42.978421 -445.510211 0.089148 0.904968 0.001290 0.416034
408.000000 762.404921 -43.093098 -447.531844 0.089425 0.903946 0.002255 0.418186
409.000000 764.323238 -43.300065 -449.355986 0.089493 0.903470 0.002368 0.419198
410.000000 766.248101 -43.531672 -451.165530 0.089477 0.902979 0.002521 0.420257
411.000000 768.210056 -43.710852 -452.933769 0.088944 0.902459 0.002906 0.421483
412.000000 770.213949 -43.904891 -454.665891 0.088709 0.902812 0.002250 0.420780
413.000000 772.246718 -44.122113 -456.352114 0.089653 0.902584 0.001773 0.421072
414.000000 774.225457 -44.332852 -458.098805 0.090365 0.902969 0.001829 0.420092
415.000000 776.335430 -44.615489 -459.676416 0.090771 0.902801 0.002413 0.420364
416.000000 778.317082 -44.808602 -461.410394 0.090680 0.902816 0.002475 0.420350
417.000000 780.362406 -45.067906 -463.070419 0.090522 0.903130 0.002393 0.419709
418.000000 782.452433 -45.315183 -464.667444 0.090185 0.903260 0.002634 0.419502
419.000000 784.519259 -45.540073 -466.297336 0.089202 0.903660 0.002529 0.418850
420.000000 786.392284 -45.649947 -468.151925 0.089415 0.903202 0.002323 0.419793
421.000000 788.472183 -45.941999 -469.743680 0.090394 0.903222 0.001454 0.419544
422.000000 790.482725 -46.214330 -471.421250 0.091198 0.902845 0.001754 0.420179
423.000000 792.762785 -46.422146 -472.717746 0.092086 0.902430 0.002726 0.420871
424.000000 794.734647 -46.627695 -474.450866 0.092039 0.902154 0.003574 0.421467
425.000000 796.702422 -46.824692 -476.192006 0.092039 0.902154 0.003574 0.421467
426.000000 798.656135 -47.131139 -477.925593 0.091808 0.901889 0.002968 0.422088
427.000000 800.674770 -47.331206 -479.611355 0.091844 0.901760 0.003017 0.422355
428.000000 802.462259 -47.528291 -481.534228 0.091045 0.900572 0.003382 0.425052
429.000000 804.508045 -47.778661 -483.178988 0.091071 0.899670 0.003563 0.426951
430.000000 806.570063 -48.063615 -484.793817 0.090461 0.900234 0.002827 0.425896
431.000000 808.755276 -48.363590 -486.238461 0.089784 0.900564 0.002641 0.425342
432.000000 810.774491 -48.552373 -487.932382 0.089874 0.900214 0.002662 0.426063
433.000000 812.829142 -48.806030 -489.568842 0.088610 0.900839 0.002553 0.425008
434.000000 814.820443 -49.057738 -491.283399 0.088347 0.900099 0.002099 0.426628
435.000000 816.735846 -49.315372 -493.076769 0.088108 0.900300 0.001475 0.426256
436.000000 818.691319 -49.542986 -494.843116 0.088737 0.899950 0.001689 0.426864
437.000000 820.744223 -49.816156 -496.497949 0.088619 0.900897 0.001425 0.424887
438.000000 822.864307 -50.039141 -498.070830 0.087657 0.900519 0.002131 0.425884
439.000000 824.695127 -50.242618 -499.973404 0.087157 0.900125 0.001931 0.426820
440.000000 826.506866 -50.399510 -501.900830 0.087183 0.900430 0.001864 0.426170
441.000000 828.560292 -50.654871 -503.570648 0.087048 0.900344 0.000355 0.426383
442.000000 830.549500 -50.864824 -505.319940 0.087974 0.900199 -0.000801 0.426498
443.000000 832.648649 -51.149797 -506.921643 0.088003 0.901650 -0.001150 0.423416
444.000000 834.700955 -51.387476 -508.589754 0.089004 0.902054 -0.000493 0.422346
445.000000 836.742793 -51.634342 -510.268675 0.089394 0.901912 -0.000776 0.422568
446.000000 838.316370 -51.901293 -512.406887 0.089554 0.901288 -0.001635 0.423860
447.000000 840.693938 -52.246425 -513.544028 0.089806 0.901756 -0.001021 0.422812
448.000000 838.676467 -52.000871 -511.822017 0.089398 0.902197 -0.000353 0.421957
449.000000 840.689740 -52.184956 -513.555736 0.088844 0.902252 -0.000188 0.421958
450.000000 842.465923 -52.404031 -515.531859 0.088016 0.901925 -0.000862 0.422829
451.000000 844.506703 -52.572767 -517.246244 0.087597 0.902146 -0.001908 0.422441
452.000000 846.221516 -52.820038 -519.269179 0.087810 0.901411 -0.002459 0.423959
453.000000 844.417040 -52.554752 -517.323723 0.088410 0.900700 -0.002805 0.425342
454.000000 842.356185 -52.229654 -515.675959 0.087889 0.900978 -0.002158 0.424864
455.000000 840.328111 -51.974368 -513.992326 0.086724 0.900933 -0.001409 0.425202
456.000000 838.045637 -51.723867 -512.649675 0.086413 0.901360 -0.000916 0.424361
457.000000 835.882851 -51.388190 -511.147520 0.086023 0.901105 -0.000466 0.424983
458.000000 833.748636 -51.167784 -509.587735 0.085732 0.901117 -0.001100 0.425015
459.000000 831.896851 -50.938197 -507.711682 0.084517 0.901045 -0.001077 0.425410
460.000000 830.457296 -50.805965 -505.493722 0.084207 0.900321 -0.001479 0.427001
461.000000 828.407332 -50.608871 -503.800633 0.084720 0.899996 -0.001715 0.427583
462.000000 826.442019 -50.350479 -502.104801 0.085132 0.900359 -0.001354 0.426738
463.000000 824.396455 -50.031842 -500.476013 0.085183 0.899843 -0.001288 0.427813
464.000000 822.334498 -49.874222 -498.863239 0.085613 0.899747 -0.001590 0.427930
465.000000 820.412907 -49.723862 -497.074595 0.085612 0.899711 -0.001522 0.428004
466.000000 818.471646 -49.517264 -495.327388 0.085819 0.899397 -0.001635 0.428623
467.000000 816.512858 -49.270855 -493.609647 0.085541 0.898856 -0.002109 0.429809
468.000000 814.450286 -49.124340 -492.007665 0.085672 0.898804 -0.002594 0.429889
469.000000 816.382380 -49.405534 -493.733319 0.085373 0.897921 -0.003013 0.431788
470.000000 818.201593 -49.603023 -495.609781 0.085504 0.898011 -0.003155 0.431572
471.000000 816.194262 -49.310673 -493.979481 0.085844 0.897263 -0.002955 0.433061
472.000000 818.143985 -49.567365 -495.685203 0.086610 0.895935 -0.003616 0.435645
473.000000 820.146862 -49.780683 -497.331401 0.086582 0.895136 -0.003368 0.437291
474.000000 822.099304 -49.968608 -499.026602 0.086799 0.895006 -0.003357 0.437515
475.000000 823.437340 -49.962359 -501.254411 0.086818 0.895009 -0.002735 0.437509
476.000000 825.348621 -50.282305 -502.996365 0.086505 0.895009 -0.003354 0.437567
477.000000 827.341060 -50.522171 -504.648520 0.085312 0.895498 -0.004826 0.436785
478.000000 829.361708 -50.755605 -506.272544 0.086166 0.894806 -0.004742 0.438036
479.000000 831.404396 -51.073583 -507.825872 0.088699 0.894667 -0.002179 0.437833
480.000000 831.642874 -51.309369 -505.261494 0.089672 0.893460 -0.000044 0.440101
481.000000 831.761596 -51.185311 -507.851983 0.088111 0.886273 -0.000863 0.454704
482.000000 833.710652 -51.323556 -509.566474 0.087064 0.886127 -0.003131 0.455180
483.000000 835.817440 -51.597578 -511.063835 0.086359 0.886096 -0.004326 0.455365
484.000000 837.925271 -51.849645 -512.536479 0.085862 0.886426 -0.004448 0.454816
485.000000 840.023881 -52.156248 -514.037528 0.084896 0.886855 -0.003864 0.454165
486.000000 842.196662 -52.348309 -515.446566 0.084276 0.887026 -0.004135 0.453944
487.000000 839.877084 -51.690481 -516.407070 0.084769 0.885293 -0.004309 0.457223
488.000000 841.978520 -51.922080 -517.917395 0.084513 0.885023 -0.004026 0.457794
489.000000 844.021656 -52.180251 -519.498449 0.084849 0.884999 -0.003404 0.457784
490.000000 845.917705 -52.324334 -521.274459 0.085215 0.884552 -0.003255 0.458580
491.000000 847.401547 -52.709684 -519.172964 0.084905 0.884628 -0.003888 0.458486
492.000000 849.070675 -52.827365 -521.171503 0.084838 0.884083 -0.003677 0.459549
493.000000 851.195216 -53.064988 -522.654198 0.084564 0.884295 -0.003045 0.459198
494.000000 849.727906 -52.683149 -524.768498 0.084564 0.884295 -0.003045 0.459198
495.000000 851.848372 -52.957468 -526.268466 0.084888 0.883548 -0.003982 0.460565
496.000000 853.740617 -53.066920 -528.051921 0.085138 0.883218 -0.003839 0.461154
497.000000 855.867516 -53.343023 -529.537252 0.084790 0.883435 -0.005033 0.460791
498.000000 857.979264 -53.575653 -531.044152 0.083864 0.883112 -0.006638 0.461559
499.000000 860.176725 -53.872164 -532.431199 0.083635 0.883785 -0.008522 0.460280
500.000000 861.316190 -53.965874 -534.770163 0.084097 0.882187 -0.008272 0.463255
501.000000 863.459821 -54.278892 -536.214797 0.084749 0.882198 -0.007048 0.463135
502.000000 865.523084 -54.580376 -537.775020 0.083896 0.882171 -0.006205 0.463354
503.000000 867.629324 -54.801744 -539.290187 0.084004 0.882057 -0.005782 0.463558
504.000000 869.550263 -54.962964 -541.046799 0.084091 0.881795 -0.006002 0.464037
505.000000 871.668379 -55.238927 -542.541510 0.085391 0.881469 -0.006867 0.464407
506.000000 873.906258 -55.597500 -543.834366 0.086464 0.881366 -0.006772 0.464406
507.000000 876.185942 -55.842516 -545.077062 0.085715 0.881449 -0.005928 0.464398
508.000000 878.392205 -56.168781 -546.428343 0.084140 0.881773 -0.005671 0.464073
509.000000 880.213734 -56.382736 -548.284365 0.082996 0.881688 -0.005188 0.464446
510.000000 882.377349 -56.608732 -549.729093 0.082199 0.881705 -0.004239 0.464566
511.000000 884.495825 -56.828569 -551.237064 0.082301 0.881465 -0.004076 0.465005
512.000000 886.606152 -57.039060 -552.755524 0.081928 0.881525 -0.004069 0.464956
513.000000 888.701365 -57.346624 -554.273320 0.081956 0.880938 -0.003929 0.466065
514.000000 890.832061 -57.602497 -555.756760 0.083212 0.880994 -0.003693 0.465737
515.000000 892.975792 -57.849628 -557.211094 0.083864 0.880822 -0.003733 0.465945
516.000000 895.118168 -58.036564 -558.675356 0.083284 0.880707 -0.003648 0.466267
517.000000 897.300353 -58.276973 -560.067297 0.083528 0.881108 -0.004630 0.465457
518.000000 899.501132 -58.561506 -561.424370 0.083650 0.881026 -0.006134 0.465574
519.000000 901.529543 -58.777876 -563.032043 0.084634 0.880972 -0.006651 0.465490
520.000000 903.614920 -59.072202 -564.545315 0.085732 0.880478 -0.006355 0.466228
521.000000 905.679401 -59.365356 -566.079274 0.086058 0.880480 -0.005744 0.466171
522.000000 907.710724 -59.532807 -567.675116 0.086104 0.880184 -0.005445 0.466726
523.000000 909.878362 -59.850731 -569.051796 0.085583 0.879469 -0.005619 0.468164
524.000000 911.881751 -60.047713 -570.673779 0.085629 0.879011 -0.004662 0.469027
525.000000 913.962146 -60.252208 -572.184713 0.085185 0.879646 -0.004374 0.467918
526.000000 916.056351 -60.523105 -573.658858 0.084755 0.878682 -0.004696 0.469800
527.000000 918.194847 -60.781440 -575.061107 0.084547 0.878768 -0.003862 0.469685
528.000000 920.433431 -61.077743 -576.293861 0.084576 0.878475 -0.003727 0.470228
529.000000 922.657744 -61.397497 -577.537908 0.084218 0.878529 -0.004507 0.470185
530.000000 924.868706 -61.735114 -578.785799 0.086148 0.879444 -0.005663 0.468107
531.000000 926.844435 -61.869459 -580.407069 0.088231 0.878630 -0.006114 0.469242
532.000000 928.960513 -62.149246 -581.800673 0.090490 0.878516 -0.006573 0.469018
533.000000 931.042730 -62.395289 -583.265763 0.091986 0.878913 -0.005886 0.467992
534.000000 933.137897 -62.725306 -584.692096 0.090655 0.878609 -0.005303 0.468828
535.000000 935.201474 -62.978951 -586.174104 0.088994 0.878971 -0.005316 0.468467
536.000000 937.400196 -63.307658 -587.427976 0.087512 0.879526 -0.005132 0.467707
537.000000 939.172207 -63.442007 -589.257261 0.086859 0.878657 -0.004595 0.469463
538.000000 940.805635 -63.604652 -591.201463 0.087195 0.877652 -0.003519 0.471287
539.000000 942.893220 -63.866837 -592.634526 0.087930 0.876816 -0.002745 0.472709
540.000000 945.059494 -64.060279 -593.956088 0.087141 0.876712 -0.001677 0.473053
541.000000 947.170399 -64.332939 -595.347656 0.086093 0.877106 -0.002883 0.472509
542.000000 949.341496 -64.517943 -596.670282 0.084560 0.876769 -0.003544 0.473405
543.000000 951.485325 -64.808476 -598.016886 0.084717 0.876911 -0.004796 0.473104
544.000000 953.561998 -64.999964 -599.467045 0.086871 0.876679 -0.005654 0.473134
545.000000 955.716760 -65.240982 -600.784567 0.089253 0.876836 -0.005988 0.472394
546.000000 957.831855 -65.544133 -602.151454 0.090461 0.876804 -0.006055 0.472224
547.000000 959.849359 -65.769161 -603.674483 0.090568 0.876596 -0.005088 0.472601
548.000000 962.013681 -66.099329 -604.956821 0.090552 0.877007 -0.004599 0.471845
549.000000 964.081603 -66.368888 -606.400969 0.090242 0.877274 -0.004529 0.471409
550.000000 966.120299 -66.589579 -607.900723 0.088524 0.876768 -0.002919 0.472687
551.000000 968.215050 -66.835022 -609.304270 0.087176 0.876404 -0.002764 0.473612
552.000000 970.278700 -67.078808 -610.774040 0.087210 0.875970 -0.003844 0.474400
553.000000 972.309980 -67.288024 -612.277864 0.087253 0.875247 -0.003219 0.475731
554.000000 974.543549 -67.650144 -613.411076 0.087348 0.875200 -0.002121 0.475806
555.000000 976.576055 -67.877856 -614.905254 0.086210 0.874660 0.000333 0.477009
556.000000 978.642183 -68.126081 -616.344442 0.085877 0.873590 0.001061 0.479025
557.000000 980.578888 -68.390124 -617.970234 0.084622 0.872995 0.000734 0.480332
558.000000 982.903893 -68.657646 -618.937525 0.085375 0.872697 0.001327 0.480738
559.000000 984.953646 -68.846239 -620.424646 0.085109 0.872507 -0.000802 0.481131
560.000000 987.175668 -69.068209 -621.643669 0.084580 0.871859 -0.002866 0.482391
561.000000 989.279763 -69.291537 -623.039502 0.084353 0.872201 -0.003283 0.481808
562.000000 991.448334 -69.533578 -624.339749 0.084864 0.872326 -0.002071 0.481500
563.000000 993.724354 -69.721017 -625.428747 0.086189 0.872194 -0.000697 0.481507
564.000000 995.878412 -70.020390 -626.732356 0.086564 0.871889 -0.000616 0.481991
565.000000 998.036088 -70.294594 -628.034657 0.086143 0.871848 -0.001218 0.482140
566.000000 1000.196512 -70.525036 -629.346521 0.085529 0.871428 -0.000706 0.483009
567.000000 1002.204385 -70.658943 -630.887297 0.084886 0.870876 -0.000728 0.484116
568.000000 1004.340883 -70.919069 -632.234821 0.084416 0.871129 -0.001438 0.483741
569.000000 1006.343080 -71.145425 -633.773807 0.084268 0.870150 -0.001125 0.485527
570.000000 1008.106256 -71.338172 -635.579165 0.084658 0.869053 -0.000384 0.487421
571.000000 1010.330969 -71.540007 -636.799876 0.085436 0.868581 -0.000202 0.488127
572.000000 1012.472347 -71.774008 -638.161129 0.085093 0.867961 -0.000427 0.489288
573.000000 1014.631073 -72.002940 -639.488585 0.084874 0.867391 -0.000230 0.490336
574.000000 1016.942449 -72.244008 -640.532081 0.085050 0.866989 0.000934 0.491016
575.000000 1019.098472 -72.459495 -641.868005 0.085445 0.866099 0.001920 0.492512
576.000000 1021.237159 -72.729691 -643.230615 0.085985 0.865341 0.001859 0.493749
577.000000 1023.377523 -72.975494 -644.602004 0.085877 0.864802 0.002190 0.494709
578.000000 1025.587022 -73.244852 -645.860490 0.086587 0.864925 0.001965 0.494373
579.000000 1027.780027 -73.471998 -647.155094 0.087045 0.864495 0.001626 0.495044
580.000000 1029.920843 -73.648531 -648.543327 0.086895 0.863256 0.001879 0.497227
581.000000 1032.117358 -73.862351 -649.851083 0.087654 0.862902 0.001217 0.497710
582.000000 1034.046591 -74.111268 -651.515821 0.087514 0.861546 0.000693 0.500079
583.000000 1036.247370 -74.308604 -652.816406 0.088466 0.861466 0.000941 0.500049
584.000000 1038.576366 -74.599315 -653.856707 0.089389 0.863063 0.000450 0.497123
585.000000 1040.811539 -74.882126 -655.079871 0.089492 0.863361 -0.000706 0.496586
586.000000 1043.024589 -75.168648 -656.356738 0.089268 0.864074 -0.000776 0.495385
587.000000 1045.078541 -75.431170 -657.873786 0.088586 0.863384 0.000104 0.496710
588.000000 1047.166916 -75.662754 -659.358531 0.087668 0.862834 0.000269 0.497828
589.000000 1049.417032 -75.949497 -660.574792 0.087284 0.862660 0.000469 0.498196
590.000000 1051.649280 -76.194522 -661.827316 0.088322 0.863106 0.001564 0.497237
591.000000 1053.868254 -76.466460 -663.112369 0.088042 0.863473 0.001506 0.496649
592.000000 1056.123875 -76.711120 -664.343570 0.087919 0.863468 0.000393 0.496681
593.000000 1058.353757 -76.977159 -665.623792 0.087771 0.863775 0.000743 0.496173
594.000000 1060.552175 -77.197337 -666.963987 0.087803 0.863436 0.002421 0.496752
595.000000 1062.795211 -77.444073 -668.228229 0.087817 0.863080 0.003983 0.497358
596.000000 1065.110276 -77.685883 -669.516791 0.087310 0.863396 0.003628 0.496902
597.000000 1067.342001 -77.921583 -670.702749 0.086778 0.863582 0.002507 0.496678
598.000000 1069.591213 -78.172222 -671.993679 0.086011 0.863881 0.000992 0.496297
599.000000 1071.839123 -78.455083 -673.270771 0.085774 0.864364 -0.000217 0.495497
600.000000 1074.068154 -78.718985 -674.630652 0.086554 0.863760 -0.000615 0.496414
601.000000 1076.281699 -79.000653 -675.984265 0.087381 0.863702 -0.001012 0.496369
602.000000 1078.496577 -79.261710 -677.342077 0.088432 0.862511 -0.000813 0.498251
603.000000 1080.737184 -79.535092 -678.673286 0.088645 0.861683 -0.001078 0.499642
604.000000 1082.987869 -79.822286 -680.006143 0.087707 0.861411 -0.000546 0.500279
605.000000 1085.347576 -80.127792 -681.101551 0.088136 0.862476 -0.000724 0.498364
606.000000 1087.643012 -80.390558 -682.356747 0.088815 0.862432 -0.000389 0.498321
607.000000 1089.901497 -80.649817 -683.700359 0.088769 0.862226 -0.000212 0.498685
608.000000 1092.227475 -80.906737 -684.902424 0.088349 0.862734 -0.000318 0.497879
609.000000 1094.520452 -81.153690 -686.166993 0.089062 0.862523 -0.000318 0.498118
610.000000 1096.838642 -81.408088 -687.421922 0.089482 0.862427 -0.000309 0.498209
611.000000 1099.175175 -81.666392 -688.615973 0.089656 0.862852 -0.001040 0.497441
612.000000 1101.328815 -81.935750 -690.123523 0.089379 0.862823 -0.000890 0.497541
613.000000 1103.586745 -82.211476 -691.479851 0.089416 0.862161 -0.001035 0.498681
614.000000 1105.884561 -82.532489 -692.757147 0.088964 0.861882 -0.000301 0.499245
615.000000 1108.204519 -82.775587 -694.016511 0.090061 0.861565 0.000472 0.499594
616.000000 1110.508363 -83.072853 -695.299370 0.090320 0.861404 0.001058 0.499825
617.000000 1112.834868 -83.367439 -696.545227 0.091049 0.861426 0.001629 0.499653
618.000000 1115.163269 -83.653171 -697.797166 0.091375 0.861778 0.001630 0.498986
619.000000 1117.415521 -83.893926 -699.186577 0.090449 0.860264 0.001979 0.501758
620.000000 1119.689587 -84.182712 -700.555940 0.091047 0.859346 0.001193 0.503223
621.000000 1121.992508 -84.464943 -701.876160 0.091517 0.858388 0.001558 0.504769
622.000000 1124.324905 -84.784007 -703.135800 0.092417 0.859261 0.001247 0.503118
623.000000 1126.593406 -84.974194 -704.524873 0.092942 0.858679 0.002254 0.504011
624.000000 1128.895097 -85.238916 -705.885348 0.092185 0.857509 0.003285 0.506132
625.000000 1131.269705 -85.501974 -707.095310 0.091714 0.857939 0.003802 0.505484
626.000000 1133.605179 -85.766058 -708.394024 0.091986 0.857691 0.003874 0.505856
627.000000 1135.770557 -86.014214 -709.967765 0.091626 0.855294 0.003793 0.509963
628.000000 1138.110373 -86.303124 -711.263380 0.091421 0.854495 0.003502 0.511340
629.000000 1140.441632 -86.475026 -712.611133 0.091908 0.853761 0.003401 0.512477
630.000000 1142.830756 -86.744881 -713.847091 0.092185 0.853737 0.002443 0.512474
631.000000 1145.203104 -87.020106 -715.117718 0.090499 0.853825 0.002112 0.512629
632.000000 1147.582560 -87.303294 -716.371595 0.090828 0.854587 0.001748 0.511301
633.000000 1149.919994 -87.561899 -717.700332 0.092248 0.854184 0.002575 0.511716
634.000000 1152.327408 -87.843564 -718.961923 0.094064 0.854071 0.004534 0.511560
635.000000 1154.699037 -88.112085 -720.217638 0.096203 0.854165 0.007136 0.510976
636.000000 1157.051038 -88.365553 -721.559956 0.095715 0.853580 0.007988 0.512032
637.000000 1159.434341 -88.629581 -722.856529 0.093887 0.853334 0.007096 0.512792
638.000000 1161.891573 -88.937198 -723.985900 0.093332 0.854418 0.006094 0.511099
639.000000 1164.284351 -89.216548 -725.289042 0.092250 0.855039 0.004880 0.510269
640.000000 1166.677962 -89.481544 -726.579583 0.091807 0.855484 0.003912 0.509612
641.000000 1169.088952 -89.781891 -727.828514 0.090946 0.856017 0.003667 0.508872
642.000000 1171.481611 -90.074325 -729.119984 0.091318 0.855615 0.003448 0.509482
643.000000 1173.863738 -90.359327 -730.425049 0.091275 0.855800 0.004056 0.509175
644.000000 1176.246577 -90.659213 -731.726148 0.092130 0.855562 0.004081 0.509420
645.000000 1178.611381 -90.927377 -733.067251 0.091407 0.854718 0.005629 0.510950
646.000000 1181.000403 -91.167916 -734.368304 0.092457 0.854418 0.005719 0.511262
647.000000 1183.396416 -91.452884 -735.649987 0.092209 0.854432 0.005138 0.511289
648.000000 1185.796374 -91.711243 -736.929737 0.091927 0.854013 0.005294 0.512038
649.000000 1188.166073 -91.974459 -738.268393 0.091721 0.853596 0.006080 0.512761
650.000000 1190.568210 -92.270131 -739.536841 0.091590 0.853944 0.005171 0.512216
651.000000 1192.967225 -92.526958 -740.806684 0.091929 0.853955 0.005890 0.512128
652.000000 1195.341107 -92.795991 -742.113780 0.091865 0.853604 0.006837 0.512713
653.000000 1197.748270 -93.081276 -743.374939 0.091663 0.854260 0.007486 0.511645
654.000000 1200.159456 -93.338166 -744.632082 0.091268 0.854082 0.008409 0.511999
655.000000 1202.543086 -93.639438 -745.927692 0.091282 0.854128 0.007775 0.511930
656.000000 1204.946546 -93.889135 -747.201987 0.090917 0.853959 0.007444 0.512283
657.000000 1207.329140 -94.152771 -748.492375 0.089933 0.853825 0.008340 0.512666
658.000000 1209.767096 -94.421252 -749.688364 0.089665 0.853787 0.008672 0.512769
659.000000 1212.156438 -94.686041 -750.976380 0.089474 0.853279 0.008784 0.513646
660.000000 1214.588833 -94.946825 -752.193584 0.089928 0.853198 0.008618 0.513704
661.000000 1216.991472 -95.179573 -753.467013 0.090695 0.852780 0.008995 0.514256
662.000000 1219.415783 -95.439349 -754.680926 0.091749 0.853084 0.009906 0.513549
663.000000 1221.812574 -95.669915 -755.964329 0.092826 0.852949 0.010664 0.513563
664.000000 1224.173837 -95.900510 -757.312988 0.092153 0.852530 0.010874 0.514375
665.000000 1226.583664 -96.157218 -758.561688 0.091098 0.852979 0.010481 0.513827
666.000000 1229.003240 -96.406900 -759.786745 0.090851 0.853168 0.009895 0.513569
667.000000 1231.367498 -96.638643 -761.112183 0.091445 0.852617 0.010678 0.514362
668.000000 1233.765492 -96.871541 -762.400467 0.091907 0.852397 0.011440 0.514628
669.000000 1236.170275 -97.095516 -763.663101 0.092401 0.852480 0.012187 0.514384
670.000000 1238.540116 -97.322390 -764.989236 0.092501 0.851190 0.012719 0.516486
671.000000 1240.940285 -97.583879 -766.260228 0.092427 0.851168 0.011968 0.516553
672.000000 1243.354290 -97.837271 -767.488076 0.092174 0.851748 0.011301 0.515657
673.000000 1245.757141 -98.080026 -768.750376 0.092727 0.851456 0.010576 0.516055
674.000000 1248.133522 -98.294889 -770.048571 0.093167 0.851194 0.011147 0.516395
675.000000 1250.536589 -98.543353 -771.279080 0.093122 0.851058 0.011278 0.516624
676.000000 1252.918846 -98.778640 -772.549473 0.093305 0.850574 0.012124 0.517369
677.000000 1255.313129 -99.020130 -773.789509 0.094340 0.850850 0.012011 0.516730
678.000000 1257.700637 -99.298324 -775.033103 0.094259 0.851319 0.011593 0.515981
679.000000 1260.073468 -99.519805 -776.313131 0.094955 0.851165 0.011820 0.516103
680.000000 1262.446674 -99.763195 -777.579386 0.094875 0.850957 0.012536 0.516443
681.000000 1264.888876 -100.067934 -778.679471 0.094629 0.851851 0.012956 0.515003
682.000000 1267.259966 -100.324257 -779.950134 0.093727 0.851478 0.013860 0.515760
683.000000 1269.676996 -100.542382 -781.129771 0.094242 0.851134 0.014680 0.516211
684.000000 1272.046297 -100.776214 -782.406095 0.094333 0.850723 0.015411 0.516850
685.000000 1274.450842 -100.990358 -783.603091 0.095288 0.850991 0.016034 0.516214
686.000000 1276.849858 -101.219642 -784.818028 0.095468 0.851199 0.015902 0.515843
687.000000 1279.235959 -101.473716 -786.060390 0.094994 0.851169 0.016040 0.515975
688.000000 1281.646721 -101.781639 -787.226399 0.094567 0.851692 0.015337 0.515212
689.000000 1284.040305 -102.044174 -788.446282 0.093933 0.852163 0.015234 0.514551
690.000000 1286.425288 -102.300925 -789.682726 0.094048 0.852105 0.014340 0.514651
691.000000 1288.768898 -102.498223 -790.985899 0.093851 0.851464 0.014638 0.515739
692.000000 1291.111072 -102.701335 -792.304531 0.093479 0.849784 0.015384 0.518548
693.000000 1293.488220 -102.916818 -793.544734 0.094148 0.849267 0.015210 0.519278
694.000000 1295.898558 -103.146410 -794.704502 0.094174 0.849304 0.015320 0.519210
695.000000 1298.328583 -103.408684 -795.806060 0.094497 0.849470 0.015968 0.518861
696.000000 1300.718288 -103.665547 -796.975762 0.095314 0.848972 0.015516 0.519540
697.000000 1303.132440 -103.863252 -798.112407 0.095448 0.849321 0.016539 0.518912
698.000000 1305.470469 -104.037056 -799.393135 0.095518 0.848292 0.017986 0.520532
699.000000 1307.771643 -104.204976 -800.735528 0.095349 0.847419 0.019086 0.521943
700.000000 1310.154816 -104.421284 -801.924836 0.096159 0.847335 0.018117 0.521966
701.000000 1312.495755 -104.627181 -803.190667 0.095746 0.846208 0.018378 0.523858
702.000000 1314.884888 -104.838050 -804.370045 0.096246 0.845621 0.019032 0.524690
703.000000 1317.315532 -105.123837 -805.434245 0.095654 0.846451 0.019535 0.523439
704.000000 1319.697775 -105.324261 -806.618282 0.097234 0.845986 0.020005 0.523882
705.000000 1322.092667 -105.553850 -807.764757 0.097355 0.846074 0.019766 0.523727
706.000000 1324.464402 -105.758516 -808.966236 0.097768 0.845643 0.019465 0.524357
707.000000 1326.877472 -105.991090 -810.084369 0.097468 0.847055 0.018638 0.522159
708.000000 1329.246433 -106.228197 -811.281396 0.097763 0.846629 0.018702 0.522793
709.000000 1331.568064 -106.464053 -812.554617 0.097652 0.845513 0.019110 0.524602
710.000000 1333.895777 -106.672532 -813.813988 0.097647 0.845148 0.019172 0.525188
711.000000 1336.221803 -106.877909 -815.082442 0.098003 0.843553 0.019308 0.527675
712.000000 1338.589814 -107.099581 -816.260473 0.098000 0.843357 0.019377 0.527986
713.000000 1340.936809 -107.280769 -817.475275 0.097438 0.842823 0.019633 0.528932
714.000000 1343.324044 -107.438938 -818.608994 0.097390 0.842732 0.019825 0.529080
715.000000 1345.719746 -107.723139 -819.683790 0.097227 0.842892 0.018913 0.528887
716.000000 1348.113960 -107.995176 -820.769531 0.097243 0.842891 0.018903 0.528887
717.000000 1350.462020 -108.214108 -821.932944 0.097185 0.842521 0.019000 0.529484
718.000000 1352.822776 -108.435051 -823.069578 0.097387 0.842279 0.019096 0.529828
719.000000 1355.247777 -108.663040 -824.058975 0.097292 0.843787 0.019359 0.527431
720.000000 1357.509555 -108.797431 -825.374594 0.097567 0.842760 0.020257 0.528986
721.000000 1359.883090 -108.973906 -826.475385 0.097306 0.842880 0.021112 0.528809
722.000000 1362.240989 -109.210972 -827.577061 0.097695 0.843070 0.019999 0.528478
723.000000 1364.605888 -109.484524 -828.641643 0.097811 0.844323 0.019214 0.526482
724.000000 1366.939824 -109.710772 -829.779523 0.097098 0.844246 0.019342 0.526731
725.000000 1369.251163 -109.919687 -830.935663 0.097062 0.844330 0.019474 0.526598
726.000000 1371.588155 -110.144764 -832.037324 0.096206 0.845015 0.018964 0.525675
727.000000 1373.954046 -110.359905 -833.072328 0.096806 0.846697 0.017971 0.522886
728.000000 1376.314851 -110.603280 -834.092356 0.096418 0.847974 0.017981 0.520884
729.000000 1378.598587 -110.844957 -835.254862 0.096235 0.847651 0.017530 0.521458
730.000000 1380.876353 -111.071861 -836.426508 0.096811 0.846911 0.017893 0.522542
731.000000 1383.149829 -111.287578 -837.591176 0.096621 0.846422 0.018264 0.523356
732.000000 1385.437909 -111.528108 -838.723134 0.096658 0.846784 0.016984 0.522805
733.000000 1387.698682 -111.753677 -839.881644 0.097077 0.846399 0.017574 0.523332
734.000000 1389.937386 -111.952029 -841.066750 0.097528 0.845926 0.018095 0.523994
735.000000 1392.277099 -112.228985 -842.038944 0.097368 0.848537 0.016847 0.519827
736.000000 1394.523629 -112.420861 -843.214101 0.095748 0.848361 0.017577 0.520392
737.000000 1396.772957 -112.624374 -844.375611 0.094859 0.848095 0.017749 0.520982
738.000000 1399.039610 -112.850999 -845.474162 0.095537 0.849247 0.017417 0.518989
739.000000 1401.303859 -113.075745 -846.568452 0.095732 0.850182 0.017175 0.517427
740.000000 1403.561343 -113.313807 -847.682101 0.096974 0.850245 0.016379 0.517119
741.000000 1405.768068 -113.495912 -848.893541 0.096007 0.848860 0.017052 0.519546
742.000000 1407.994879 -113.713709 -850.049807 0.095708 0.848855 0.016433 0.519630
743.000000 1410.259942 -113.975371 -851.111950 0.095201 0.850000 0.015629 0.517873
744.000000 1412.433803 -114.113735 -852.358423 0.095211 0.849636 0.015969 0.518458
745.000000 1414.700998 -114.376768 -853.400815 0.095303 0.849794 0.015982 0.518182
746.000000 1416.923944 -114.612568 -854.516823 0.096107 0.849880 0.017093 0.517856
747.000000 1419.170441 -114.847508 -855.583799 0.096011 0.850237 0.018378 0.517244
748.000000 1421.338409 -115.001591 -856.807923 0.096153 0.850254 0.018313 0.517191
749.000000 1423.567606 -115.215534 -857.900400 0.095307 0.849926 0.017281 0.517923
750.000000 1425.760800 -115.414569 -859.063621 0.094372 0.849541 0.015496 0.518782
751.000000 1427.962916 -115.617925 -860.190383 0.094516 0.849596 0.015563 0.518664
752.000000 1430.158813 -115.827107 -861.319276 0.095663 0.849140 0.016330 0.519175
753.000000 1432.365550 -116.025607 -862.405470 0.095943 0.848931 0.017095 0.519442
754.000000 1434.498256 -116.254426 -863.612214 0.095355 0.848258 0.017924 0.520620
755.000000 1436.724459 -116.545507 -864.636582 0.094627 0.848273 0.017760 0.520733
756.000000 1438.896990 -116.792462 -865.753140 0.094061 0.847947 0.017372 0.521379
757.000000 1441.185103 -117.034831 -866.598118 0.094006 0.848733 0.016259 0.520145
758.000000 1443.350083 -117.246642 -867.713756 0.094670 0.848509 0.015302 0.520419
759.000000 1445.510942 -117.458488 -868.833628 0.094401 0.848869 0.014628 0.519899
760.000000 1447.730135 -117.716917 -869.803888 0.093354 0.850017 0.014667 0.518209
761.000000 1449.966298 -117.978952 -870.718608 0.094150 0.852024 0.014073 0.514774
762.000000 1452.051431 -118.203219 -871.934809 0.094547 0.851562 0.014749 0.515446
763.000000 1454.163214 -118.438247 -873.092165 0.094541 0.851922 0.014693 0.514854
764.000000 1456.320989 -118.648019 -874.173374 0.095613 0.852296 0.014191 0.514051
765.000000 1458.444573 -118.871176 -875.317669 0.095330 0.852311 0.013513 0.514097
766.000000 1460.576121 -119.097879 -876.430211 0.094244 0.852674 0.013886 0.513685
767.000000 1462.699252 -119.304165 -877.558520 0.094758 0.852519 0.014286 0.513837
768.000000 1464.731322 -119.533349 -878.824342 0.094510 0.852384 0.014465 0.514101
769.000000 1466.921591 -119.718480 -879.827159 0.094242 0.853682 0.014891 0.511979
770.000000 1469.024626 -119.939158 -880.979047 0.094152 0.854346 0.015030 0.510884
771.000000 1471.128155 -120.154985 -882.121767 0.093932 0.855059 0.014240 0.509753
772.000000 1473.175825 -120.289244 -883.368259 0.094296 0.855432 0.013488 0.509080
773.000000 1475.124317 -120.493450 -884.741362 0.094254 0.856063 0.012434 0.508053
774.000000 1477.194296 -120.600293 -885.950316 0.094333 0.856745 0.012246 0.506893
775.000000 1479.258299 -120.798787 -887.131690 0.093290 0.856906 0.012494 0.506807
776.000000 1481.320961 -120.995429 -888.310494 0.094078 0.857617 0.012151 0.505464
777.000000 1483.385263 -121.199742 -889.477402 0.094881 0.857465 0.012205 0.505572
778.000000 1485.465467 -121.394806 -890.601819 0.095556 0.857482 0.012253 0.505414
779.000000 1487.535801 -121.647661 -891.730407 0.097051 0.858637 0.010827 0.503196
780.000000 1489.619758 -121.888349 -892.819430 0.097188 0.860277 0.010492 0.500368
781.000000 1491.695316 -122.116079 -893.922197 0.096528 0.861183 0.009840 0.498949
782.000000 1493.778253 -122.391233 -894.990493 0.096921 0.862023 0.008562 0.497443
783.000000 1495.821745 -122.592492 -896.124243 0.097119 0.862702 0.008345 0.496230
784.000000 1497.871501 -122.911575 -897.225893 0.097916 0.864142 0.007810 0.493568
785.000000 1499.924532 -123.158623 -898.322000 0.098180 0.865861 0.007026 0.490506
786.000000 1501.908056 -123.381002 -899.532689 0.098256 0.866150 0.007197 0.489978
787.000000 1503.886192 -123.595081 -900.731026 0.097722 0.866627 0.008015 0.489228
788.000000 1505.818271 -123.840870 -902.001226 0.097306 0.866601 0.007965 0.489358
789.000000 1507.805367 -124.085954 -903.161042 0.097087 0.867707 0.008478 0.487428
790.000000 1509.780296 -124.316159 -904.334869 0.098101 0.868836 0.008337 0.485211
791.000000 1511.693866 -124.527847 -905.598397 0.098662 0.868614 0.008731 0.485489
792.000000 1513.600809 -124.759275 -906.857236 0.098462 0.868099 0.008859 0.486447
793.000000 1515.555460 -124.988315 -908.040009 0.099233 0.868923 0.008699 0.484819
794.000000 1517.459813 -125.194435 -909.286964 0.098723 0.868702 0.009583 0.485303
795.000000 1519.469356 -125.483195 -910.335333 0.098288 0.869189 0.008965 0.484530
796.000000 1521.462384 -125.695252 -911.416609 0.098865 0.870871 0.008082 0.481398
797.000000 1523.329834 -125.942844 -912.667895 0.099530 0.870846 0.008630 0.481297
798.000000 1525.215147 -126.153821 -913.916387 0.100516 0.869952 0.007871 0.482720
799.000000 1527.091128 -126.369628 -915.157322 0.100558 0.869614 0.007831 0.483320
800.000000 1528.917129 -126.531792 -916.469484 0.099589 0.870247 0.007136 0.482392
801.000000 1530.785493 -126.806409 -917.696482 0.098252 0.869896 0.005159 0.483322
802.000000 1532.640710 -127.027755 -918.934727 0.097379 0.869377 0.004464 0.484439
803.000000 1534.539530 -127.244405 -920.103618 0.098160 0.870073 0.003820 0.483036
804.000000 1536.441835 -127.454881 -921.237955 0.099868 0.869994 0.006146 0.482804
805.000000 1538.340273 -127.683673 -922.366001 0.101166 0.870351 0.009265 0.481839
806.000000 1540.177091 -127.867352 -923.593135 0.100816 0.869595 0.010955 0.483240
807.000000 1542.134890 -127.979333 -924.639272 0.099381 0.869192 0.009946 0.484284
808.000000 1543.875626 -128.074837 -926.009746 0.099403 0.868452 0.009451 0.485615
809.000000 1545.770673 -128.241961 -927.144631 0.099576 0.868563 0.008569 0.485397
810.000000 1547.659426 -128.425804 -928.287014 0.099775 0.868284 0.007431 0.485873
811.000000 1549.470555 -128.599974 -929.531729 0.099750 0.867249 0.008349 0.487709
812.000000 1551.257516 -128.777275 -930.806505 0.098885 0.866794 0.008830 0.488684
813.000000 1553.153108 -129.000826 -931.911533 0.098054 0.866406 0.008016 0.489553
814.000000 1554.962657 -129.182295 -933.167017 0.098465 0.864938 0.007793 0.492062
815.000000 1556.834876 -129.423527 -934.275002 0.098969 0.865870 0.007246 0.490328
816.000000 1558.655018 -129.598951 -935.476904 0.100116 0.865771 0.007524 0.490266
817.000000 1560.539324 -129.888909 -936.558411 0.101359 0.865972 0.006724 0.489668
818.000000 1562.440683 -130.156878 -937.609284 0.101869 0.866331 0.005778 0.488937
819.000000 1564.371330 -130.370540 -938.616531 0.102394 0.866071 0.005504 0.489292
820.000000 1566.173707 -130.575843 -939.829164 0.102170 0.866119 0.005345 0.489255
821.000000 1568.096566 -130.802971 -940.816680 0.102264 0.865698 0.005538 0.489979
822.000000 1569.993761 -131.047821 -941.844049 0.102116 0.866342 0.005288 0.488873
823.000000 1571.779517 -131.196288 -943.064211 0.103118 0.866735 0.005622 0.487962
824.000000 1573.612913 -131.386952 -944.204010 0.103464 0.867096 0.005449 0.487247
825.000000 1575.403154 -131.531403 -945.405113 0.103375 0.867655 0.005039 0.486274
826.000000 1577.223043 -131.752157 -946.551652 0.103139 0.867993 0.004763 0.485724
827.000000 1579.168524 -132.033716 -947.465691 0.103002 0.867990 0.004845 0.485758
828.000000 1580.988672 -132.263634 -948.579785 0.102641 0.868389 0.004157 0.485127
829.000000 1582.813374 -132.490880 -949.671021 0.103809 0.868318 0.003459 0.485010
830.000000 1584.634256 -132.749627 -950.784228 0.103767 0.868562 0.003389 0.484583
831.000000 1586.434049 -132.977583 -951.915641 0.103063 0.868285 0.003111 0.485232
832.000000 1588.265520 -133.235021 -952.979014 0.102817 0.867843 0.004334 0.486065
833.000000 1590.031155 -133.424152 -954.156364 0.103592 0.867886 0.005647 0.485809
834.000000 1591.788276 -133.604165 -955.355528 0.103667 0.867165 0.006023 0.487074
835.000000 1593.574956 -133.823626 -956.482356 0.103668 0.866579 0.004896 0.488129
836.000000 1595.438062 -134.116536 -957.460933 0.104241 0.867511 0.002985 0.486364
837.000000 1597.231408 -134.344669 -958.572195 0.104330 0.867039 0.002533 0.487188
838.000000 1599.057209 -134.606564 -959.612626 0.103809 0.867306 0.000936 0.486830
839.000000 1600.866725 -134.842017 -960.685103 0.103791 0.867010 0.000805 0.487361
840.000000 1602.653239 -135.075810 -961.772159 0.104604 0.866832 0.002019 0.487501
841.000000 1604.369568 -135.195267 -962.974227 0.104821 0.866795 0.002366 0.487518
842.000000 1606.123104 -135.400118 -964.124959 0.103609 0.866260 0.002771 0.488724
843.000000 1607.861584 -135.625410 -965.228541 0.104059 0.865161 0.003653 0.490565
844.000000 1609.610518 -135.802511 -966.334940 0.103357 0.865218 0.004033 0.490611
845.000000 1611.370930 -136.022963 -967.375653 0.102548 0.865649 0.004239 0.490018
846.000000 1613.079528 -136.243132 -968.494681 0.100942 0.865023 0.005334 0.491445
847.000000 1614.807822 -136.435275 -969.555108 0.098927 0.864950 0.005508 0.491980
848.000000 1616.534315 -136.638009 -970.598640 0.098367 0.865271 0.004792 0.491536
849.000000 1617.455571 -136.596421 -972.394706 0.098454 0.863889 0.004835 0.493943
850.000000 1619.196404 -136.847559 -973.354921 0.099700 0.864206 0.003979 0.493146
851.000000 1620.909268 -137.080780 -974.382116 0.101417 0.864878 0.003240 0.491619
852.000000 1622.577121 -137.294092 -975.437815 0.102146 0.865057 0.003297 0.491153
853.000000 1624.333496 -137.582067 -976.308836 0.102380 0.865503 0.002459 0.490324
854.000000 1625.836171 -137.737507 -977.585716 0.101923 0.865652 0.001919 0.490157
855.000000 1627.484612 -137.939412 -978.628571 0.102545 0.865509 0.000963 0.490284
856.000000 1629.083912 -138.100580 -979.759704 0.103169 0.865752 -0.000030 0.489724
857.000000 1630.743366 -138.331878 -980.767961 0.103297 0.866187 -0.001405 0.488924
858.000000 1632.370025 -138.580525 -981.809102 0.102434 0.866260 -0.001635 0.488977
859.000000 1633.975506 -138.802130 -982.862881 0.100982 0.866152 -0.000765 0.489471
860.000000 1635.603175 -139.028649 -983.855548 0.099017 0.866339 -0.000738 0.489542
861.000000 1637.208655 -139.266558 -984.859174 0.096874 0.867159 -0.000509 0.488519
862.000000 1638.813278 -139.496116 -985.838553 0.095065 0.867670 -0.000045 0.487967
863.000000 1640.400209 -139.689813 -986.818922 0.094191 0.868201 0.001623 0.487188
864.000000 1641.946322 -139.910962 -987.829042 0.092495 0.868530 0.002049 0.486925
865.000000 1643.358623 -140.018340 -989.010844 0.091093 0.868316 0.002932 0.487566
866.000000 1644.988637 -140.221619 -989.823201 0.089889 0.869340 0.003540 0.485958
867.000000 1646.552410 -140.356430 -990.748765 0.089109 0.869783 0.004599 0.485300
868.000000 1648.123173 -140.520357 -991.624716 0.087778 0.870511 0.005574 0.484226
869.000000 1649.587362 -140.689939 -992.642310 0.086326 0.871007 0.005949 0.483590
870.000000 1651.093161 -140.847203 -993.573777 0.085372 0.871862 0.006108 0.482215
871.000000 1652.556171 -141.022167 -994.534050 0.084221 0.872346 0.006303 0.481538
872.000000 1654.023290 -141.176784 -995.454702 0.082809 0.873047 0.006575 0.480508
873.000000 1655.513510 -141.363334 -996.290490 0.082495 0.874480 0.006687 0.477949
874.000000 1656.862767 -141.469608 -997.325739 0.082561 0.875487 0.006464 0.476093
875.000000 1658.267918 -141.614522 -998.250352 0.081638 0.876828 0.005951 0.473785
876.000000 1659.747980 -141.748695 -999.014204 0.081076 0.878851 0.005715 0.470122
877.000000 1661.172186 -141.911994 -999.831265 0.080843 0.880762 0.005623 0.466574
878.000000 1662.500942 -142.040723 -1000.779159 0.080485 0.882676 0.005590 0.463005
879.000000 1663.802092 -142.159595 -1001.716727 0.082079 0.885065 0.004963 0.458147
880.000000 1665.034603 -142.292115 -1002.750951 0.082387 0.887543 0.004719 0.453274
881.000000 1666.346570 -142.412552 -1003.664526 0.081964 0.891304 0.004905 0.445909
882.000000 1667.593027 -142.555825 -1004.596514 0.080416 0.895119 0.004677 0.438489
883.000000 1668.848693 -142.668533 -1005.551225 0.079666 0.898737 0.004461 0.431168
884.000000 1670.047530 -142.772045 -1006.559415 0.078336 0.902461 0.004870 0.423562
885.000000 1671.188624 -142.881506 -1007.578263 0.077176 0.905869 0.004527 0.416444
886.000000 1672.429644 -143.009343 -1008.511175 0.077550 0.910665 0.003355 0.405787
887.000000 1673.569631 -143.107391 -1009.498606 0.078000 0.915121 0.003839 0.395544
888.000000 1674.694245 -143.198220 -1010.556183 0.077744 0.919125 0.004226 0.386196
889.000000 1675.790805 -143.316968 -1011.634691 0.076475 0.923317 0.002920 0.376336
890.000000 1676.820317 -143.401981 -1012.716647 0.075033 0.927425 0.002536 0.366397
891.000000 1677.882197 -143.524844 -1013.823446 0.074615 0.931728 0.001900 0.355405
892.000000 1678.947498 -143.633600 -1014.928668 0.074661 0.936192 0.001175 0.343466
893.000000 1679.909570 -143.737116 -1016.045531 0.074648 0.940401 0.001007 0.331773
894.000000 1680.827958 -143.821467 -1017.270604 0.075070 0.944585 0.000434 0.319567
895.000000 1681.703495 -143.932931 -1018.446810 0.074984 0.948841 -0.001241 0.306719
896.000000 1682.611530 -144.048286 -1019.682635 0.074479 0.953073 -0.002904 0.293420
897.000000 1683.469640 -144.150403 -1020.952730 0.072900 0.956828 -0.005375 0.281313
898.000000 1684.078151 -144.206150 -1022.284658 0.072123 0.960165 -0.007155 0.269871
899.000000 1684.861805 -144.298052 -1023.598155 0.070942 0.963742 -0.007346 0.257126
900.000000 1685.726448 -144.413525 -1024.845026 0.071050 0.967375 -0.006355 0.243098
901.000000 1686.396457 -144.461416 -1026.142161 0.070133 0.970844 -0.005775 0.229152
902.000000 1686.903624 -144.508110 -1027.578664 0.069919 0.973818 -0.005759 0.216232
903.000000 1687.545306 -144.509305 -1028.884304 0.069172 0.976837 -0.005617 0.202419
904.000000 1688.292018 -144.601721 -1030.211259 0.068627 0.979847 -0.006707 0.187470
905.000000 1688.778003 -144.696963 -1031.654740 0.067861 0.982368 -0.007385 0.174052
906.000000 1689.224218 -144.734040 -1033.035202 0.066656 0.984793 -0.006742 0.160294
907.000000 1689.616047 -144.791366 -1034.503789 0.066178 0.986938 -0.006820 0.146719
908.000000 1690.112830 -144.836026 -1035.933551 0.065111 0.989014 -0.006581 0.132548
909.000000 1690.442472 -144.898381 -1037.356689 0.064396 0.990768 -0.008095 0.119025
910.000000 1690.703158 -144.962781 -1038.849209 0.062989 0.992321 -0.008655 0.106098
911.000000 1690.994432 -145.054888 -1040.271653 0.063477 0.993643 -0.009323 0.092510
912.000000 1691.245468 -145.101804 -1041.762106 0.062894 0.994882 -0.008675 0.078607
913.000000 1691.514166 -145.151930 -1043.244246 0.062919 0.995873 -0.009306 0.064738
914.000000 1691.703066 -145.176249 -1044.694245 0.060593 0.996800 -0.009411 0.051272
915.000000 1691.848980 -145.250600 -1046.197612 0.060564 0.997398 -0.009871 0.037847
916.000000 1691.968207 -145.317854 -1047.701342 0.058809 0.997940 -0.010297 0.023477
917.000000 1691.995998 -145.363769 -1049.163076 0.058088 0.998204 -0.011044 0.009610
918.000000 1691.985677 -145.399209 -1050.670067 0.058015 0.998244 -0.011067 -0.004469
919.000000 1692.361414 -145.524890 -1052.129476 0.056734 0.998145 -0.011009 -0.019157
920.000000 1692.274574 -145.597892 -1053.591948 0.056002 0.997828 -0.011452 -0.032755
921.000000 1692.190269 -145.644071 -1055.099722 0.054338 0.997408 -0.011681 -0.045704
922.000000 1692.116702 -145.711744 -1056.567405 0.053469 0.996765 -0.012316 -0.058720
923.000000 1692.411442 -145.728282 -1058.050320 0.052888 0.995785 -0.012866 -0.073823
924.000000 1692.204282 -145.838832 -1059.545282 0.052774 0.994729 -0.013671 -0.086842
925.000000 1691.932796 -145.895342 -1061.000726 0.051327 0.993571 -0.013629 -0.099987
926.000000 1691.590463 -145.947637 -1062.472842 0.050797 0.992208 -0.013268 -0.112993
927.000000 1691.228592 -146.013511 -1063.943548 0.049993 0.990695 -0.012380 -0.125982
928.000000 1690.963703 -146.081274 -1065.410313 0.049945 0.988630 -0.012183 -0.141306
929.000000 1690.619359 -146.081769 -1066.895224 0.049874 0.986665 -0.012079 -0.154466
930.000000 1690.150874 -146.090954 -1068.317511 0.049976 0.984282 -0.013169 -0.168875
931.000000 1689.472688 -146.052402 -1069.689723 0.049615 0.981970 -0.014549 -0.181828
932.000000 1688.943080 -146.083109 -1071.125022 0.049417 0.979338 -0.015466 -0.195489
933.000000 1688.443233 -146.150464 -1072.543626 0.048977 0.976174 -0.014983 -0.210857
934.000000 1687.800450 -146.204018 -1073.930776 0.048123 0.973189 -0.015291 -0.224394
935.000000 1687.106172 -146.261122 -1075.295642 0.047162 0.970036 -0.016209 -0.237787
936.000000 1686.371677 -146.320077 -1076.624107 0.045990 0.966660 -0.017132 -0.251318
937.000000 1685.617027 -146.363889 -1077.958251 0.045891 0.963070 -0.017583 -0.264728
938.000000 1684.818660 -146.381073 -1079.262355 0.045788 0.959292 -0.017304 -0.278143
939.000000 1683.864944 -146.466189 -1080.447384 0.044787 0.955523 -0.017700 -0.290960
940.000000 1682.983161 -146.484624 -1081.697235 0.043947 0.951304 -0.018438 -0.304548
941.000000 1682.084524 -146.528329 -1082.928911 0.043431 0.946555 -0.018739 -0.319056
942.000000 1681.157869 -146.559307 -1084.150652 0.042759 0.941388 -0.018915 -0.334069
943.000000 1680.170511 -146.612197 -1085.322059 0.040952 0.936251 -0.019804 -0.348374
944.000000 1679.165332 -146.630335 -1086.481638 0.040046 0.930821 -0.020592 -0.362691
945.000000 1678.082772 -146.667072 -1087.558889 0.039230 0.925690 -0.021453 -0.375632
946.000000 1677.033279 -146.712536 -1088.664822 0.038446 0.919871 -0.021786 -0.389724
947.000000 1675.943114 -146.741568 -1089.746402 0.037191 0.913899 -0.022609 -0.403603
948.000000 1674.818888 -146.774583 -1090.765887 0.036080 0.907882 -0.022116 -0.417084
949.000000 1673.607802 -146.817172 -1091.712421 0.034654 0.901772 -0.023078 -0.430201
950.000000 1672.446555 -146.871055 -1092.688684 0.034375 0.895073 -0.024305 -0.443928
951.000000 1671.195994 -146.879162 -1093.545178 0.033502 0.888413 -0.024799 -0.457149
952.000000 1669.897724 -146.962917 -1094.373793 0.032313 0.881752 -0.025382 -0.469921
953.000000 1668.567748 -147.033018 -1095.102298 0.030335 0.875088 -0.025218 -0.482353
954.000000 1667.265008 -147.063638 -1095.884230 0.028993 0.868182 -0.024540 -0.494789
955.000000 1665.888229 -147.091059 -1096.603345 0.027313 0.861722 -0.025344 -0.506011
956.000000 1664.536611 -147.127058 -1097.308786 0.026488 0.854578 -0.026072 -0.517992
957.000000 1663.152059 -147.163339 -1098.034533 0.026587 0.846840 -0.026719 -0.530511
958.000000 1661.784950 -147.222925 -1098.722077 0.025703 0.839027 -0.026683 -0.542827
959.000000 1660.380753 -147.255986 -1099.338438 0.024477 0.832384 -0.026464 -0.553026
960.000000 1658.911408 -147.260781 -1099.903578 0.022739 0.824838 -0.027095 -0.564262
961.000000 1657.446609 -147.287507 -1100.392406 0.021061 0.818438 -0.027754 -0.573538
962.000000 1655.972965 -147.335483 -1100.874335 0.019611 0.811734 -0.028324 -0.583011
963.000000 1654.487988 -147.372096 -1101.440243 0.017749 0.804256 -0.027993 -0.593358
964.000000 1652.987825 -147.413045 -1101.866331 0.016705 0.797568 -0.027570 -0.602367
965.000000 1651.449672 -147.464246 -1102.181805 0.015955 0.791006 -0.029223 -0.610902
966.000000 1649.911416 -147.504998 -1102.648878 0.016695 0.783365 -0.028178 -0.620699
967.000000 1648.373823 -147.547761 -1103.007022 0.015829 0.775962 -0.027555 -0.629978
968.000000 1646.782180 -147.601329 -1103.290605 0.015327 0.769602 -0.027661 -0.637740
969.000000 1645.221361 -147.665004 -1103.613428 0.015141 0.762824 -0.028160 -0.645815
970.000000 1643.635695 -147.708739 -1103.849838 0.013607 0.756636 -0.029294 -0.653038
971.000000 1642.021362 -147.754332 -1104.073423 0.011849 0.751740 -0.030082 -0.658667
972.000000 1640.428256 -147.802476 -1104.352633 0.009814 0.746145 -0.030342 -0.665020
973.000000 1638.813193 -147.884605 -1104.527546 0.008632 0.741520 -0.030203 -0.670195
974.000000 1637.185887 -147.978706 -1104.760847 0.007979 0.735461 -0.029887 -0.676860
975.000000 1635.550469 -148.056383 -1104.888476 0.007309 0.730718 -0.030550 -0.681957
976.000000 1633.904906 -148.122836 -1104.977840 0.006582 0.726246 -0.030741 -0.686716
977.000000 1632.243846 -148.224439 -1105.087264 0.006660 0.721919 -0.030862 -0.691257
978.000000 1630.583946 -148.295923 -1105.197873 0.006725 0.718217 -0.030055 -0.695137
979.000000 1628.907550 -148.408437 -1105.126788 0.007124 0.716052 -0.030808 -0.697330
980.000000 1627.237296 -148.478604 -1105.211186 0.007331 0.713130 -0.031475 -0.700286
981.000000 1625.544326 -148.585415 -1105.110220 0.007542 0.711237 -0.032095 -0.702179
982.000000 1623.851107 -148.689844 -1105.171722 0.006661 0.708912 -0.032268 -0.704527
983.000000 1622.156858 -148.803615 -1105.221223 0.006569 0.707040 -0.033088 -0.706369
984.000000 1620.453652 -148.878710 -1105.216560 -0.006367 -0.705246 0.033278 0.708153
985.000000 1618.754339 -148.969554 -1105.212197 -0.006652 -0.703310 0.033169 0.710078
986.000000 1617.058827 -149.057026 -1105.357177 -0.006663 -0.701927 0.033391 0.711435
987.000000 1615.355060 -149.108555 -1105.245423 -0.005944 -0.700479 0.033833 0.712846
988.000000 1613.653477 -149.182747 -1105.154458 -0.005920 -0.699987 0.033838 0.713329
989.000000 1611.953638 -149.321285 -1105.224462 -0.005706 -0.699049 0.033850 0.714250
990.000000 1610.251524 -149.413349 -1105.227678 -0.005951 -0.698734 0.033696 0.714563
991.000000 1608.548590 -149.553903 -1105.301684 -0.005806 -0.697699 0.033650 0.715576
992.000000 1606.844274 -149.662010 -1105.331878 -0.006210 -0.696734 0.033042 0.716541
993.000000 1605.133567 -149.747309 -1105.317541 -0.005902 -0.696308 0.033029 0.716959
994.000000 1603.427381 -149.848866 -1105.247319 -0.006223 -0.695973 0.033467 0.717260
995.000000 1601.721479 -149.957657 -1105.161645 -0.006883 -0.696302 0.033854 0.716917
996.000000 1600.008301 -150.038452 -1105.092272 -0.006616 -0.696038 0.034571 0.717141
997.000000 1598.301673 -150.183083 -1105.019454 -0.007467 -0.695325 0.034880 0.717810
998.000000 1596.595121 -150.274754 -1104.899085 -0.008209 -0.695390 0.034527 0.717756
999.000000 1594.886876 -150.377947 -1104.771977 -0.008036 -0.695378 0.034625 0.717764
1000.000000 1593.178654 -150.465918 -1104.735503 -0.007838 -0.694771 0.034505 0.718360
1001.000000 1591.468273 -150.542531 -1104.692179 -0.007912 -0.693625 0.034749 0.719454
1002.000000 1589.770378 -150.625828 -1104.620055 -0.009164 -0.693604 0.034216 0.719485
1003.000000 1588.076035 -150.683249 -1104.615179 -0.008682 -0.692666 0.034118 0.720398
1004.000000 1586.399478 -150.785763 -1104.492108 -0.008680 -0.693197 0.032754 0.719951
1005.000000 1584.723372 -150.878259 -1104.473200 -0.008625 -0.692558 0.031827 0.720608
1006.000000 1583.052951 -150.935183 -1104.342510 -0.007618 -0.692342 0.031315 0.720849
1007.000000 1581.393694 -151.025750 -1104.186358 -0.007066 -0.692551 0.031449 0.720649
1008.000000 1579.733218 -151.107760 -1104.155562 -0.006895 -0.691517 0.031286 0.721649
1009.000000 1578.082811 -151.186595 -1104.070437 -0.006530 -0.691249 0.031927 0.721881
1010.000000 1576.435402 -151.254995 -1104.099634 -0.006770 -0.689382 0.031930 0.723663
1011.000000 1574.807777 -151.327020 -1104.070399 -0.006897 -0.685857 0.031621 0.727017
1012.000000 1573.182700 -151.406808 -1103.997870 -0.007087 -0.682812 0.031428 0.729883
1013.000000 1571.581225 -151.479700 -1103.899720 -0.007057 -0.679430 0.030884 0.733056
1014.000000 1569.998714 -151.571981 -1103.758686 -0.006689 -0.675397 0.031133 0.736766
1015.000000 1568.412395 -151.659560 -1103.606823 -0.007083 -0.671465 0.031383 0.740338
1016.000000 1566.859716 -151.741965 -1103.449785 -0.007709 -0.666943 0.030840 0.744430
1017.000000 1565.294802 -151.810684 -1103.318984 -0.007405 -0.661052 0.030531 0.749682
1018.000000 1563.770153 -151.909994 -1103.161587 -0.007059 -0.654333 0.030562 0.755555
1019.000000 1562.274071 -151.986832 -1102.937612 -0.005935 -0.647933 0.030028 0.761082
1020.000000 1560.764111 -152.077866 -1102.658273 -0.005157 -0.640574 0.029791 0.767301
1021.000000 1559.310051 -152.159351 -1102.352662 -0.003761 -0.632621 0.029966 0.773872
1022.000000 1557.866333 -152.232873 -1102.067006 -0.002460 -0.624622 0.029911 0.780350
1023.000000 1556.393405 -152.302189 -1101.738922 -0.001759 -0.615535 0.030662 0.787511
1024.000000 1554.988973 -152.378686 -1101.399682 -0.000727 -0.605680 0.030729 0.795114
1025.000000 1553.535335 -152.453951 -1100.976054 0.000540 -0.594584 0.030432 0.803457
1026.000000 1552.156010 -152.527148 -1100.497951 0.001977 -0.584002 0.031055 0.811155
1027.000000 1550.798689 -152.620490 -1100.020855 0.003794 -0.572946 0.031786 0.818968
1028.000000 1549.375199 -152.696115 -1099.496076 0.006227 -0.561045 0.032833 0.827110
1029.000000 1548.057383 -152.784417 -1098.933130 0.007762 -0.548879 0.032734 0.835225
1030.000000 1546.768101 -152.869912 -1098.300139 0.009853 -0.537204 0.033962 0.842711
1031.000000 1545.393842 -152.960640 -1097.650352 0.010767 -0.524002 0.033957 0.850972
1032.000000 1544.116725 -153.060773 -1097.022174 0.011071 -0.508929 0.034131 0.860060
1033.000000 1542.816751 -153.159501 -1096.221162 0.012632 -0.494546 0.035128 0.868350
1034.000000 1541.622925 -153.272640 -1095.473247 0.013878 -0.479322 0.034913 0.876834
1035.000000 1540.473850 -153.372200 -1094.679685 0.016249 -0.463453 0.034600 0.885296
1036.000000 1539.252097 -153.486265 -1093.775858 0.017900 -0.447753 0.034352 0.893318
1037.000000 1538.150694 -153.602795 -1092.919593 0.019146 -0.432062 0.034530 0.900979
1038.000000 1537.049783 -153.701976 -1092.074456 0.020662 -0.415422 0.034634 0.908734
1039.000000 1535.922207 -153.829822 -1091.065059 0.021875 -0.399742 0.034241 0.915727
1040.000000 1534.914910 -153.934480 -1090.112676 0.022757 -0.383395 0.034251 0.922668
1041.000000 1533.859805 -154.072802 -1089.031576 0.022969 -0.367014 0.033218 0.929338
1042.000000 1532.922927 -154.168749 -1088.019323 0.024881 -0.350408 0.033057 0.935683
1043.000000 1532.058424 -154.268084 -1086.945203 0.027584 -0.335566 0.032610 0.941048
1044.000000 1531.111877 -154.387666 -1085.782984 0.030388 -0.318788 0.033009 0.946763
1045.000000 1530.320297 -154.518109 -1084.655801 0.031849 -0.302854 0.032651 0.951945
1046.000000 1529.549104 -154.628894 -1083.517476 0.034402 -0.287202 0.033832 0.956654
1047.000000 1528.737112 -154.771236 -1082.265650 0.036253 -0.269649 0.033225 0.961702
1048.000000 1528.082581 -154.903672 -1081.054137 0.038089 -0.254045 0.033256 0.965870
1049.000000 1527.307844 -155.051168 -1079.788221 0.040879 -0.235772 0.032098 0.970418
1050.000000 1526.693678 -155.199491 -1078.558935 0.043980 -0.219076 0.032383 0.974178
1051.000000 1526.114709 -155.368066 -1077.299315 0.045330 -0.203898 0.032217 0.977411
1052.000000 1525.559403 -155.529764 -1075.932932 0.045750 -0.189280 0.033498 0.980285
1053.000000 1525.073008 -155.698425 -1074.625792 0.046473 -0.176609 0.033907 0.982599
1054.000000 1524.598317 -155.879889 -1073.317638 0.047728 -0.162237 0.034578 0.984990
1055.000000 1524.158538 -156.037913 -1071.909214 0.050739 -0.147361 0.034635 0.987173
1056.000000 1523.802727 -156.191889 -1070.557343 0.053476 -0.132786 0.034075 0.989114
1057.000000 1523.440164 -156.375581 -1069.208141 0.053959 -0.117853 0.032640 0.991027
1058.000000 1523.154655 -156.539703 -1067.744121 0.053249 -0.102374 0.031455 0.992822
1059.000000 1522.979734 -156.703801 -1066.348695 0.052516 -0.086763 0.029621 0.994403
1060.000000 1522.750335 -156.885359 -1064.877643 0.057423 -0.069394 0.028380 0.995531
1061.000000 1522.565186 -157.069235 -1063.499850 0.064124 -0.052176 0.025371 0.996254
1062.000000 1522.439940 -157.270958 -1062.100716 0.066007 -0.035893 0.023542 0.996895
1063.000000 1522.332974 -157.463312 -1060.610701 0.064966 -0.019018 0.023265 0.997435
1064.000000 1522.256248 -157.665283 -1059.188327 0.062349 -0.001211 0.023839 0.997769
1065.000000 1522.282189 -157.828804 -1057.762738 0.062337 0.015857 0.024501 0.997628
1066.000000 1522.389266 -158.032015 -1056.279189 0.064636 0.030507 0.024481 0.997142
1067.000000 1522.454313 -158.242844 -1054.861872 0.068368 0.048719 0.023175 0.996200
1068.000000 1522.610589 -158.458601 -1053.384152 0.071566 0.065645 0.022594 0.995017
1069.000000 1522.796072 -158.669816 -1051.965081 0.074008 0.083697 0.021098 0.993515
1070.000000 1523.042920 -158.864848 -1050.550511 0.075724 0.100002 0.019274 0.991914
1071.000000 1523.333096 -159.100268 -1049.096326 0.075874 0.116504 0.017160 0.990139
1072.000000 1523.727718 -159.315460 -1047.711883 0.076877 0.130695 0.014679 0.988329
1073.000000 1523.982065 -159.572087 -1046.291006 0.078353 0.149269 0.011250 0.985623
1074.000000 1524.394351 -159.837706 -1044.868021 0.079098 0.164211 0.008955 0.983208
1075.000000 1524.881711 -160.053315 -1043.484762 0.079911 0.178516 0.007778 0.980656
1076.000000 1525.435915 -160.311585 -1042.099088 0.079985 0.192729 0.006979 0.977962
1077.000000 1525.907174 -160.585707 -1040.697852 0.079425 0.207051 0.005155 0.975087
1078.000000 1526.407634 -160.837417 -1039.293396 0.078953 0.221281 0.004109 0.972000
1079.000000 1527.037520 -161.081390 -1037.922533 0.079569 0.232106 0.004067 0.969422
1080.000000 1527.803149 -161.311579 -1036.623189 0.080568 0.242352 0.003435 0.966831
1081.000000 1528.618918 -161.603228 -1035.356807 0.081105 0.251182 0.004268 0.964527
1082.000000 1529.365734 -161.875775 -1034.033279 0.080949 0.259814 0.004090 0.962251
1083.000000 1530.404369 -162.197400 -1032.894576 0.079653 0.266090 0.004000 0.960643
1084.000000 1531.432100 -162.452806 -1031.763402 0.078578 0.271964 0.002327 0.959091
1085.000000 1532.207532 -162.696673 -1030.417805 0.078623 0.280174 0.001852 0.956722
1086.000000 1533.099293 -162.942808 -1029.141318 0.079673 0.284692 0.002325 0.955299
1087.000000 1533.955453 -163.205041 -1027.832200 0.079430 0.290651 0.003855 0.953519
1088.000000 1534.859467 -163.424528 -1026.522204 0.078873 0.294274 0.004558 0.952450
1089.000000 1535.811212 -163.675296 -1025.241905 0.078559 0.296854 0.003710 0.951679
1090.000000 1536.659914 -163.933802 -1023.907131 0.078727 0.300225 0.003020 0.950609
1091.000000 1537.579283 -164.202736 -1022.603627 0.079022 0.301402 0.001868 0.950215
1092.000000 1538.511119 -164.466517 -1021.282277 0.078148 0.302707 0.001695 0.949873
1093.000000 1539.500166 -164.709991 -1019.987469 0.076790 0.303659 0.001750 0.949680
1094.000000 1540.516734 -164.947255 -1018.692208 0.076389 0.303286 0.001412 0.949832
1095.000000 1541.500017 -165.216040 -1017.388085 0.076481 0.303931 0.000963 0.949619
1096.000000 1542.412784 -165.478847 -1016.015516 0.076956 0.304707 0.001135 0.949331
1097.000000 1543.421507 -165.752212 -1014.697281 0.077890 0.304932 0.000847 0.949183
1098.000000 1544.445187 -166.046852 -1013.344526 0.078693 0.304262 0.000304 0.949332
1099.000000 1545.389320 -166.325464 -1012.006822 0.078395 0.305665 0.000879 0.948906
1100.000000 1546.469249 -166.574744 -1010.701542 0.076398 0.306289 0.001657 0.948866
