1.000000 0.000000 0.000000 0.000000 0.000646 0.000296 -0.000397 1.000000
2.000000 0.000000 0.000000 0.000000 -0.000037 0.000873 -0.001117 0.999999
3.000000 -0.033731 -0.084642 3.375647 -0.000670 0.002732 -0.001181 0.999995
4.000000 -0.038301 -0.089261 4.567704 -0.000120 0.003791 -0.001906 0.999991
5.000000 -0.065984 -0.145513 5.761463 -0.000778 0.004769 -0.002461 0.999985
6.000000 -0.078542 -0.185061 6.951636 -0.000255 0.004372 -0.001584 0.999989
7.000000 -0.075871 -0.199238 8.144591 0.000432 0.004564 -0.000382 0.999989
8.000000 -0.046360 -0.218692 9.335840 -0.000289 0.003184 -0.000360 0.999995
9.000000 -0.069242 -0.224378 10.527576 -0.000679 0.002791 -0.000431 0.999996
10.000000 -0.156370 -0.253701 11.715946 -0.000463 0.002364 0.000669 0.999997
11.000000 -0.164085 -0.264335 12.908365 -0.000170 0.001176 0.000898 0.999999
12.000000 -0.190818 -0.274701 14.099997 -0.000012 0.000544 0.000814 1.000000
13.000000 -0.188544 -0.306014 15.293139 -0.000101 -0.000568 -0.000307 1.000000
14.000000 -0.243749 -0.300743 16.483218 0.000740 -0.000110 0.000020 1.000000
15.000000 -0.302343 -0.346081 17.674748 0.000146 0.000495 -0.000039 1.000000
16.000000 -0.307341 -0.345509 18.870689 0.001079 0.000868 -0.000028 0.999999
17.000000 -0.223809 -0.347395 20.061712 0.002104 -0.000708 -0.001294 0.999997
18.000000 -0.262393 -0.381239 21.255493 0.002585 0.000033 -0.000303 0.999997
19.000000 -0.284242 -0.444327 22.448210 0.001447 -0.000292 -0.001022 0.999998
20.000000 -0.265582 -0.471608 23.642347 0.001210 -0.001347 -0.001091 0.999998
21.000000 -0.299074 -0.523389 24.835114 0.001247 -0.002096 -0.000457 0.999997
22.000000 -0.339726 -0.544072 26.030953 0.001192 -0.002432 -0.000519 0.999996
23.000000 -0.399114 -0.557590 27.228431 0.000713 -0.001594 -0.000903 0.999998
24.000000 -0.435248 -0.578655 28.423549 0.000833 -0.000498 -0.001431 0.999999
25.000000 -0.450887 -0.594583 29.614993 0.001472 -0.000773 -0.001366 0.999998
26.000000 -0.476894 -0.629198 30.814343 0.001340 -0.002463 -0.001205 0.999995
27.000000 -0.484270 -0.658607 32.018501 0.001398 -0.003227 -0.000423 0.999994
28.000000 -0.480499 -0.689010 33.206977 0.000988 -0.004330 -0.000562 0.999990
29.000000 -0.509889 -0.719614 34.401383 0.000582 -0.005317 -0.000105 0.999986
30.000000 -0.509185 -0.741439 35.599504 0.000953 -0.006138 0.000616 0.999981
31.000000 -0.611025 -0.814899 36.790239 0.000572 -0.004648 0.002064 0.999987
32.000000 -0.626138 -0.845704 37.987971 -0.000279 -0.005787 0.002875 0.999979
33.000000 -0.613602 -0.830131 39.187011 -0.000434 -0.005531 0.001694 0.999983
34.000000 -0.636703 -0.834500 40.384349 -0.000062 -0.005470 0.001468 0.999984
35.000000 -0.784343 -0.933690 41.567956 -0.000936 -0.003479 0.002803 0.999990
36.000000 -0.744347 -0.931082 42.765098 -0.000500 -0.004135 0.002198 0.999989
37.000000 -0.857024 -0.923375 43.960136 -0.000533 -0.001943 0.000502 0.999998
38.000000 -0.853526 -0.939424 45.160512 -0.001624 -0.001533 0.000108 0.999998
39.000000 -0.889637 -1.005489 46.359040 -0.003941 -0.000549 0.000474 0.999992
40.000000 -0.883640 -1.019003 47.564612 -0.005662 -0.000315 -0.000059 0.999984
41.000000 -0.890498 -1.040083 48.767702 -0.006285 -0.000312 -0.000375 0.999980
42.000000 -0.919761 -1.055071 49.966351 -0.005557 0.000475 0.000717 0.999984
43.000000 -0.882087 -1.064664 51.167006 -0.005071 -0.000271 0.000857 0.999987
44.000000 -0.868710 -1.059515 52.368404 -0.004729 -0.001147 0.000862 0.999988
45.000000 -0.920362 -1.089070 53.572545 -0.005048 0.000135 0.001577 0.999986
46.000000 -0.972653 -1.107705 54.775438 -0.004904 0.000590 0.001833 0.999986
47.000000 -0.957368 -1.156480 55.979670 -0.006048 -0.001278 0.002040 0.999979
48.000000 -0.940551 -1.191164 57.186871 -0.007280 -0.003006 0.003180 0.999964
49.000000 -0.970953 -1.225173 58.391170 -0.008159 -0.004067 0.003955 0.999951
50.000000 -0.995950 -1.215201 59.597172 -0.007591 -0.004163 0.003150 0.999958
51.000000 -1.033013 -1.222717 60.800461 -0.007720 -0.004915 0.002589 0.999955
52.000000 -1.087655 -1.250955 62.002779 -0.007830 -0.004934 0.003079 0.999952
53.000000 -1.122231 -1.261882 63.204395 -0.006928 -0.004035 0.004127 0.999959
54.000000 -1.151705 -1.255770 64.404434 -0.007587 -0.004001 0.003523 0.999957
55.000000 -1.174378 -1.286011 65.607043 -0.008906 -0.004960 0.004535 0.999938
56.000000 -1.202734 -1.300395 66.804203 -0.008064 -0.004596 0.004281 0.999948
57.000000 -1.192766 -1.318557 67.997883 -0.008078 -0.006529 0.004256 0.999937
58.000000 -1.256512 -1.329712 69.190788 -0.008559 -0.005187 0.003630 0.999943
59.000000 -1.235242 -1.341034 70.381870 -0.009188 -0.006575 0.002830 0.999932
60.000000 -1.294477 -1.333018 71.570627 -0.009193 -0.005610 0.001707 0.999941
61.000000 -1.307037 -1.340194 72.757112 -0.010056 -0.005861 0.002080 0.999930
62.000000 -1.319660 -1.334536 73.942684 -0.009923 -0.006321 0.000913 0.999930
63.000000 -1.338861 -1.342466 75.120827 -0.009152 -0.005824 0.001856 0.999939
64.000000 -1.358117 -1.347598 76.296078 -0.006688 -0.004660 0.003996 0.999959
65.000000 -1.359069 -1.359511 77.471740 -0.007048 -0.005158 0.004093 0.999953
66.000000 -1.384693 -1.372349 78.649912 -0.008761 -0.003306 0.005175 0.999943
67.000000 -1.424855 -1.384139 79.823166 -0.009675 -0.001115 0.005428 0.999938
68.000000 -1.467227 -1.378984 80.988623 -0.008351 0.002571 0.003468 0.999956
69.000000 -1.515397 -1.392042 82.152339 -0.006876 0.005397 0.003515 0.999956
70.000000 -1.509590 -1.392946 83.311517 -0.005376 0.007689 0.003983 0.999948
71.000000 -1.536779 -1.404538 84.470945 -0.005025 0.010019 0.004533 0.999927
72.000000 -1.547913 -1.431745 85.630468 -0.006314 0.012792 0.005002 0.999886
73.000000 -1.488552 -1.426777 86.783541 -0.005888 0.013126 0.003749 0.999889
74.000000 -1.482185 -1.427609 87.936791 -0.004474 0.015286 0.003649 0.999866
75.000000 -1.511191 -1.416640 89.086589 -0.002690 0.017584 0.002464 0.999839
76.000000 -1.457534 -1.414849 90.236233 -0.002050 0.018987 0.001922 0.999816
77.000000 -1.424769 -1.450777 91.389286 -0.003143 0.020611 0.003636 0.999776
78.000000 -1.418308 -1.473321 92.544851 -0.003652 0.023040 0.003954 0.999720
79.000000 -1.398030 -1.483963 93.701629 -0.004346 0.024295 0.004563 0.999685
80.000000 -1.328672 -1.510062 94.856078 -0.005141 0.024888 0.004488 0.999667
81.000000 -1.234583 -1.530817 96.006248 -0.004240 0.024751 0.005308 0.999671
82.000000 -1.225491 -1.544030 97.165578 -0.002844 0.026061 0.006113 0.999638
83.000000 -1.124825 -1.564614 98.321764 -0.001374 0.025154 0.006152 0.999664
84.000000 -1.062047 -1.570623 99.489388 -0.000675 0.025845 0.006174 0.999647
85.000000 -1.014050 -1.576836 100.664681 -0.000748 0.025346 0.005432 0.999664
86.000000 -0.903786 -1.573357 101.841934 -0.001444 0.024834 0.005151 0.999677
87.000000 -0.968446 -1.656380 103.023148 -0.002912 0.025214 0.006218 0.999658
88.000000 -0.891255 -1.649491 104.213570 -0.002672 0.024079 0.006210 0.999687
89.000000 -0.861890 -1.650631 105.412606 -0.002534 0.023198 0.006005 0.999710
90.000000 -0.822066 -1.662301 106.612548 -0.002514 0.021614 0.005105 0.999750
91.000000 -0.847351 -1.702175 107.817426 -0.002243 0.020322 0.004596 0.999780
92.000000 -0.837155 -1.743762 109.024380 -0.002529 0.018980 0.005111 0.999804
93.000000 -0.765199 -1.771840 110.235823 -0.003356 0.016217 0.005734 0.999846
94.000000 -0.733092 -1.800513 111.451486 -0.004142 0.013720 0.005944 0.999880
95.000000 -0.656493 -1.797885 112.666061 -0.004295 0.010809 0.005776 0.999916
96.000000 -0.617664 -1.801893 113.884675 -0.004143 0.006936 0.005961 0.999950
97.000000 -0.554860 -1.788863 115.103664 -0.003927 0.003289 0.005495 0.999972
98.000000 -0.558925 -1.806668 116.327095 -0.003876 0.000394 0.006059 0.999974
99.000000 -0.570470 -1.821727 117.552934 -0.003838 -0.002190 0.006223 0.999971
100.000000 -0.522704 -1.795075 118.780402 -0.003155 -0.004184 0.004536 0.999976
101.000000 -0.539018 -1.834353 120.011571 -0.003916 -0.005559 0.003466 0.999971
102.000000 -0.588807 -1.872239 121.240266 -0.003933 -0.006242 0.003263 0.999967
103.000000 -0.581692 -1.883510 122.481666 -0.003922 -0.007316 0.002073 0.999963
104.000000 -0.622180 -1.881742 123.721872 -0.003772 -0.007724 0.001674 0.999962
105.000000 -0.682858 -1.918840 124.961409 -0.004405 -0.007326 0.002301 0.999961
106.000000 -0.787239 -1.931033 126.203435 -0.005503 -0.007402 -0.000074 0.999957
107.000000 -0.790194 -1.955384 127.453531 -0.007231 -0.008261 -0.001143 0.999939
108.000000 -0.794170 -1.947764 128.703448 -0.007017 -0.009471 -0.000772 0.999930
109.000000 -0.859672 -1.972230 129.951924 -0.006542 -0.009027 -0.000702 0.999938
110.000000 -0.955328 -1.931063 131.203307 -0.005730 -0.008547 0.000139 0.999947
111.000000 -0.996560 -1.930368 132.460737 -0.006157 -0.008917 0.000833 0.999941
112.000000 -1.025466 -1.901639 133.722686 -0.005785 -0.008836 0.001932 0.999942
113.000000 -1.069225 -1.901264 134.985523 -0.006142 -0.008506 0.002294 0.999942
114.000000 -1.109354 -1.918756 136.248218 -0.005547 -0.007980 0.004027 0.999945
115.000000 -1.159258 -1.941461 137.514100 -0.005234 -0.007357 0.004874 0.999947
116.000000 -1.178247 -1.970506 138.781131 -0.004996 -0.007722 0.006887 0.999934
117.000000 -1.193020 -1.989896 140.054964 -0.005574 -0.007775 0.006800 0.999931
118.000000 -1.188332 -2.001662 141.330556 -0.006452 -0.008334 0.006795 0.999921
119.000000 -1.248913 -2.020675 142.603458 -0.007185 -0.007826 0.005917 0.999926
120.000000 -1.265319 -2.005883 143.876294 -0.005735 -0.007391 0.005512 0.999941
121.000000 -1.271024 -2.034756 145.147279 -0.005228 -0.006898 0.006202 0.999943
122.000000 -1.310696 -2.052266 146.416717 -0.003879 -0.006730 0.006022 0.999952
123.000000 -1.349541 -2.066021 147.683467 -0.001709 -0.007012 0.006575 0.999952
124.000000 -1.419100 -2.123260 148.946532 -0.000875 -0.006413 0.006537 0.999958
125.000000 -1.497716 -2.165642 150.209246 -0.001113 -0.004578 0.007113 0.999964
126.000000 -1.570225 -2.208496 151.470774 -0.001354 -0.003869 0.007720 0.999962
127.000000 -1.604585 -2.237032 152.739088 -0.001852 -0.003613 0.007568 0.999963
128.000000 -1.614366 -2.268187 154.002645 -0.002313 -0.004016 0.008841 0.999950
129.000000 -1.643941 -2.290874 155.267546 -0.002434 -0.003875 0.009203 0.999947
130.000000 -1.651854 -2.312816 156.531350 -0.002330 -0.004370 0.009178 0.999946
131.000000 -1.683453 -2.347318 157.791809 -0.002547 -0.004821 0.009074 0.999944
132.000000 -1.719186 -2.361534 159.056054 -0.003173 -0.004997 0.009158 0.999941
133.000000 -1.740559 -2.396422 160.317366 -0.003511 -0.005375 0.008758 0.999941
134.000000 -1.760481 -2.409641 161.578014 -0.002755 -0.005437 0.008916 0.999942
135.000000 -1.796234 -2.428489 162.839950 -0.002170 -0.005678 0.008610 0.999944
136.000000 -1.825777 -2.443915 164.104166 -0.002208 -0.006136 0.008891 0.999939
137.000000 -1.884702 -2.478842 165.364482 -0.002104 -0.006261 0.008932 0.999938
138.000000 -1.874363 -2.493373 166.627352 -0.001449 -0.007254 0.009127 0.999931
139.000000 -1.920647 -2.499162 167.889290 -0.000987 -0.006815 0.009751 0.999929
140.000000 -1.920812 -2.512272 169.154773 -0.001125 -0.009125 0.009673 0.999911
141.000000 -1.979135 -2.536947 170.417134 -0.001636 -0.009387 0.009841 0.999906
142.000000 -2.019852 -2.553314 171.683010 -0.001724 -0.009894 0.009882 0.999901
143.000000 -2.031378 -2.565469 172.947145 -0.001457 -0.010447 0.010006 0.999894
144.000000 -2.066355 -2.597957 174.210928 -0.001144 -0.011096 0.009173 0.999896
145.000000 -2.142783 -2.653458 175.468773 -0.001867 -0.010770 0.008912 0.999901
146.000000 -2.188519 -2.666324 176.735981 -0.001904 -0.010921 0.008091 0.999906
147.000000 -2.241042 -2.717751 177.997268 -0.001885 -0.011641 0.008404 0.999895
148.000000 -2.299731 -2.740982 179.256471 -0.001042 -0.010995 0.008560 0.999902
149.000000 -2.299807 -2.775901 180.518150 -0.001831 -0.011722 0.009551 0.999884
150.000000 -2.379271 -2.812331 181.777280 -0.003946 -0.010985 0.009438 0.999887
151.000000 -2.432796 -2.823961 183.041222 -0.005907 -0.010987 0.009321 0.999879
152.000000 -2.469440 -2.841129 184.297877 -0.005388 -0.011498 0.009369 0.999875
153.000000 -2.521293 -2.838223 185.547150 -0.003600 -0.011107 0.007500 0.999904
154.000000 -2.558673 -2.844099 186.796475 -0.002883 -0.011328 0.006379 0.999911
155.000000 -2.575873 -2.854562 188.043511 -0.002735 -0.010899 0.005416 0.999922
156.000000 -2.569296 -2.886315 189.290578 -0.003725 -0.012588 0.006111 0.999895
157.000000 -2.614012 -2.900361 190.535577 -0.004672 -0.012346 0.006407 0.999892
158.000000 -2.699673 -2.882980 191.772018 -0.004589 -0.010693 0.005731 0.999916
159.000000 -2.790243 -2.906137 193.002878 -0.004076 -0.009508 0.005699 0.999930
160.000000 -2.887175 -2.945303 194.229864 -0.003633 -0.008484 0.006957 0.999933
161.000000 -2.922426 -2.969791 195.456304 -0.002923 -0.008626 0.007025 0.999934
162.000000 -2.964459 -3.004094 196.676271 -0.002882 -0.008378 0.007138 0.999935
163.000000 -3.077825 -3.049167 197.887808 -0.003237 -0.006381 0.007181 0.999949
164.000000 -3.134315 -3.066678 199.099664 -0.004284 -0.004778 0.007702 0.999950
165.000000 -3.128306 -3.091866 200.307572 -0.004811 -0.004562 0.007304 0.999951
166.000000 -3.154981 -3.110899 201.509050 -0.004368 -0.003516 0.008324 0.999950
167.000000 -3.138820 -3.104960 202.704122 -0.004389 -0.002273 0.007246 0.999962
168.000000 -3.146642 -3.120484 203.892207 -0.004284 -0.001280 0.007491 0.999962
169.000000 -3.116625 -3.132595 205.070909 -0.003999 -0.001051 0.007191 0.999966
170.000000 -3.106541 -3.133321 206.241619 -0.003924 -0.001008 0.007129 0.999966
171.000000 -3.133516 -3.152501 207.398388 -0.003786 -0.001106 0.008084 0.999960
172.000000 -3.178245 -3.192610 208.539943 -0.004433 -0.001195 0.009354 0.999946
173.000000 -3.224526 -3.198197 209.668923 -0.004648 -0.000695 0.009132 0.999947
174.000000 -3.258996 -3.224021 210.780313 -0.005058 -0.001004 0.009479 0.999942
175.000000 -3.267687 -3.236443 211.877557 -0.004467 -0.001360 0.009726 0.999942
176.000000 -3.310299 -3.261752 212.960982 -0.003889 -0.000593 0.009614 0.999946
177.000000 -3.267831 -3.287976 214.030584 -0.003957 -0.001283 0.009292 0.999948
178.000000 -3.248721 -3.294744 215.090072 -0.003928 -0.002381 0.009563 0.999944
179.000000 -3.231425 -3.303551 216.133873 -0.004456 -0.003448 0.009364 0.999940
180.000000 -3.197568 -3.324732 217.170666 -0.005579 -0.006835 0.009965 0.999911
181.000000 -3.183204 -3.340198 218.193142 -0.006386 -0.008176 0.009030 0.999905
182.000000 -3.204245 -3.355859 219.196946 -0.006732 -0.010353 0.009262 0.999881
183.000000 -3.245232 -3.341340 220.180050 -0.006228 -0.011631 0.008327 0.999878
184.000000 -3.301319 -3.345079 221.145114 -0.006190 -0.012230 0.007908 0.999875
185.000000 -3.332490 -3.363195 222.086443 -0.006775 -0.014352 0.007521 0.999846
186.000000 -3.398806 -3.367694 223.004936 -0.006214 -0.014442 0.006758 0.999854
187.000000 -3.322932 -3.363977 223.898855 -0.005938 -0.017600 0.006583 0.999806
188.000000 -3.326831 -3.373271 224.773609 -0.005734 -0.019181 0.006667 0.999777
189.000000 -3.277753 -3.386478 225.626104 -0.005971 -0.023822 0.006661 0.999676
190.000000 -3.266713 -3.379615 226.456687 -0.005089 -0.026031 0.006507 0.999627
191.000000 -3.373902 -3.384600 227.263478 -0.004921 -0.024092 0.004505 0.999687
192.000000 -3.442141 -3.389778 228.055136 -0.004913 -0.023823 0.003775 0.999697
193.000000 -3.463092 -3.390836 228.832878 -0.005202 -0.023863 0.003211 0.999697
194.000000 -3.493923 -3.387749 229.590804 -0.005196 -0.023898 0.003416 0.999695
195.000000 -3.528997 -3.393682 230.331965 -0.004698 -0.024775 0.003413 0.999676
196.000000 -3.591534 -3.391080 231.060688 -0.003764 -0.022737 0.001855 0.999733
197.000000 -3.619782 -3.401564 231.788306 -0.003114 -0.022197 0.001561 0.999748
198.000000 -3.647409 -3.414661 232.511190 -0.002643 -0.022354 0.001683 0.999745
199.000000 -3.693874 -3.431473 233.232010 -0.002708 -0.021405 0.001209 0.999766
200.000000 -3.762993 -3.431168 233.946966 -0.002514 -0.018811 0.000305 0.999820
201.000000 -3.767691 -3.429158 234.661490 -0.001923 -0.018213 -0.000026 0.999832
202.000000 -3.830582 -3.446775 235.369730 -0.001855 -0.016347 -0.001047 0.999864
203.000000 -3.891099 -3.477545 236.073417 -0.002284 -0.015055 -0.000547 0.999884
204.000000 -3.931719 -3.494388 236.775625 -0.002805 -0.013673 -0.000507 0.999902
205.000000 -3.937967 -3.494381 237.475768 -0.002996 -0.012683 0.000089 0.999915
206.000000 -3.973184 -3.498561 238.171426 -0.003078 -0.010904 0.000724 0.999936
207.000000 -3.997422 -3.505557 238.863607 -0.003020 -0.009269 0.000104 0.999952
208.000000 -4.017373 -3.524968 239.551259 -0.002519 -0.008030 0.000432 0.999964
209.000000 -4.040080 -3.520744 240.238612 -0.001824 -0.006153 0.000533 0.999979
210.000000 -4.045726 -3.533476 240.927313 -0.001743 -0.005530 0.000282 0.999983
211.000000 -4.055411 -3.536469 241.620886 -0.001069 -0.004519 -0.000932 0.999989
212.000000 -4.077215 -3.545949 242.316884 -0.001426 -0.002649 -0.001142 0.999995
213.000000 -4.092737 -3.560317 243.019169 -0.002015 0.000097 -0.001412 0.999997
214.000000 -4.096295 -3.566121 243.722424 -0.001989 0.000864 -0.002044 0.999996
215.000000 -4.082746 -3.575262 244.426817 -0.001241 0.001632 -0.002094 0.999996
216.000000 -4.094488 -3.580826 245.134946 0.000174 0.003674 -0.002174 0.999991
217.000000 -4.105164 -3.588224 245.849771 0.001549 0.003938 -0.001778 0.999989
218.000000 -4.113582 -3.598202 246.571658 0.001803 0.004022 -0.001988 0.999988
219.000000 -4.114444 -3.614854 247.299518 0.002502 0.004025 -0.001954 0.999987
220.000000 -4.102129 -3.632613 248.033057 0.002539 0.003703 -0.002500 0.999987
221.000000 -4.125837 -3.644851 248.774768 0.002954 0.004681 -0.003281 0.999979
222.000000 -4.155744 -3.653133 249.520308 0.004409 0.005732 -0.003704 0.999967
223.000000 -4.126613 -3.675016 250.272450 0.005295 0.005609 -0.002128 0.999968
224.000000 -4.120230 -3.694496 251.033235 0.005301 0.005662 0.000038 0.999970
225.000000 -4.072988 -3.720290 251.805761 0.003035 0.005176 -0.001309 0.999981
226.000000 -4.108548 -3.740733 252.588835 -0.000043 0.006856 -0.004075 0.999968
227.000000 -4.142545 -3.753852 253.375286 -0.001648 0.008649 -0.003928 0.999954
228.000000 -4.160003 -3.779447 254.169591 -0.000818 0.009996 -0.002703 0.999946
229.000000 -4.169632 -3.808922 254.964009 0.001828 0.011936 -0.003419 0.999921
230.000000 -4.158685 -3.807378 255.770441 0.003857 0.013562 -0.005000 0.999888
231.000000 -4.113916 -3.833352 256.586830 0.003341 0.014472 -0.005330 0.999875
232.000000 -4.127042 -3.849906 257.415264 0.002522 0.017217 -0.004581 0.999838
233.000000 -4.160583 -3.896877 258.248895 0.000048 0.020012 -0.002780 0.999796
234.000000 -4.088689 -3.914480 259.082906 -0.001207 0.020607 -0.001512 0.999786
235.000000 -4.032899 -3.926408 259.920566 -0.001455 0.022583 -0.001634 0.999743
236.000000 -4.082322 -3.952019 260.753658 -0.000451 0.026134 -0.003317 0.999653
237.000000 -4.042447 -3.973102 261.590229 0.000614 0.027762 -0.004086 0.999606
238.000000 -3.993754 -3.971299 262.428601 0.000981 0.028741 -0.005271 0.999573
239.000000 -3.979197 -4.009491 263.271084 -0.000328 0.030130 -0.006029 0.999528
240.000000 -3.908569 -4.016022 264.111008 -0.000871 0.031304 -0.007108 0.999484
241.000000 -3.832215 -4.023192 264.948149 -0.000942 0.032068 -0.007773 0.999455
242.000000 -3.769136 -4.055917 265.789502 -0.001245 0.032946 -0.006662 0.999434
243.000000 -3.786423 -4.068563 266.633887 -0.000992 0.036349 -0.005772 0.999322
244.000000 -3.745368 -4.097087 267.479996 -0.001984 0.037713 -0.004002 0.999279
245.000000 -3.737765 -4.147236 268.327833 -0.003007 0.038703 -0.002538 0.999243
246.000000 -3.685101 -4.169516 269.174729 -0.003121 0.039621 -0.001733 0.999208
247.000000 -3.607304 -4.184541 270.025007 -0.003243 0.039125 -0.000776 0.999229
248.000000 -3.555896 -4.183380 270.877576 -0.003028 0.038131 -0.000379 0.999268
249.000000 -3.481268 -4.185747 271.730878 -0.003079 0.038325 -0.000256 0.999261
250.000000 -3.431329 -4.207504 272.584794 -0.002829 0.037745 -0.000012 0.999283
251.000000 -3.370364 -4.227649 273.435868 -0.003027 0.036384 0.000126 0.999333
252.000000 -3.323997 -4.237621 274.291465 -0.002445 0.035761 -0.000412 0.999357
253.000000 -3.285512 -4.271669 275.143521 -0.002811 0.035995 -0.000301 0.999348
254.000000 -3.214326 -4.267015 275.992571 -0.001455 0.034654 -0.001479 0.999397
255.000000 -3.159568 -4.287713 276.840934 -0.001951 0.033254 -0.001863 0.999443
256.000000 -3.140312 -4.300812 277.689505 -0.002699 0.032054 -0.002061 0.999480
257.000000 -3.038653 -4.329645 278.528870 -0.004307 0.028361 -0.001671 0.999587
258.000000 -3.022464 -4.362482 279.367496 -0.005499 0.026490 -0.000758 0.999634
259.000000 -2.969748 -4.363706 280.199659 -0.006195 0.023979 -0.000567 0.999693
260.000000 -2.903270 -4.378232 281.018225 -0.006817 0.020251 0.000020 0.999772
261.000000 -2.882669 -4.399558 281.831404 -0.007880 0.018180 0.000270 0.999804
262.000000 -2.893393 -4.395512 282.632094 -0.007920 0.016762 0.000597 0.999828
263.000000 -2.872335 -4.411652 283.416136 -0.008236 0.014393 0.001344 0.999862
264.000000 -2.869608 -4.428336 284.183469 -0.008926 0.012291 0.001594 0.999883
265.000000 -2.899876 -4.432527 284.932879 -0.008950 0.010921 0.001097 0.999900
266.000000 -2.871076 -4.426690 285.663154 -0.009075 0.008826 0.000632 0.999920
267.000000 -2.897062 -4.426724 286.370980 -0.008516 0.007466 0.001638 0.999935
268.000000 -2.886850 -4.413750 287.060185 -0.007061 0.004668 0.000550 0.999964
269.000000 -2.920965 -4.420253 287.727135 -0.006510 0.002102 0.000109 0.999977
270.000000 -2.952619 -4.422426 288.377551 -0.005581 -0.001103 -0.000116 0.999984
271.000000 -2.965089 -4.416596 289.016170 -0.005100 -0.007336 0.000443 0.999960
272.000000 -2.964797 -4.413592 289.645934 -0.004957 -0.014382 -0.000068 0.999884
273.000000 -3.017559 -4.440066 290.256251 -0.005822 -0.022237 -0.001036 0.999735
274.000000 -3.068571 -4.451004 290.859890 -0.006061 -0.032669 -0.001669 0.999446
275.000000 -3.118761 -4.472295 291.438846 -0.006051 -0.043757 -0.002121 0.999022
276.000000 -3.204238 -4.463397 292.012777 -0.005917 -0.056242 -0.002918 0.998395
277.000000 -3.337775 -4.456789 292.565833 -0.005544 -0.068359 -0.003657 0.997639
278.000000 -3.396290 -4.466344 293.107735 -0.006336 -0.084239 -0.004482 0.996415
279.000000 -3.506737 -4.470164 293.645350 -0.006850 -0.102561 -0.003877 0.994696
280.000000 -3.770219 -4.456981 294.114240 -0.007063 -0.117609 -0.003682 0.993028
281.000000 -3.873567 -4.469292 294.610773 -0.008623 -0.137803 -0.004225 0.990413
282.000000 -4.085531 -4.459805 295.082797 -0.009268 -0.157443 -0.004920 0.987472
283.000000 -4.248657 -4.500523 295.535683 -0.010599 -0.178698 -0.004859 0.983835
284.000000 -4.455048 -4.496643 295.994231 -0.011219 -0.200512 -0.005218 0.979613
285.000000 -4.705258 -4.511668 296.425789 -0.011818 -0.222156 -0.004992 0.974927
286.000000 -4.959627 -4.474419 296.810328 -0.011391 -0.245547 -0.004386 0.969308
287.000000 -5.197666 -4.505383 297.235948 -0.011958 -0.270180 -0.003532 0.962729
288.000000 -5.398033 -4.537970 297.675664 -0.013331 -0.296484 -0.003532 0.954938
289.000000 -5.620119 -4.552059 298.066118 -0.013933 -0.323246 -0.004318 0.946203
290.000000 -6.003268 -4.503440 298.345815 -0.013138 -0.347776 -0.003980 0.937477
291.000000 -6.441880 -4.519405 298.377170 -0.013750 -0.367915 -0.001934 0.929756
292.000000 -6.830515 -4.526865 298.643658 -0.014698 -0.394440 0.000994 0.918804
293.000000 -7.245069 -4.490861 298.847103 -0.014709 -0.421651 0.002111 0.906636
294.000000 -7.595539 -4.494821 299.092281 -0.016640 -0.450457 0.001558 0.892642
295.000000 -7.957853 -4.505873 299.357897 -0.019837 -0.478989 -0.000304 0.877597
296.000000 -8.377669 -4.446384 299.481418 -0.020979 -0.504609 -0.003558 0.863086
297.000000 -8.779846 -4.452173 299.575369 -0.022749 -0.530303 -0.004883 0.847489
298.000000 -9.163305 -4.449869 299.757153 -0.023596 -0.557612 -0.005144 0.829750
299.000000 -9.571167 -4.455223 299.807163 -0.025402 -0.581786 -0.005039 0.812929
300.000000 -9.985343 -4.398005 299.836651 -0.025317 -0.605714 -0.004721 0.795265
301.000000 -10.397522 -4.353738 299.919613 -0.025575 -0.630844 -0.004784 0.775473
302.000000 -10.825578 -4.365914 299.903722 -0.028220 -0.654673 -0.005439 0.755366
303.000000 -11.265637 -4.379682 299.902074 -0.030944 -0.678782 -0.004510 0.733674
304.000000 -11.709865 -4.387707 299.848000 -0.034113 -0.702295 -0.003388 0.711061
305.000000 -12.177864 -4.386763 299.810162 0.036738 0.726034 0.002328 -0.686673
306.000000 -12.640383 -4.384032 299.733994 0.039751 0.749010 0.000868 -0.661364
307.000000 -13.124571 -4.327573 299.640264 0.041502 0.771273 0.001085 -0.635150
308.000000 -13.594733 -4.286974 299.511034 0.042680 0.792214 0.001716 -0.608746
309.000000 -14.078761 -4.257434 299.392551 0.043122 0.813146 0.002406 -0.580455
310.000000 -14.592971 -4.249137 299.235724 0.044262 0.833650 0.003635 -0.550504
311.000000 -15.052186 -4.262911 298.976607 0.045121 0.850358 0.003680 -0.524253
312.000000 -15.492300 -4.282289 298.611601 0.046255 0.864661 0.003589 -0.500208
313.000000 -15.929231 -4.267367 298.251566 0.047192 0.877309 0.004467 -0.477578
314.000000 -16.377524 -4.278203 297.864875 0.047472 0.889024 0.003542 -0.455379
315.000000 -16.896917 -4.234689 297.504039 0.047455 0.900545 0.003604 -0.432149
316.000000 -17.311952 -4.218903 297.022551 0.046798 0.910305 0.001850 -0.411280
317.000000 -17.801076 -4.181558 296.545323 0.047606 0.920285 0.001186 -0.388340
318.000000 -18.222428 -4.176428 296.009068 0.048967 0.928973 0.001504 -0.366891
319.000000 -18.630043 -4.196588 295.407859 0.049744 0.936622 0.002691 -0.346783
320.000000 -19.095333 -4.099243 294.858705 0.052491 0.944144 0.008991 -0.325203
321.000000 -19.452145 -4.048648 294.199434 0.053907 0.950258 0.012614 -0.306504
322.000000 -19.850805 -4.020536 293.510844 0.054197 0.956029 0.014623 -0.287849
323.000000 -20.254010 -3.982044 292.817259 0.055393 0.961527 0.015417 -0.268624
324.000000 -20.611971 -3.926383 292.052067 0.058129 0.966415 0.017639 -0.249706
325.000000 -20.992898 -3.864032 291.296361 0.057480 0.971473 0.019066 -0.229288
326.000000 -21.300801 -3.821714 290.458300 0.056719 0.975934 0.019098 -0.209691
327.000000 -21.625649 -3.770927 289.623752 0.054618 0.980180 0.019167 -0.189463
328.000000 -21.953899 -3.711733 288.764463 0.054851 0.983755 0.018687 -0.169906
329.000000 -22.174499 -3.681763 287.824892 0.053598 0.986789 0.017797 -0.151848
330.000000 -22.481017 -3.621036 286.908615 0.054379 0.989622 0.018785 -0.131675
331.000000 -22.722442 -3.573254 285.936320 0.054128 0.991805 0.020839 -0.113832
332.000000 -22.889002 -3.532847 284.938250 0.054176 0.993500 0.022733 -0.097497
333.000000 -23.067839 -3.474551 283.912507 0.055073 0.994883 0.023093 -0.081490
334.000000 -23.213081 -3.411884 282.848290 0.056324 0.995999 0.023869 -0.065141
335.000000 -23.329181 -3.362337 281.764805 0.056529 0.996839 0.024872 -0.049976
336.000000 -23.362615 -3.346926 280.644828 0.055917 0.997404 0.024384 -0.038252
337.000000 -23.429440 -3.280314 279.510587 0.056548 0.997780 0.024485 -0.025259
338.000000 -23.429024 -3.239733 278.344808 0.057397 0.997950 0.023989 -0.015045
339.000000 -23.403171 -3.183421 277.166897 0.059131 0.997920 0.024989 -0.005854
340.000000 -23.418515 -3.117365 275.975235 0.061738 0.997734 0.026639 0.002462
341.000000 -23.406091 -3.075552 274.764470 0.063986 0.997546 0.027144 0.008464
342.000000 -23.383044 -3.041155 273.536303 0.066282 0.997386 0.025758 0.012809
343.000000 -23.265752 -2.974765 272.293583 0.068866 0.997211 0.025763 0.012817
344.000000 -23.151663 -2.924886 271.036846 0.069890 0.997137 0.026238 0.012026
345.000000 -23.037707 -2.866221 269.761180 0.071800 0.997018 0.026642 0.009441
346.000000 -23.005236 -2.787473 268.467150 0.072204 0.996997 0.026814 0.008020
347.000000 -22.984019 -2.741682 267.158113 0.072501 0.997004 0.026018 0.007027
348.000000 -22.905287 -2.687436 265.836552 0.073628 0.996936 0.026077 0.004125
349.000000 -22.801425 -2.658472 264.506982 0.074883 0.996878 0.025037 -0.000081
350.000000 -22.828326 -2.601066 263.173793 0.074777 0.996910 0.024046 -0.000790
351.000000 -22.829839 -2.549849 261.841099 0.075498 0.996869 0.023299 -0.003155
352.000000 -22.801496 -2.534950 260.511972 0.075492 0.996855 0.023358 -0.005944
353.000000 -22.815666 -2.466937 259.171362 0.076083 0.996773 0.024196 -0.008321
354.000000 -22.806017 -2.426776 257.831613 0.077687 0.996614 0.024444 -0.011324
355.000000 -22.749177 -2.418531 256.490290 0.078019 0.996559 0.024285 -0.013944
356.000000 -22.814218 -2.386176 255.144800 0.077863 0.996592 0.022566 -0.015239
357.000000 -22.850217 -2.354998 253.795435 0.077246 0.996649 0.020715 -0.017172
358.000000 -22.851842 -2.319116 252.443725 0.078048 0.996527 0.020814 -0.020207
359.000000 -22.976005 -2.263516 251.099809 0.077404 0.996556 0.021179 -0.020874
360.000000 -22.977925 -2.258223 249.742339 0.077315 0.996523 0.021389 -0.022500
361.000000 -22.992748 -2.213423 248.390885 0.077545 0.996406 0.023340 -0.024854
362.000000 -23.053791 -2.188638 247.033637 0.077533 0.996382 0.024111 -0.025108
363.000000 -23.136276 -2.139101 245.668830 0.077609 0.996388 0.022935 -0.025743
364.000000 -23.186103 -2.101852 244.301475 0.076578 0.996447 0.021931 -0.027354
365.000000 -23.250799 -2.040257 242.929822 0.075832 0.996470 0.022482 -0.028125
366.000000 -23.298294 -2.003449 241.557378 0.075097 0.996526 0.022603 -0.028020
367.000000 -23.361411 -1.976240 240.174771 0.074439 0.996576 0.022603 -0.027994
368.000000 -23.401929 -1.952358 238.794430 0.073507 0.996630 0.023191 -0.028062
369.000000 -23.384482 -1.905108 237.410455 0.073352 0.996573 0.024280 -0.029551
370.000000 -23.373397 -1.849789 236.021887 0.072756 0.996575 0.023833 -0.031263
371.000000 -23.463255 -1.813424 234.631999 0.072019 0.996707 0.022163 -0.029965
372.000000 -23.544929 -1.751257 233.236838 0.072462 0.996703 0.022310 -0.028884
373.000000 -23.591451 -1.696576 231.837470 0.073956 0.996595 0.022293 -0.028840
374.000000 -23.718382 -1.626945 230.443579 0.074610 0.996564 0.022601 -0.027987
375.000000 -23.744127 -1.583568 229.040233 0.074628 0.996536 0.023146 -0.028471
376.000000 -23.793603 -1.550969 227.636466 0.074521 0.996527 0.023834 -0.028507
377.000000 -23.841547 -1.522445 226.224764 0.073785 0.996566 0.024027 -0.028890
378.000000 -23.873152 -1.494729 224.808157 0.072829 0.996632 0.023248 -0.029678
379.000000 -23.961001 -1.470154 223.390423 0.072363 0.996702 0.022558 -0.028983
380.000000 -24.073173 -1.396497 221.972946 0.071946 0.996756 0.022752 -0.027980
381.000000 -24.181999 -1.341827 220.553310 0.072084 0.996804 0.022712 -0.025866
382.000000 -24.214166 -1.294334 219.124114 0.072705 0.996721 0.023326 -0.026777
383.000000 -24.265609 -1.264874 217.696437 0.072960 0.996694 0.023880 -0.026600
384.000000 -24.374774 -1.203390 216.264572 0.071588 0.996829 0.023331 -0.025756
385.000000 -24.432450 -1.163774 214.826470 0.071947 0.996854 0.021866 -0.025034
386.000000 -24.489767 -1.106960 213.386462 0.071433 0.996887 0.022432 -0.024716
387.000000 -24.543915 -1.072944 211.946456 0.070430 0.996958 0.023461 -0.023738
388.000000 -24.632540 -1.013441 210.502803 0.070881 0.996942 0.023618 -0.022897
389.000000 -24.656805 -0.959014 209.051933 0.070727 0.996932 0.024000 -0.023424
390.000000 -24.685117 -0.886428 207.599626 0.072110 0.996774 0.025164 -0.024685
391.000000 -24.766870 -0.846008 206.141233 0.073352 0.996718 0.024406 -0.024005
392.000000 -24.820073 -0.793999 204.678978 0.073081 0.996787 0.023143 -0.023238
393.000000 -24.895681 -0.712452 203.219400 0.074044 0.996694 0.023870 -0.023412
394.000000 -24.897495 -0.667389 201.756025 0.074501 0.996617 0.024384 -0.024697
395.000000 -24.955486 -0.622484 200.297905 0.073634 0.996687 0.024450 -0.024407
396.000000 -25.048015 -0.551275 198.833178 0.073966 0.996681 0.023842 -0.024239
397.000000 -25.117872 -0.517515 197.370351 0.074153 0.996728 0.021945 -0.023535
398.000000 -25.172842 -0.458621 195.910935 0.075882 0.996561 0.022360 -0.024653
399.000000 -25.212605 -0.416440 194.451668 0.076779 0.996476 0.022499 -0.025177
400.000000 -25.275950 -0.385653 192.997222 0.075453 0.996576 0.022374 -0.025366
401.000000 -25.404612 -0.315761 191.547958 0.074919 0.996614 0.023016 -0.024860
402.000000 -25.455287 -0.252373 190.097087 0.075418 0.996520 0.024561 -0.025632
403.000000 -25.541349 -0.215126 188.651050 0.075795 0.996516 0.024166 -0.025049
404.000000 -25.638588 -0.161211 187.206509 0.076388 0.996470 0.024307 -0.024912
405.000000 -25.665094 -0.139788 185.764456 0.075868 0.996488 0.023969 -0.026115
406.000000 -25.708155 -0.116495 184.320847 0.075446 0.996526 0.023215 -0.026555
407.000000 -25.767057 -0.071804 182.882493 0.075759 0.996522 0.022210 -0.026681
408.000000 -25.798172 -0.031485 181.445841 0.075826 0.996481 0.022405 -0.027817
409.000000 -25.852230 0.014524 180.016536 0.076601 0.996356 0.023699 -0.029086
410.000000 -25.919613 0.056506 178.592623 0.077088 0.996288 0.024195 -0.029718
411.000000 -26.017249 0.099561 177.171593 0.076079 0.996386 0.023090 -0.029911
412.000000 -26.094762 0.127228 175.760160 0.074948 0.996474 0.021480 -0.031004
413.000000 -26.199727 0.179167 174.356889 0.073894 0.996515 0.022144 -0.031751
414.000000 -26.266654 0.210723 172.966340 0.073945 0.996465 0.022036 -0.033215
415.000000 -26.388325 0.234785 171.590186 0.073608 0.996521 0.021096 -0.032901
416.000000 -26.380853 0.243828 170.225456 0.073585 0.996475 0.019924 -0.035005
417.000000 -26.463963 0.269427 168.882951 0.072761 0.996493 0.019652 -0.036342
418.000000 -26.593347 0.315736 167.568992 0.073099 0.996471 0.020022 -0.036066
419.000000 -26.600213 0.357855 166.264402 0.074001 0.996324 0.020245 -0.038111
420.000000 -26.647323 0.365140 164.981928 0.073889 0.996308 0.018787 -0.039480
421.000000 -26.726744 0.358395 163.724072 0.073438 0.996327 0.018396 -0.040003
422.000000 -26.800048 0.369854 162.493676 0.073388 0.996285 0.019114 -0.040794
423.000000 -26.880398 0.388546 161.286015 0.073554 0.996283 0.019380 -0.040433
424.000000 -26.991639 0.433568 160.107751 0.073786 0.996254 0.020113 -0.040356
425.000000 -27.038102 0.466198 158.948418 0.075109 0.996141 0.020241 -0.040658
426.000000 -27.110575 0.506794 157.817959 0.076159 0.996011 0.020654 -0.041660
427.000000 -27.208068 0.525400 156.712480 0.075639 0.996141 0.019730 -0.039906
428.000000 -27.300726 0.557816 155.635179 0.076484 0.996092 0.019894 -0.039443
429.000000 -27.399779 0.581084 154.588135 0.076959 0.996127 0.020083 -0.037478
430.000000 -27.490245 0.612251 153.562964 0.076561 0.996168 0.020939 -0.036738
431.000000 -27.543081 0.627594 152.563308 0.076233 0.996180 0.021849 -0.036552
432.000000 -27.617202 0.664845 151.590314 0.076755 0.996178 0.021934 -0.035442
433.000000 -27.658621 0.684657 150.642091 0.076777 0.996181 0.021233 -0.035754
434.000000 -27.707243 0.695200 149.720745 0.076073 0.996245 0.020785 -0.035742
435.000000 -27.753579 0.723910 148.821664 0.076017 0.996258 0.020588 -0.035614
436.000000 -27.794714 0.722224 147.944174 0.076835 0.996188 0.020088 -0.036088
437.000000 -27.895160 0.749877 147.087912 0.077407 0.996160 0.020347 -0.035484
438.000000 -28.004835 0.723104 146.250093 0.076785 0.996233 0.021225 -0.034261
439.000000 -28.054940 0.725662 145.419727 0.074939 0.996325 0.021854 -0.035257
440.000000 -28.111149 0.756383 144.603280 0.075327 0.996273 0.022448 -0.035511
441.000000 -28.137756 0.772062 143.802343 0.075860 0.996232 0.022459 -0.035528
442.000000 -28.173743 0.795466 143.020709 0.076060 0.996188 0.023063 -0.035963
443.000000 -28.194413 0.792241 142.253099 0.075488 0.996209 0.023515 -0.036279
444.000000 -28.234081 0.821666 141.495160 0.075393 0.996204 0.023586 -0.036564
445.000000 -28.249498 0.819907 140.744440 0.075877 0.996190 0.023165 -0.036212
446.000000 -28.313802 0.846082 140.004719 0.075066 0.996243 0.022686 -0.036747
447.000000 -28.373710 0.901477 139.275097 0.075567 0.996163 0.023527 -0.037368
448.000000 -28.464556 0.942903 138.560408 0.075541 0.996167 0.024299 -0.036796
449.000000 -28.497941 0.988114 137.848178 0.075703 0.996130 0.025080 -0.036954
450.000000 -28.645877 1.028239 137.156359 0.074755 0.996188 0.026210 -0.036539
451.000000 -28.636548 1.030991 136.451893 0.074717 0.996146 0.027217 -0.037020
452.000000 -28.813542 1.035014 135.773581 0.074336 0.996217 0.027939 -0.035276
453.000000 -28.484896 0.891545 135.173155 0.074849 0.996037 0.027064 -0.039703
454.000000 -28.569719 0.907768 134.481182 0.075704 0.995994 0.027818 -0.038611
455.000000 -28.276051 0.856949 133.852147 0.074610 0.995959 0.026724 -0.042248
456.000000 -28.353855 0.881698 133.161455 0.073199 0.996122 0.025204 -0.041798
457.000000 -28.452321 0.887637 132.480073 0.075130 0.995999 0.025445 -0.041161
458.000000 -28.376779 0.940591 131.806034 0.078435 0.995620 0.026886 -0.043206
459.000000 -28.113550 0.904805 131.177261 0.078409 0.995425 0.028951 -0.046286
460.000000 -28.166228 0.936637 130.494937 0.076630 0.995449 0.032568 -0.046343
461.000000 -28.253456 1.024718 129.808568 0.078488 0.995273 0.034528 -0.045592
462.000000 -28.351542 1.044197 129.107124 0.080451 0.995219 0.033572 -0.044043
463.000000 -28.341740 1.092641 128.385945 0.081820 0.995199 0.032282 -0.042917
464.000000 -28.342045 1.063260 127.654237 0.082571 0.995223 0.030387 -0.042298
465.000000 -28.294260 1.078907 126.914557 0.082635 0.995199 0.029693 -0.043219
466.000000 -28.319694 1.096243 126.163285 0.082240 0.995265 0.030231 -0.042077
467.000000 -28.368819 1.150058 125.403362 0.082766 0.995257 0.031198 -0.040500
468.000000 -28.343345 1.174613 124.621351 0.083884 0.995143 0.030937 -0.041198
469.000000 -28.385236 1.212238 123.821435 0.084367 0.995229 0.028897 -0.039575
470.000000 -28.390666 1.248209 123.003310 0.084643 0.995299 0.026474 -0.038922
471.000000 -28.467891 1.281974 122.172073 0.083144 0.995560 0.024987 -0.036382
472.000000 -28.479231 1.282985 121.323502 0.082705 0.995656 0.024572 -0.034998
473.000000 -28.478097 1.289022 120.456482 0.081567 0.995802 0.024679 -0.033411
474.000000 -28.509053 1.342773 119.576266 0.081694 0.995778 0.026518 -0.032394
475.000000 -28.541161 1.378094 118.677620 0.080108 0.995927 0.027130 -0.031250
476.000000 -28.546529 1.410429 117.757380 0.080030 0.995990 0.026892 -0.029599
477.000000 -28.554769 1.431861 116.820321 0.078423 0.996192 0.025483 -0.028316
478.000000 -28.546194 1.463486 115.863233 0.078055 0.996296 0.024681 -0.026316
479.000000 -28.619090 1.508237 114.895679 0.076610 0.996460 0.025002 -0.023925
480.000000 -28.583545 1.544933 113.910515 0.075855 0.996516 0.026127 -0.022788
481.000000 -28.547327 1.598456 112.909386 0.075469 0.996516 0.027978 -0.021860
482.000000 -28.677791 1.661813 111.897516 0.075202 0.996560 0.028768 -0.019627
483.000000 -28.643181 1.703580 110.857181 0.075566 0.996551 0.028554 -0.018977
484.000000 -28.662148 1.760175 109.800920 0.075215 0.996563 0.029180 -0.018788
485.000000 -28.755231 1.835139 108.735257 0.076077 0.996472 0.030820 -0.017470
486.000000 -28.893542 1.879216 107.654459 0.075660 0.996500 0.032256 -0.014955
487.000000 -28.875975 1.915073 106.549455 0.074803 0.996518 0.033281 -0.015756
488.000000 -28.947501 1.988717 105.421266 0.074041 0.996642 0.031274 -0.015662
489.000000 -28.900615 2.066514 104.271493 0.074768 0.996639 0.028499 -0.017570
490.000000 -28.942921 2.144161 103.107800 0.074152 0.996699 0.027968 -0.017615
491.000000 -28.882620 2.227050 101.937390 0.075563 0.996525 0.029351 -0.019123
492.000000 -28.824095 2.279596 100.745209 0.076348 0.996384 0.030196 -0.021875
493.000000 -29.034250 2.391077 99.556315 0.076673 0.996384 0.030780 -0.019804
494.000000 -29.102640 2.488545 98.335820 0.077625 0.996264 0.031706 -0.020666
495.000000 -29.122744 2.536527 97.095372 0.077624 0.996232 0.031937 -0.021817
496.000000 -29.150101 2.600401 95.839335 0.078000 0.996216 0.030347 -0.023417
497.000000 -29.334846 2.703912 94.579500 0.078354 0.996249 0.030185 -0.020909
498.000000 -29.437476 2.777895 93.299328 0.078633 0.996226 0.030549 -0.020452
499.000000 -29.451713 2.807929 91.994808 0.078232 0.996266 0.029520 -0.021489
500.000000 -29.457374 2.870093 90.678861 0.079923 0.996059 0.030336 -0.023651
501.000000 -29.494737 2.967591 89.360806 0.080204 0.995832 0.035320 -0.025270
502.000000 -29.561027 3.051376 88.019337 0.079854 0.995790 0.036506 -0.026310
503.000000 -29.615226 3.154314 86.650922 0.079956 0.995883 0.033083 -0.027016
504.000000 -29.707345 3.267331 85.271676 0.081043 0.995851 0.030681 -0.027779
505.000000 -29.780882 3.333908 83.878726 0.080773 0.995867 0.030125 -0.028589
506.000000 -29.845143 3.397684 82.477300 0.080671 0.995803 0.030567 -0.030560
507.000000 -29.886286 3.466048 81.051840 0.080317 0.995751 0.031536 -0.032158
508.000000 -29.968590 3.560503 79.613850 0.080756 0.995666 0.031621 -0.033577
509.000000 -30.041823 3.632791 78.160743 0.079072 0.995779 0.031268 -0.034551
510.000000 -30.123259 3.726145 76.695007 0.080519 0.995662 0.030440 -0.035323
511.000000 -30.228028 3.799439 75.226725 0.079738 0.995747 0.029200 -0.035742
512.000000 -30.301504 3.874176 73.754161 0.080275 0.995679 0.027799 -0.037500
513.000000 -30.341074 3.964940 72.282719 0.080786 0.995579 0.026710 -0.039794
514.000000 -30.403424 4.017897 70.811798 0.082162 0.995383 0.026827 -0.041752
515.000000 -30.501012 4.069003 69.347529 0.080905 0.995445 0.027060 -0.042561
516.000000 -30.636861 4.105676 67.884418 0.080460 0.995499 0.026953 -0.042208
517.000000 -30.765263 4.159244 66.422869 0.080175 0.995517 0.026652 -0.042524
518.000000 -30.843703 4.211919 64.955745 0.081334 0.995392 0.026586 -0.043267
519.000000 -30.922408 4.252001 63.493263 0.081361 0.995354 0.026794 -0.043955
520.000000 -31.036493 4.315540 62.035398 0.080753 0.995368 0.027947 -0.044055
521.000000 -31.111447 4.397557 60.568412 0.080853 0.995282 0.028290 -0.045575
522.000000 -31.223653 4.461471 59.103668 0.080648 0.995372 0.026499 -0.045036
523.000000 -31.358856 4.536632 57.643730 0.081014 0.995387 0.025216 -0.044780
524.000000 -31.462655 4.587995 56.185240 0.080452 0.995427 0.025678 -0.044652
525.000000 -31.581025 4.646304 54.737260 0.081252 0.995311 0.027479 -0.044709
526.000000 -31.692589 4.684859 53.283388 0.081174 0.995359 0.028770 -0.042928
527.000000 -31.792939 4.744570 51.831308 0.080361 0.995441 0.028903 -0.042465
528.000000 -31.899164 4.811384 50.382359 0.081483 0.995378 0.028064 -0.042365
529.000000 -31.956402 4.817408 48.927545 0.080409 0.995510 0.025570 -0.042889
530.000000 -32.083205 4.888050 47.483923 0.080516 0.995558 0.024393 -0.042274
531.000000 -32.174057 4.939620 46.039718 0.082006 0.995411 0.024999 -0.042504
532.000000 -32.313281 4.984431 44.608460 0.081390 0.995439 0.027059 -0.041768
533.000000 -32.428252 5.018540 43.174148 0.081315 0.995413 0.028466 -0.041593
534.000000 -32.523505 5.071828 41.738777 0.080945 0.995430 0.028612 -0.041804
535.000000 -32.644116 5.136347 40.308732 0.080519 0.995555 0.027047 -0.040698
536.000000 -32.705339 5.180861 38.873301 0.081479 0.995463 0.026905 -0.041116
537.000000 -32.744211 5.194334 37.445355 0.082520 0.995305 0.027118 -0.042692
538.000000 -32.850117 5.257360 36.023352 0.083582 0.995225 0.027702 -0.042108
539.000000 -32.934915 5.306694 34.600627 0.083797 0.995201 0.028487 -0.041732
540.000000 -33.048652 5.382957 33.187094 0.083516 0.995148 0.029269 -0.042987
541.000000 -33.085715 5.401812 31.770431 0.082699 0.995161 0.028384 -0.044832
542.000000 -33.174626 5.444555 30.350370 0.081738 0.995270 0.027205 -0.044902
543.000000 -33.256018 5.501843 28.936334 0.081997 0.995209 0.027670 -0.045488
544.000000 -33.313066 5.542401 27.527417 0.082464 0.995046 0.028285 -0.047782
545.000000 -33.406253 5.598227 26.123955 0.083194 0.994984 0.028298 -0.047795
546.000000 -33.593859 5.697696 24.735574 0.084422 0.994880 0.028600 -0.047625
547.000000 -33.687993 5.751555 23.341622 0.084747 0.994820 0.028546 -0.048343
548.000000 -33.797406 5.819982 21.955416 0.084714 0.994802 0.028101 -0.049021
549.000000 -33.923449 5.885450 20.578283 0.085244 0.994758 0.027668 -0.049245
550.000000 -34.099864 5.958365 19.206966 0.083881 0.994921 0.027192 -0.048544
551.000000 -34.262376 6.033489 17.838196 0.084588 0.994878 0.026919 -0.048354
552.000000 -34.399654 6.080631 16.470026 0.085006 0.994847 0.027941 -0.047665
553.000000 -34.462859 6.127771 15.101208 0.086304 0.994654 0.030056 -0.048077
554.000000 -34.587048 6.170979 13.739903 0.089029 0.994405 0.030614 -0.047904
555.000000 -34.673922 6.227312 12.369993 0.090582 0.994285 0.029588 -0.048125
556.000000 -34.818959 6.289201 11.010221 0.091505 0.994312 0.028438 -0.046497
557.000000 -34.968552 6.353092 9.653952 0.090552 0.994462 0.027588 -0.045668
558.000000 -35.106896 6.397317 8.296740 0.088036 0.994793 0.025714 -0.044450
559.000000 -35.159201 6.442477 6.939097 0.085860 0.994914 0.024758 -0.046497
560.000000 -35.270409 6.496088 5.580748 0.085028 0.994923 0.025154 -0.047597
561.000000 -35.463801 6.579299 4.235237 0.084723 0.994950 0.026723 -0.046711
562.000000 -35.561606 6.586103 2.875467 0.085231 0.994930 0.027351 -0.045840
563.000000 -35.680956 6.669075 1.515574 0.086706 0.994730 0.028269 -0.046852
564.000000 -35.728628 6.691601 0.144040 0.086709 0.994731 0.027725 -0.047157
565.000000 -35.864034 6.752896 -1.221656 0.086276 0.994823 0.028055 -0.045796
566.000000 -35.933616 6.798896 -2.596550 0.086545 0.994739 0.028989 -0.046522
567.000000 -36.103443 6.904915 -3.961020 0.086540 0.994746 0.029740 -0.045890
568.000000 -36.222935 6.968351 -5.338882 0.086163 0.994812 0.029797 -0.045140
569.000000 -36.341755 7.029517 -6.722390 0.086198 0.994778 0.029930 -0.045733
570.000000 -36.458269 7.096668 -8.107387 0.086868 0.994720 0.029984 -0.045689
571.000000 -36.482819 7.175488 -9.503464 0.089066 0.994480 0.029441 -0.047006
572.000000 -36.586570 7.246142 -10.892927 0.090182 0.994355 0.029854 -0.047271
573.000000 -36.617605 7.297809 -12.289578 0.091253 0.994103 0.031206 -0.049590
574.000000 -36.743505 7.373333 -13.685844 0.091494 0.994099 0.031534 -0.049008
575.000000 -36.871227 7.462752 -15.085613 0.092470 0.994004 0.031611 -0.049042
576.000000 -36.930141 7.525178 -16.488498 0.093524 0.993731 0.033107 -0.051539
577.000000 -37.063973 7.604925 -17.889243 0.094233 0.993638 0.035107 -0.050709
578.000000 -37.239256 7.685178 -19.286893 0.094089 0.993669 0.035382 -0.050174
579.000000 -37.360754 7.752414 -20.700061 0.093039 0.993840 0.033928 -0.049741
580.000000 -37.473763 7.799363 -22.115461 0.091161 0.994094 0.033216 -0.048619
581.000000 -37.604002 7.885882 -23.527707 0.091112 0.994099 0.033210 -0.048605
582.000000 -37.725172 7.958097 -24.943717 0.090917 0.994134 0.032753 -0.048561
583.000000 -37.906667 8.075816 -26.347526 0.091564 0.994093 0.034165 -0.047199
584.000000 -38.009217 8.147927 -27.769657 0.091959 0.994117 0.033410 -0.046458
585.000000 -38.121594 8.234889 -29.195345 0.090883 0.994271 0.032277 -0.046087
586.000000 -38.300827 8.346001 -30.605255 0.089991 0.994395 0.032663 -0.044868
587.000000 -38.330601 8.383414 -32.027758 0.088036 0.994536 0.032648 -0.045624
588.000000 -38.499639 8.477204 -33.438686 0.086805 0.994707 0.032934 -0.044029
589.000000 -38.620972 8.554038 -34.856198 0.085455 0.994837 0.032568 -0.043993
590.000000 -38.679179 8.632964 -36.274186 0.085711 0.994790 0.032573 -0.044567
591.000000 -38.799047 8.714890 -37.683622 0.085550 0.994814 0.032731 -0.044226
592.000000 -38.832801 8.750012 -39.099986 0.084464 0.994882 0.031428 -0.045686
593.000000 -38.953147 8.821917 -40.508269 0.083419 0.995022 0.030896 -0.044919
594.000000 -39.091333 8.921756 -41.906971 0.082844 0.994983 0.033897 -0.044674
595.000000 -39.232499 9.005728 -43.299671 0.081292 0.995084 0.035833 -0.043774
596.000000 -39.366752 9.106304 -44.695643 0.080629 0.995132 0.036828 -0.043072
597.000000 -39.430484 9.173009 -46.100436 0.080549 0.995156 0.035514 -0.043774
598.000000 -39.467092 9.241171 -47.504683 0.081171 0.995066 0.034930 -0.045111
599.000000 -39.622858 9.303544 -48.897583 0.081117 0.995149 0.034966 -0.043311
600.000000 -39.761435 9.392764 -50.290141 0.080397 0.995211 0.035267 -0.042985
601.000000 -39.896829 9.498312 -51.684206 0.080777 0.995219 0.035575 -0.041814
602.000000 -39.995910 9.561867 -53.074815 0.080324 0.995207 0.036041 -0.042569
603.000000 -40.084783 9.645551 -54.471425 0.081010 0.995136 0.036309 -0.042706
604.000000 -40.194411 9.743925 -55.866605 0.080355 0.995200 0.036301 -0.042452
605.000000 -40.332962 9.827890 -57.256757 0.079672 0.995286 0.036531 -0.041506
606.000000 -40.428383 9.906797 -58.650791 0.079701 0.995241 0.037066 -0.042066
607.000000 -40.625493 10.061664 -60.027044 0.080660 0.995133 0.038625 -0.041387
608.000000 -40.753534 10.146028 -61.420991 0.080649 0.995160 0.037888 -0.041437
609.000000 -40.840924 10.226699 -62.815419 0.080439 0.995186 0.037811 -0.041277
610.000000 -40.973701 10.323230 -64.205967 0.081038 0.995130 0.037639 -0.041613
611.000000 -41.078769 10.431572 -65.593790 0.082243 0.995010 0.038373 -0.041453
612.000000 -41.118701 10.490990 -66.984389 0.082489 0.994960 0.038172 -0.042353
613.000000 -41.253239 10.576580 -68.371244 0.082156 0.995014 0.038866 -0.041073
614.000000 -41.385952 10.671334 -69.750397 0.081628 0.995090 0.040030 -0.039122
615.000000 -41.483538 10.772264 -71.128518 0.082233 0.995031 0.040724 -0.038631
616.000000 -41.533761 10.846702 -72.512602 0.080614 0.995164 0.040042 -0.039332
617.000000 -41.625420 10.935946 -73.887742 0.079970 0.995227 0.039444 -0.039659
618.000000 -41.766263 11.054019 -75.255778 0.080142 0.995253 0.038738 -0.039340
619.000000 -41.839977 11.119391 -76.622448 0.079573 0.995323 0.038904 -0.038567
620.000000 -41.870995 11.216711 -77.985639 0.079675 0.995205 0.041218 -0.038993
621.000000 -41.957637 11.289737 -79.341442 0.080100 0.995149 0.042467 -0.038201
622.000000 -42.027871 11.377038 -80.700689 0.080091 0.995195 0.041476 -0.038116
623.000000 -42.116412 11.481045 -82.057270 0.079882 0.995346 0.039551 -0.036608
624.000000 -42.136145 11.560413 -83.409442 0.079488 0.995337 0.038693 -0.038576
625.000000 -42.167832 11.620140 -84.757032 0.078981 0.995375 0.038292 -0.039040
626.000000 -42.276469 11.719343 -86.091886 0.079097 0.995322 0.039469 -0.038991
627.000000 -42.365501 11.822591 -87.428812 0.079462 0.995225 0.040620 -0.039547
628.000000 -42.485798 11.934954 -88.756449 0.081105 0.995061 0.041195 -0.039726
629.000000 -42.599914 12.046955 -90.080126 0.082344 0.995000 0.041126 -0.038778
630.000000 -42.748695 12.182307 -91.400672 0.082910 0.994975 0.041527 -0.037758
631.000000 -42.840784 12.251859 -92.719451 0.082537 0.995011 0.041476 -0.037700
632.000000 -42.925560 12.314402 -94.039387 0.082343 0.995021 0.041820 -0.037477
633.000000 -42.973205 12.391600 -95.357565 0.082010 0.995036 0.041162 -0.038521
634.000000 -43.032367 12.486054 -96.670883 0.082673 0.994919 0.041146 -0.040107
635.000000 -43.105697 12.571534 -97.979390 0.083046 0.994857 0.041248 -0.040766
636.000000 -43.201836 12.654176 -99.280594 0.082952 0.994885 0.041309 -0.040200
637.000000 -43.321124 12.752859 -100.578025 0.083259 0.994899 0.041615 -0.038879
638.000000 -43.399030 12.849907 -101.874517 0.083348 0.994864 0.042104 -0.039075
639.000000 -43.423845 12.978301 -103.167449 0.084134 0.994735 0.042977 -0.039712
640.000000 -43.524258 13.057026 -104.455078 0.083759 0.994750 0.043107 -0.039995
641.000000 -43.668676 13.120606 -105.732481 0.083546 0.994783 0.043267 -0.039427
642.000000 -43.743559 13.232312 -107.015651 0.083790 0.994683 0.044282 -0.040310
643.000000 -43.873298 13.330439 -108.288407 0.084160 0.994695 0.043751 -0.039814
644.000000 -44.020867 13.431604 -109.559179 0.084657 0.994715 0.042517 -0.039600
645.000000 -44.130620 13.510039 -110.828464 0.084160 0.994762 0.042805 -0.039153
646.000000 -44.140351 13.561737 -112.099211 0.084015 0.994710 0.043020 -0.040544
647.000000 -44.230456 13.668018 -113.362262 0.082990 0.994799 0.042902 -0.040586
648.000000 -44.349697 13.770076 -114.615991 0.083077 0.994846 0.043011 -0.039108
649.000000 -44.454991 13.881216 -115.864753 0.083209 0.994851 0.042889 -0.038829
650.000000 -44.492491 13.952272 -117.116996 0.082885 0.994896 0.042703 -0.038582
651.000000 -44.562525 14.041017 -118.361603 0.082110 0.994929 0.043002 -0.039054
652.000000 -44.600889 14.149337 -119.597112 0.082267 0.994861 0.043588 -0.039792
653.000000 -44.674563 14.224850 -120.823490 0.082093 0.994887 0.043413 -0.039691
654.000000 -44.701857 14.294906 -122.043482 0.082554 0.994797 0.043205 -0.041195
655.000000 -44.751125 14.365115 -123.254951 0.083760 0.994652 0.042686 -0.042784
656.000000 -44.831038 14.433774 -124.456049 0.084692 0.994598 0.042027 -0.042847
657.000000 -45.016572 14.523342 -125.636425 0.085002 0.994677 0.041718 -0.040645
658.000000 -45.029372 14.625755 -126.817242 0.086597 0.994462 0.042556 -0.041666
659.000000 -45.120098 14.696817 -127.986599 0.085648 0.994483 0.043523 -0.042114
660.000000 -45.219462 14.797963 -129.141650 0.085527 0.994467 0.043459 -0.042799
661.000000 -45.275820 14.875760 -130.290966 0.085054 0.994507 0.042426 -0.043836
662.000000 -45.350788 14.955160 -131.423331 0.084735 0.994541 0.041798 -0.044292
663.000000 -45.433281 15.024806 -132.536056 0.083509 0.994656 0.041223 -0.044578
664.000000 -45.512186 15.087237 -133.628177 0.081971 0.994769 0.041522 -0.044629
665.000000 -45.617930 15.147741 -134.701639 0.081891 0.994849 0.040481 -0.043942
666.000000 -45.665333 15.218625 -135.758339 0.083145 0.994739 0.039550 -0.044905
667.000000 -45.761991 15.271481 -136.785318 0.082780 0.994765 0.039271 -0.045261
668.000000 -45.840156 15.330003 -137.789563 0.082795 0.994701 0.039795 -0.046161
669.000000 -45.903653 15.366879 -138.767562 0.082090 0.994727 0.039475 -0.047125
670.000000 -45.934984 15.419109 -139.720583 0.081754 0.994753 0.038760 -0.047757
671.000000 -46.056331 15.473344 -140.636271 0.080693 0.994868 0.038557 -0.047316
672.000000 -46.129886 15.502982 -141.528921 0.080563 0.994955 0.038378 -0.045845
673.000000 -46.176709 15.531694 -142.396231 0.078726 0.995121 0.038112 -0.045649
674.000000 -46.262229 15.594505 -143.223454 0.077010 0.995355 0.039005 -0.042611
675.000000 -46.244879 15.582809 -144.031570 0.074225 0.995780 0.038738 -0.037568
676.000000 -46.289401 15.633320 -144.810215 0.072036 0.996191 0.039213 -0.029614
677.000000 -46.347853 15.686898 -145.561997 0.071718 0.996476 0.039394 -0.018467
678.000000 -46.332456 15.739367 -146.288309 0.071896 0.996644 0.038682 -0.005871
679.000000 -46.256967 15.754662 -146.991243 0.072591 0.996646 0.037033 0.007414
680.000000 -46.184825 15.757876 -147.664637 0.072225 0.996445 0.037194 0.022304
681.000000 -46.179639 15.793715 -148.306747 0.071466 0.995858 0.039017 0.040461
682.000000 -46.061300 15.825086 -148.921655 0.070678 0.994794 0.041834 0.060328
683.000000 -46.030709 15.857782 -149.528893 0.069778 0.993039 0.043841 0.084152
684.000000 -45.924995 15.894524 -150.089335 0.069536 0.990524 0.045266 0.109445
685.000000 -45.835024 15.924329 -150.654037 0.068028 0.987200 0.046620 0.136511
686.000000 -45.652946 15.940398 -151.156453 0.065503 0.983021 0.048142 0.164501
687.000000 -45.389116 15.938404 -151.638478 0.064472 0.977775 0.049033 0.193380
688.000000 -45.066610 15.906336 -152.075615 0.062811 0.971604 0.049551 0.222678
689.000000 -44.790948 15.920980 -152.508996 0.061642 0.963752 0.050048 0.254710
690.000000 -44.395370 15.885361 -152.865197 0.058479 0.955600 0.050646 0.284332
691.000000 -44.133299 15.895965 -153.321221 0.056504 0.944952 0.051150 0.318210
692.000000 -43.742684 15.901118 -153.630291 0.054218 0.933285 0.051269 0.351300
693.000000 -43.462839 15.973149 -154.054962 0.051856 0.919262 0.051995 0.386736
694.000000 -43.052168 15.969986 -154.324316 0.050760 0.905328 0.051329 0.418533
695.000000 -42.642757 15.961900 -154.611975 0.050243 0.890124 0.051103 0.450048
696.000000 -42.182375 15.950492 -154.791703 0.048611 0.874301 0.051389 0.480202
697.000000 -41.708464 15.882958 -154.812984 0.046207 0.859161 0.051563 0.507000
698.000000 -41.262583 15.908883 -154.998877 0.044035 0.840768 0.053431 0.536950
699.000000 -40.816551 15.915102 -155.171963 0.042725 0.821845 0.055245 0.565415
700.000000 -40.339797 15.914702 -155.185437 0.041576 0.803165 0.056667 0.591596
701.000000 -39.863174 15.951849 -155.226387 0.040595 0.782413 0.056038 0.618904
702.000000 -39.404845 15.958379 -155.054542 0.037578 0.763187 0.054302 0.642795
703.000000 -38.914151 15.980400 -155.015367 0.032305 0.741776 0.051835 0.667861
704.000000 -38.435980 15.997981 -154.877539 0.027517 0.720019 0.048838 0.691687
705.000000 -37.937239 15.990746 -154.759813 0.022497 0.696737 0.045212 0.715547
706.000000 -37.484290 15.926487 -154.543274 0.018039 0.673199 0.041201 0.738093
707.000000 -36.971732 15.951052 -154.446265 0.015324 0.645914 0.040992 0.762155
708.000000 -36.473259 15.930370 -154.318594 0.011919 0.617417 0.039962 0.785530
709.000000 -36.000579 15.921195 -154.083494 0.007929 0.590133 0.038892 0.806330
710.000000 -35.496544 15.972894 -153.839656 0.005772 0.561492 0.036945 0.826637
711.000000 -35.036223 15.949065 -153.536459 0.001011 0.532291 0.035481 0.845817
712.000000 -34.552578 15.911794 -153.206533 -0.002267 0.502653 0.033347 0.863842
713.000000 -34.128324 15.910441 -152.823204 -0.002794 0.474050 0.031668 0.879924
714.000000 -33.685177 15.905292 -152.442101 -0.004062 0.444714 0.032933 0.895058
715.000000 -33.243115 15.946078 -152.007188 -0.003281 0.416456 0.033254 0.908541
716.000000 -32.826965 15.974204 -151.554230 -0.004342 0.386776 0.033281 0.921563
717.000000 -32.430381 15.982521 -151.029403 -0.006162 0.358108 0.031854 0.933116
718.000000 -32.082771 15.995491 -150.486049 -0.008421 0.329241 0.030842 0.943705
719.000000 -31.765086 16.016026 -149.910137 -0.010347 0.300338 0.030721 0.953282
720.000000 -31.432609 16.023539 -149.292350 -0.012604 0.269722 0.029301 0.962410
721.000000 -31.122719 16.015469 -148.670061 -0.015123 0.241615 0.028440 0.969837
722.000000 -30.864815 16.034399 -147.986822 -0.015024 0.216198 0.024574 0.975925
723.000000 -30.620929 16.049771 -147.290396 -0.014274 0.193788 0.021338 0.980707
724.000000 -30.387669 16.060785 -146.553660 -0.014269 0.174157 0.018481 0.984441
725.000000 -30.213136 16.059578 -145.785059 -0.015687 0.157767 0.018332 0.987181
726.000000 -29.972764 16.096877 -145.011621 -0.016248 0.141977 0.017311 0.989585
727.000000 -29.705667 16.141518 -144.220812 -0.016236 0.126639 0.015704 0.991692
728.000000 -29.512765 16.163602 -143.389383 -0.016265 0.113765 0.014323 0.993271
729.000000 -29.337098 16.186437 -142.531058 -0.016047 0.102680 0.011429 0.994519
730.000000 -29.221650 16.195279 -141.643971 -0.015511 0.095601 0.008824 0.995260
731.000000 -29.054292 16.219074 -140.743084 -0.014787 0.091027 0.005768 0.995722
732.000000 -28.941173 16.243040 -139.814332 -0.014425 0.089833 0.003615 0.995846
733.000000 -28.768124 16.277425 -138.871928 -0.014240 0.088611 0.003625 0.995958
734.000000 -28.608461 16.306332 -137.908442 -0.014429 0.088500 0.003109 0.995967
735.000000 -28.487787 16.334399 -136.918726 -0.014674 0.088244 0.003315 0.995985
736.000000 -28.321279 16.361652 -135.919171 -0.014265 0.086567 0.004539 0.996134
737.000000 -28.190267 16.367176 -134.896450 -0.014583 0.086789 0.004579 0.996109
738.000000 -28.017241 16.375474 -133.859114 -0.015277 0.085576 0.004667 0.996204
739.000000 -27.843971 16.411833 -132.803647 -0.016218 0.084832 0.004695 0.996252
740.000000 -27.666770 16.443357 -131.731558 -0.016223 0.084019 0.004951 0.996320
741.000000 -27.547731 16.483998 -130.634115 -0.015230 0.085447 0.004527 0.996216
742.000000 -27.446592 16.486586 -129.517264 -0.014837 0.086502 0.005221 0.996127
743.000000 -27.309610 16.479795 -128.385993 -0.015385 0.086552 0.005528 0.996113
744.000000 -27.110575 16.505599 -127.247863 -0.015592 0.085262 0.005375 0.996222
745.000000 -26.915686 16.548244 -126.097124 -0.014827 0.084692 0.005270 0.996283
746.000000 -26.750279 16.564881 -124.920512 -0.014621 0.085653 0.004524 0.996207
747.000000 -26.591957 16.583881 -123.727603 -0.014997 0.087696 0.004083 0.996026
748.000000 -26.424478 16.595276 -122.519385 -0.015509 0.088118 0.004420 0.995979
749.000000 -26.198136 16.623051 -121.309448 -0.014819 0.087889 0.004054 0.996012
750.000000 -25.993000 16.642528 -120.083676 -0.012872 0.089324 0.003833 0.995912
751.000000 -25.788958 16.646521 -118.839800 -0.011900 0.090437 0.005205 0.995818
752.000000 -25.563393 16.675266 -117.579202 -0.011427 0.090828 0.005812 0.995784
753.000000 -25.440792 16.662538 -116.291031 -0.012102 0.092626 0.007594 0.995598
754.000000 -25.162573 16.708641 -115.012450 -0.011297 0.091751 0.007540 0.995689
755.000000 -24.910981 16.771460 -113.718573 -0.008559 0.091110 0.006857 0.995780
756.000000 -24.682430 16.817204 -112.404554 -0.006857 0.090701 0.005870 0.995837
757.000000 -24.436777 16.804423 -111.072088 -0.007790 0.088177 0.005617 0.996059
758.000000 -24.207966 16.840699 -109.723420 -0.008151 0.087780 0.005398 0.996092
759.000000 -23.973688 16.898017 -108.364274 -0.006545 0.088028 0.004706 0.996085
760.000000 -23.725537 16.896234 -106.993513 -0.006406 0.086649 0.005287 0.996204
761.000000 -23.515161 16.866676 -105.599840 -0.006563 0.086143 0.005191 0.996248
762.000000 -23.267078 16.850997 -104.197871 -0.006609 0.085132 0.005122 0.996335
763.000000 -23.111247 16.865048 -102.769858 -0.006037 0.088745 0.003776 0.996029
764.000000 -22.866417 16.838933 -101.336757 -0.007171 0.088301 0.004067 0.996060
765.000000 -22.605747 16.843266 -99.888182 -0.008739 0.088403 0.003640 0.996040
766.000000 -22.362558 16.856053 -98.429254 -0.009257 0.088703 0.003551 0.996009
767.000000 -22.167644 16.872658 -96.938454 -0.010354 0.090086 0.003872 0.995873
768.000000 -21.881677 16.894564 -95.455184 -0.012865 0.089808 0.003233 0.995871
769.000000 -21.675062 16.923111 -93.955842 -0.015169 0.091681 0.002407 0.995670
770.000000 -21.397172 16.936475 -92.470497 -0.016695 0.091530 0.001635 0.995661
771.000000 -21.133120 16.947913 -90.984338 -0.017430 0.091669 0.001174 0.995636
772.000000 -20.878935 16.983905 -89.499951 -0.017049 0.092192 0.001975 0.995593
773.000000 -20.589001 17.016936 -88.025436 -0.015999 0.091999 0.001928 0.995629
774.000000 -20.322109 17.017421 -86.542683 -0.015369 0.091025 0.002735 0.995726
775.000000 -20.007830 17.052582 -85.076485 -0.014871 0.090676 0.002523 0.995766
776.000000 -19.785721 17.066856 -83.579858 -0.015907 0.091446 0.002435 0.995680
777.000000 -19.462155 17.103769 -82.110498 -0.015502 0.091268 0.003804 0.995698
778.000000 -19.203622 17.112394 -80.628789 -0.014813 0.091903 0.003435 0.995652
779.000000 -18.942500 17.122406 -79.148343 -0.015125 0.092410 0.004374 0.995597
780.000000 -18.678896 17.137400 -77.668777 -0.015968 0.092618 0.003867 0.995566
781.000000 -18.436842 17.160771 -76.183291 -0.017127 0.093459 0.003613 0.995469
782.000000 -18.128416 17.202745 -74.713372 -0.017425 0.092501 0.003310 0.995555
783.000000 -17.822301 17.168368 -73.249706 -0.017811 0.091900 0.004261 0.995600
784.000000 -17.561812 17.197989 -71.779771 -0.015452 0.091349 0.004898 0.995687
785.000000 -17.315187 17.200145 -70.312761 -0.014545 0.091535 0.003458 0.995690
786.000000 -17.083220 17.211283 -68.837317 -0.015254 0.091375 0.003757 0.995693
787.000000 -16.856512 17.212210 -67.363151 -0.015960 0.090737 0.003146 0.995742
788.000000 -16.640736 17.212518 -65.896568 -0.015172 0.091535 0.003941 0.995678
789.000000 -16.370516 17.253963 -64.437832 -0.015246 0.090107 0.003616 0.995809
790.000000 -16.051452 17.276179 -62.992992 -0.016429 0.088482 0.004361 0.995933
791.000000 -15.807236 17.304711 -61.533224 -0.015363 0.087990 0.003350 0.995997
792.000000 -15.539859 17.373380 -60.089312 -0.012825 0.087312 0.001686 0.996097
793.000000 -15.323315 17.370189 -58.632915 -0.013318 0.087427 0.002180 0.996080
794.000000 -15.071299 17.355367 -57.178480 -0.016309 0.087050 0.002117 0.996068
795.000000 -14.812509 17.411739 -55.735250 -0.015464 0.086240 0.002046 0.996152
796.000000 -14.566135 17.443014 -54.293526 -0.014834 0.086779 0.001797 0.996116
797.000000 -14.423169 17.448718 -52.838752 -0.014509 0.088538 0.000593 0.995967
798.000000 -14.220812 17.445145 -51.394247 -0.014760 0.089056 0.000999 0.995917
799.000000 -13.959364 17.478022 -49.962175 -0.013771 0.089177 0.000913 0.995920
800.000000 -13.742700 17.479610 -48.524521 -0.013543 0.089766 0.001352 0.995870
801.000000 -13.527052 17.514568 -47.089207 -0.013153 0.090666 0.001782 0.995793
802.000000 -13.315481 17.509738 -45.654813 -0.013076 0.091518 0.002254 0.995715
803.000000 -13.068206 17.526236 -44.233090 -0.012998 0.091443 0.003222 0.995720
804.000000 -12.833191 17.518860 -42.805529 -0.014017 0.091822 0.002927 0.995672
805.000000 -12.602420 17.521174 -41.381217 -0.014077 0.092866 0.002908 0.995575
806.000000 -12.345456 17.519781 -39.964619 -0.013947 0.092330 0.002545 0.995628
807.000000 -12.080050 17.524613 -38.554397 -0.012888 0.091412 0.003020 0.995725
808.000000 -11.820443 17.534189 -37.143203 -0.012594 0.091839 0.001078 0.995694
809.000000 -11.608259 17.539235 -35.725786 -0.013265 0.093906 0.000570 0.995493
810.000000 -11.338351 17.574373 -34.320360 -0.013384 0.094587 -0.001435 0.995426
811.000000 -11.069335 17.572902 -32.917938 -0.013477 0.094537 -0.001685 0.995429
812.000000 -10.770231 17.578905 -31.527488 -0.012287 0.094910 -0.002189 0.995408
813.000000 -10.613144 17.545155 -30.116461 -0.011615 0.096396 -0.001423 0.995274
814.000000 -10.263182 17.582597 -28.744238 -0.012017 0.095927 -0.003007 0.995311
815.000000 -9.933923 17.608600 -27.361383 -0.012178 0.095641 -0.003015 0.995337
816.000000 -9.661089 17.594354 -25.979691 -0.010095 0.096352 -0.002929 0.995292
817.000000 -9.419336 17.554414 -24.596707 -0.008193 0.096893 -0.003711 0.995254
818.000000 -9.149752 17.525275 -23.219259 -0.007366 0.096314 -0.003893 0.995316
819.000000 -8.915765 17.507520 -21.837096 -0.007156 0.097259 -0.003459 0.995227
820.000000 -8.653019 17.498615 -20.463760 -0.007335 0.097150 -0.003592 0.995236
821.000000 -8.440491 17.461203 -19.083117 -0.008900 0.097224 -0.003269 0.995217
822.000000 -8.241984 17.502139 -17.704159 -0.009106 0.098850 -0.004025 0.995053
823.000000 -7.955238 17.495283 -16.349724 -0.009171 0.098104 -0.003192 0.995129
824.000000 -7.696652 17.482424 -14.990226 -0.008594 0.097841 -0.002647 0.995161
825.000000 -7.545812 17.479137 -13.619367 -0.007920 0.099437 -0.002387 0.995009
826.000000 -7.267322 17.448838 -12.271315 -0.008905 0.098737 -0.003281 0.995068
827.000000 -6.999920 17.446540 -10.924570 -0.008763 0.097429 -0.002121 0.995202
828.000000 -6.748606 17.436405 -9.577894 -0.009342 0.096179 -0.002417 0.995317
829.000000 -6.456670 17.456476 -8.238107 -0.009357 0.094979 -0.002336 0.995433
830.000000 -6.206889 17.455602 -6.894648 -0.008600 0.094169 -0.001807 0.995517
831.000000 -5.978991 17.435445 -5.548849 -0.007878 0.093605 -0.000606 0.995578
832.000000 -5.625374 17.459121 -4.230395 -0.006638 0.092248 -0.001719 0.995712
833.000000 -5.384484 17.458072 -2.889147 -0.006955 0.091896 -0.001666 0.995743
834.000000 -5.142427 17.439099 -1.544763 -0.007844 0.091386 -0.002602 0.995781
835.000000 -4.836530 17.442655 -0.219008 -0.007010 0.089985 -0.003338 0.995913
836.000000 -4.599695 17.471526 1.119994 -0.006691 0.089805 -0.003520 0.995931
837.000000 -4.362819 17.466657 2.458672 -0.006562 0.089331 -0.003522 0.995974
838.000000 -4.127766 17.455125 3.794650 -0.006691 0.088989 -0.002555 0.996007
839.000000 -3.851819 17.434702 5.127051 -0.006915 0.087394 -0.002719 0.996146
840.000000 -3.627750 17.442805 6.464308 -0.006540 0.087968 -0.003982 0.996094
841.000000 -3.379173 17.441338 7.797868 -0.007104 0.087923 -0.004312 0.996093
842.000000 -3.099176 17.396976 9.123571 -0.008324 0.086935 -0.004337 0.996170
843.000000 -2.906192 17.422681 10.462096 -0.006990 0.087756 -0.004409 0.996108
844.000000 -2.659053 17.418503 11.793992 -0.006933 0.087013 -0.004075 0.996175
845.000000 -2.404250 17.444671 13.123054 -0.006140 0.087273 -0.004893 0.996154
846.000000 -2.215291 17.445138 14.460885 -0.006279 0.087831 -0.004648 0.996105
847.000000 -1.891755 17.460723 15.774658 -0.005913 0.085608 -0.003678 0.996305
848.000000 -1.692159 17.447486 17.109762 -0.006103 0.085958 -0.004323 0.996271
849.000000 -1.516831 17.425903 18.448918 -0.005596 0.086899 -0.004944 0.996189
850.000000 -1.298911 17.395482 19.778185 -0.005966 0.086549 -0.005506 0.996215
851.000000 -1.134884 17.333453 21.113585 -0.006777 0.086747 -0.005123 0.996194
852.000000 -0.840898 17.328409 22.428178 -0.006644 0.085133 -0.005028 0.996335
853.000000 -0.618022 17.328326 23.750481 -0.006426 0.084311 -0.004066 0.996410
854.000000 -0.367681 17.325210 25.068796 -0.007114 0.083623 -0.004227 0.996463
855.000000 -0.138590 17.308310 26.387556 -0.008285 0.082206 -0.004123 0.996572
856.000000 0.025205 17.293818 27.708586 -0.007962 0.082719 -0.003572 0.996535
857.000000 0.157404 17.253834 29.028888 -0.007821 0.084278 -0.002909 0.996407
858.000000 0.315281 17.249233 30.351542 -0.007612 0.085942 -0.003576 0.996265
859.000000 0.578751 17.265967 31.649461 -0.007309 0.085888 -0.003710 0.996271
860.000000 0.817404 17.248903 32.948460 -0.007833 0.084720 -0.002711 0.996370
861.000000 1.043748 17.242256 34.245735 -0.008122 0.084293 -0.001859 0.996406
862.000000 1.201044 17.250481 35.548262 -0.008086 0.086302 -0.001771 0.996235
863.000000 1.415009 17.206019 36.841884 -0.009338 0.085494 -0.000933 0.996295
864.000000 1.608638 17.199672 38.135082 -0.010362 0.085596 -0.000852 0.996276
865.000000 1.823377 17.201687 39.424095 -0.010110 0.084572 -0.001012 0.996366
866.000000 2.029565 17.185816 40.706207 -0.010125 0.084335 -0.001041 0.996385
867.000000 2.227689 17.155312 41.988676 -0.011492 0.084228 -0.002689 0.996377
868.000000 2.454824 17.183511 43.265859 -0.012638 0.083966 -0.003226 0.996383
869.000000 2.660809 17.212736 44.546345 -0.013337 0.083939 -0.004549 0.996371
870.000000 2.913018 17.199702 45.812689 -0.015695 0.082025 -0.004143 0.996498
871.000000 3.101362 17.194790 47.087443 -0.016416 0.081577 -0.004404 0.996522
872.000000 3.279991 17.173436 48.353164 -0.016594 0.081253 -0.002697 0.996552
873.000000 3.490127 17.161534 49.618910 -0.016594 0.080365 -0.002964 0.996623
874.000000 3.699599 17.222421 50.877332 -0.014626 0.080093 -0.004442 0.996670
875.000000 3.862177 17.192246 52.140657 -0.014962 0.079867 -0.004904 0.996681
876.000000 4.048564 17.226721 53.395473 -0.013933 0.080604 -0.006656 0.996627
877.000000 4.242087 17.221682 54.653230 -0.014457 0.079856 -0.006255 0.996682
878.000000 4.404222 17.239042 55.912506 -0.014509 0.080741 -0.006293 0.996610
879.000000 4.599249 17.256805 57.160984 -0.014440 0.080790 -0.006874 0.996603
880.000000 4.778184 17.243658 58.409279 -0.014753 0.079971 -0.006062 0.996670
881.000000 4.927380 17.236249 59.655569 -0.015025 0.081536 -0.005262 0.996543
882.000000 5.154498 17.260019 60.893315 -0.014457 0.080343 -0.004488 0.996652
883.000000 5.372210 17.233312 62.125530 -0.015533 0.078936 -0.002987 0.996754
884.000000 5.551611 17.234912 63.364968 -0.016589 0.078396 -0.003877 0.996777
885.000000 5.653419 17.244931 64.604951 -0.016158 0.078921 -0.003946 0.996742
886.000000 5.879639 17.243738 65.822564 -0.015761 0.077972 -0.004546 0.996821
887.000000 6.039055 17.244026 67.054753 -0.015960 0.078180 -0.006024 0.996793
888.000000 6.264682 17.238058 68.270425 -0.016243 0.077177 -0.006580 0.996863
889.000000 6.433083 17.245304 69.491103 -0.016783 0.077744 -0.007881 0.996801
890.000000 6.656117 17.238476 70.698153 -0.018268 0.077485 -0.008105 0.996793
891.000000 6.810480 17.261113 71.902519 -0.018876 0.079039 -0.009547 0.996647
892.000000 7.007774 17.268361 73.089083 -0.018160 0.079306 -0.007618 0.996656
893.000000 7.192668 17.291193 74.253744 -0.016284 0.079936 -0.006795 0.996644
894.000000 7.323986 17.300585 75.410810 -0.016978 0.082052 -0.008663 0.996446
895.000000 7.532505 17.294284 76.542490 -0.019418 0.082758 -0.007676 0.996351
896.000000 7.689478 17.318421 77.653933 -0.019304 0.085300 -0.009814 0.996120
897.000000 7.890332 17.326513 78.743489 -0.017513 0.085775 -0.009075 0.996119
898.000000 8.062955 17.324598 79.829178 -0.015649 0.087370 -0.007974 0.996021
899.000000 8.273272 17.329597 80.904108 -0.013268 0.088296 -0.006258 0.995986
900.000000 8.450736 17.324108 81.985502 -0.012395 0.089532 -0.005824 0.995890
901.000000 8.678811 17.334404 83.059508 -0.013125 0.089360 -0.005982 0.995895
902.000000 8.843837 17.328507 84.143095 -0.014340 0.089400 -0.006554 0.995871
903.000000 8.991289 17.338214 85.218595 -0.013836 0.092022 -0.006760 0.995638
904.000000 9.186932 17.350030 86.283587 -0.012663 0.092729 -0.007064 0.995586
905.000000 9.367064 17.379883 87.347264 -0.011829 0.093065 -0.007405 0.995562
906.000000 9.538142 17.382565 88.411518 -0.012588 0.092761 -0.008479 0.995573
907.000000 9.703515 17.393226 89.472907 -0.013524 0.093781 -0.007606 0.995472
908.000000 9.885845 17.401204 90.526469 -0.013737 0.094484 -0.007058 0.995407
909.000000 10.029364 17.390328 91.580429 -0.014518 0.094393 -0.007144 0.995404
910.000000 10.257831 17.405032 92.618248 -0.014399 0.092072 -0.005757 0.995632
911.000000 10.360446 17.399339 93.667278 -0.013738 0.090762 -0.004783 0.995766
912.000000 10.537974 17.396778 94.706002 -0.012523 0.088973 -0.004383 0.995946
913.000000 10.710274 17.378288 95.747945 -0.011140 0.087573 -0.004246 0.996087
914.000000 10.855202 17.366830 96.800489 -0.010832 0.085509 -0.004859 0.996267
915.000000 11.009225 17.359651 97.856164 -0.011792 0.083352 -0.005434 0.996436
916.000000 11.130208 17.344030 98.923821 -0.013072 0.080113 -0.005025 0.996687
917.000000 11.300545 17.390687 99.987284 -0.012725 0.077747 -0.005746 0.996875
918.000000 11.473129 17.409511 101.055283 -0.012758 0.073573 -0.006462 0.997187
919.000000 11.647291 17.394164 102.131167 -0.013552 0.069249 -0.007161 0.997482
920.000000 11.783994 17.406088 103.218072 -0.014032 0.067514 -0.009303 0.997576
921.000000 11.776339 17.414578 104.317399 -0.013767 0.069446 -0.011503 0.997424
922.000000 11.993116 17.431600 105.401705 -0.013217 0.069653 -0.013289 0.997395
923.000000 12.123955 17.435394 106.505889 -0.013063 0.071585 -0.015833 0.997223
924.000000 12.279909 17.451011 107.616709 -0.013306 0.073991 -0.017503 0.997017
925.000000 12.480440 17.433852 108.725850 -0.014494 0.075982 -0.017423 0.996852
926.000000 12.619577 17.373951 109.851542 -0.016011 0.081132 -0.017393 0.996423
927.000000 12.756887 17.352894 110.980924 -0.016340 0.086322 -0.017956 0.995971
928.000000 12.941268 17.382710 112.111035 -0.015677 0.090651 -0.017896 0.995599
929.000000 13.146317 17.414214 113.244933 -0.015539 0.095274 -0.017360 0.995178
930.000000 13.473532 17.476043 114.359228 -0.014306 0.097900 -0.016643 0.994954
931.000000 13.658367 17.505589 115.510902 -0.013517 0.103375 -0.016361 0.994416
932.000000 13.920030 17.555594 116.657525 -0.013030 0.107051 -0.016092 0.994038
933.000000 14.128016 17.570124 117.822065 -0.013319 0.110504 -0.016713 0.993646
934.000000 14.328104 17.579813 118.996611 -0.013836 0.115176 -0.016778 0.993107
935.000000 14.536468 17.598762 120.181957 -0.013653 0.119231 -0.017861 0.992612
936.000000 14.806672 17.576623 121.360683 -0.014445 0.120931 -0.018912 0.992376
937.000000 15.094155 17.596650 122.545743 -0.014100 0.123716 -0.020734 0.992001
938.000000 15.393645 17.605229 123.737003 -0.014999 0.125134 -0.020087 0.991823
939.000000 15.651540 17.623913 124.945341 -0.014416 0.126901 -0.019466 0.991620
940.000000 15.968505 17.621815 126.150732 -0.012496 0.127001 -0.018143 0.991658
941.000000 16.270342 17.639749 127.371464 -0.012426 0.126940 -0.015852 0.991706
942.000000 16.566008 17.676592 128.608257 -0.013378 0.126873 -0.014687 0.991720
943.000000 16.824426 17.711214 129.862274 -0.013817 0.127124 -0.012733 0.991709
944.000000 17.134521 17.712587 131.118816 -0.015228 0.124912 -0.009706 0.992003
945.000000 17.372921 17.732233 132.398366 -0.015314 0.122925 -0.006862 0.992274
946.000000 17.698586 17.767259 133.665997 -0.014652 0.119600 -0.005140 0.992701
947.000000 17.991819 17.781964 134.959344 -0.014667 0.117384 -0.003270 0.992973
948.000000 18.276567 17.791771 136.264336 -0.015591 0.114591 -0.003156 0.993285
949.000000 18.553196 17.783850 137.578045 -0.017442 0.111746 -0.001937 0.993582
950.000000 18.814290 17.812939 138.912756 -0.017787 0.109919 -0.004074 0.993773
951.000000 19.074295 17.825111 140.254083 -0.018054 0.107535 -0.004486 0.994027
952.000000 19.329800 17.850485 141.603380 -0.016388 0.105544 -0.004290 0.994270
953.000000 19.570291 17.879915 142.965482 -0.015137 0.104243 -0.005075 0.994424
954.000000 19.844210 17.866785 144.326340 -0.013353 0.101541 -0.005198 0.994728
955.000000 20.159212 17.860943 145.695163 -0.011972 0.100042 -0.004679 0.994900
956.000000 20.450747 17.866850 147.078089 -0.011939 0.098694 -0.005224 0.995032
957.000000 20.701921 17.860790 148.478940 -0.012182 0.098039 -0.004782 0.995097
958.000000 20.997114 17.885199 149.876525 -0.012231 0.096081 -0.003790 0.995291
959.000000 21.247156 17.932414 151.290236 -0.012476 0.096043 -0.005580 0.995283
960.000000 21.475844 17.957191 152.715106 -0.013057 0.096445 -0.005682 0.995236
961.000000 21.743587 17.983661 154.131217 -0.013583 0.095339 -0.005619 0.995336
962.000000 21.996334 17.996640 155.552206 -0.015076 0.094222 -0.005590 0.995421
963.000000 22.333309 18.036572 156.952352 -0.015087 0.092651 -0.005999 0.995566
964.000000 22.582173 18.037232 158.371123 -0.015228 0.091820 -0.005328 0.995645
965.000000 22.839143 18.042208 159.786195 -0.015465 0.090753 -0.005728 0.995737
966.000000 23.082828 18.054414 161.202129 -0.014962 0.090685 -0.006213 0.995748
967.000000 23.343653 18.042596 162.615149 -0.014740 0.089983 -0.006840 0.995811
968.000000 23.562259 18.037797 164.032834 -0.014836 0.089888 -0.007062 0.995816
969.000000 23.825175 18.019940 165.449741 -0.016494 0.088791 -0.006220 0.995894
970.000000 24.056358 18.037524 166.864862 -0.017100 0.088663 -0.006132 0.995896
971.000000 24.294885 18.060132 168.277317 -0.017068 0.088808 -0.006874 0.995879
972.000000 24.443657 18.069335 169.697662 -0.017053 0.091605 -0.007592 0.995620
973.000000 24.730188 18.070717 171.091426 -0.016775 0.091440 -0.007848 0.995638
974.000000 24.967500 18.052496 172.496299 -0.017467 0.092504 -0.007623 0.995530
975.000000 25.199835 18.081075 173.895922 -0.016783 0.093446 -0.007634 0.995454
976.000000 25.493827 18.079845 175.279613 -0.016307 0.092584 -0.006188 0.995552
977.000000 25.745036 18.089383 176.671248 -0.016045 0.092162 -0.004956 0.995602
978.000000 25.971920 18.101207 178.065083 -0.017449 0.093653 -0.003964 0.995444
979.000000 26.187777 18.110138 179.459579 -0.019827 0.094848 -0.003902 0.995287
980.000000 26.483498 18.131289 180.829084 -0.018989 0.094982 -0.003806 0.995291
981.000000 26.730231 18.145599 182.201424 -0.017671 0.095651 -0.002910 0.995254
982.000000 26.940461 18.166243 183.578633 -0.016880 0.097555 -0.003713 0.995080
983.000000 27.180424 18.183511 184.951642 -0.016812 0.098619 -0.003877 0.994976
984.000000 27.406548 18.212253 186.325942 -0.017543 0.099243 -0.004198 0.994900
985.000000 27.691816 18.245494 187.682481 -0.018395 0.098342 -0.002967 0.994978
986.000000 27.927055 18.241899 189.042883 -0.018517 0.098864 -0.002540 0.994925
987.000000 28.280587 18.294932 190.371614 -0.017462 0.097650 -0.002398 0.995065
988.000000 28.585403 18.322264 191.712069 -0.016386 0.097020 -0.002376 0.995145
989.000000 28.845248 18.335165 193.059675 -0.016126 0.095828 -0.002524 0.995264
990.000000 29.116556 18.359163 194.399489 -0.016296 0.094695 -0.002037 0.995371
991.000000 29.359364 18.376374 195.743191 -0.016837 0.094393 -0.002575 0.995389
992.000000 29.573442 18.431423 197.081800 -0.016139 0.095911 -0.003632 0.995252
993.000000 29.838666 18.463244 198.414515 -0.016048 0.095383 -0.004215 0.995302
994.000000 29.966902 18.478209 199.761594 -0.015862 0.097674 -0.004795 0.995080
995.000000 30.318614 18.504341 201.061311 -0.015454 0.096463 -0.004589 0.995206
996.000000 30.569420 18.517443 202.381375 -0.015253 0.095890 -0.004562 0.995265
997.000000 30.760805 18.536240 203.706352 -0.014722 0.096439 -0.004722 0.995219
998.000000 30.966728 18.553068 205.030964 -0.014928 0.097724 -0.004954 0.995089
999.000000 31.261017 18.560448 206.332848 -0.015389 0.096850 -0.005574 0.995164
1000.000000 31.508983 18.573598 207.635216 -0.014915 0.096237 -0.005678 0.995230
1001.000000 31.734407 18.604054 208.932133 -0.014195 0.096941 -0.005752 0.995172
1002.000000 31.990265 18.641891 210.206468 -0.013865 0.097032 -0.005604 0.995169
1003.000000 32.251024 18.645493 211.461193 -0.015252 0.094498 -0.005756 0.995392
1004.000000 32.441991 18.647177 212.706439 -0.016635 0.093822 -0.006359 0.995430
1005.000000 32.632368 18.665656 213.927379 -0.017253 0.093867 -0.006687 0.995413
1006.000000 32.832063 18.664744 215.119418 -0.017102 0.093151 -0.007001 0.995481
1007.000000 33.079260 18.645528 216.271351 -0.017147 0.091599 -0.006950 0.995624
1008.000000 33.144407 18.612336 217.426027 -0.018093 0.092196 -0.006251 0.995557
1009.000000 33.442506 18.635346 218.511803 -0.017306 0.088563 -0.006446 0.995899
1010.000000 33.672280 18.664521 219.581927 -0.016507 0.086361 -0.006145 0.996108
1011.000000 33.850465 18.664396 220.629751 -0.016212 0.084298 -0.006508 0.996287
1012.000000 34.039950 18.658645 221.649461 -0.016426 0.081613 -0.006804 0.996506
1013.000000 34.249468 18.645055 222.628186 -0.017108 0.078371 -0.007499 0.996749
1014.000000 34.313627 18.625493 223.597464 -0.018058 0.079266 -0.007273 0.996663
1015.000000 34.421721 18.621919 224.530387 -0.018744 0.080213 -0.007544 0.996573
1016.000000 34.575604 18.647974 225.419808 -0.018277 0.078406 -0.008048 0.996721
1017.000000 34.654121 18.650549 226.289405 -0.018378 0.078830 -0.008458 0.996683
1018.000000 34.771547 18.663959 227.121448 -0.017897 0.077785 -0.007699 0.996780
1019.000000 34.854703 18.677442 227.925090 -0.016654 0.077546 -0.007784 0.996819
1020.000000 34.943121 18.667719 228.706791 -0.015680 0.077938 -0.007613 0.996806
1021.000000 35.064705 18.668210 229.471464 -0.013945 0.078580 -0.008178 0.996777
1022.000000 35.139511 18.654141 230.241969 -0.012920 0.081057 -0.009137 0.996584
1023.000000 35.234521 18.638234 231.008441 -0.012948 0.084405 -0.009174 0.996305
1024.000000 35.391843 18.642006 231.762973 -0.013200 0.084955 -0.007979 0.996265
1025.000000 35.476291 18.658249 232.527225 -0.013645 0.087834 -0.006906 0.996018
1026.000000 35.600497 18.656874 233.279603 -0.014255 0.090458 -0.005848 0.995781
1027.000000 35.745463 18.660839 234.029813 -0.014180 0.092008 -0.006556 0.995636
1028.000000 35.875895 18.658364 234.775996 -0.014371 0.094171 -0.006490 0.995431
1029.000000 36.012984 18.658561 235.518173 -0.014311 0.095769 -0.007077 0.995276
1030.000000 36.146293 18.654861 236.257857 -0.015110 0.097594 -0.006606 0.995090
1031.000000 36.309930 18.666215 236.987626 -0.015847 0.098084 -0.006241 0.995032
1032.000000 36.467235 18.670998 237.716468 -0.016793 0.099151 -0.006190 0.994911
1033.000000 36.594118 18.668438 238.448381 -0.017539 0.100561 -0.005936 0.994759
1034.000000 36.725336 18.684789 239.173659 -0.016172 0.101373 -0.006095 0.994698
1035.000000 36.863888 18.688341 239.897566 -0.015015 0.101679 -0.005541 0.994688
1036.000000 37.000867 18.704560 240.625958 -0.012315 0.101804 -0.006132 0.994709
1037.000000 37.146553 18.705921 241.357657 -0.011393 0.101476 -0.005630 0.994757
1038.000000 37.287089 18.717336 242.097947 -0.011081 0.101699 -0.006252 0.994734
1039.000000 37.417179 18.717243 242.843501 -0.011318 0.101911 -0.006583 0.994707
1040.000000 37.575260 18.720291 243.587687 -0.011358 0.101777 -0.007587 0.994713
1041.000000 37.718880 18.719152 244.340551 -0.010502 0.101027 -0.007418 0.994801
1042.000000 37.866732 18.722505 245.093823 -0.009216 0.100750 -0.006389 0.994849
1043.000000 38.055324 18.747826 245.843284 -0.007671 0.101473 -0.005823 0.994792
1044.000000 38.187197 18.745918 246.614358 -0.008525 0.102370 -0.006342 0.994690
1045.000000 38.364054 18.764480 247.384269 -0.011130 0.101786 -0.008338 0.994709
1046.000000 38.493230 18.761479 248.171129 -0.013719 0.103269 -0.008087 0.994526
1047.000000 38.629339 18.787043 248.954051 -0.012843 0.104564 -0.008244 0.994401
1048.000000 38.823962 18.791484 249.725328 -0.009985 0.104838 -0.007656 0.994410
1049.000000 38.943567 18.809518 250.517309 -0.007466 0.107924 -0.008821 0.994092
1050.000000 39.123084 18.803791 251.304155 -0.006993 0.109417 -0.010266 0.993918
1051.000000 39.313722 18.792426 252.101125 -0.008184 0.109875 -0.010460 0.993857
1052.000000 39.461007 18.776775 252.910395 -0.009883 0.111671 -0.009111 0.993654
1053.000000 39.628378 18.780312 253.721629 -0.010691 0.112453 -0.006931 0.993575
1054.000000 39.778649 18.792273 254.539633 -0.009576 0.113971 -0.007422 0.993410
1055.000000 39.992225 18.779611 255.348690 -0.008575 0.114255 -0.008721 0.993376
1056.000000 40.208507 18.784436 256.165262 -0.006714 0.114743 -0.009986 0.993322
1057.000000 40.382099 18.770545 257.000937 -0.006654 0.115865 -0.010034 0.993192
1058.000000 40.615204 18.782926 257.836649 -0.007096 0.115532 -0.010738 0.993220
1059.000000 40.713202 18.780062 258.706798 -0.007683 0.118883 -0.011725 0.992809
1060.000000 40.938176 18.787060 259.562827 -0.007234 0.118793 -0.011549 0.992826
1061.000000 41.163849 18.775478 260.426942 -0.007405 0.117951 -0.011050 0.992930
1062.000000 41.346047 18.777013 261.310500 -0.007586 0.117484 -0.010349 0.992992
1063.000000 41.548186 18.766150 262.197675 -0.008379 0.118017 -0.008978 0.992936
1064.000000 41.796298 18.753165 263.082509 -0.008545 0.115851 -0.008274 0.993195
1065.000000 42.057676 18.776232 263.970026 -0.008289 0.115546 -0.008454 0.993232
1066.000000 42.252732 18.766804 264.882077 -0.009003 0.115283 -0.008786 0.993253
1067.000000 42.466220 18.777111 265.792688 -0.009682 0.113940 -0.009839 0.993392
1068.000000 42.714569 18.786742 266.697679 -0.009771 0.114155 -0.009748 0.993367
1069.000000 42.874031 18.775692 267.620235 -0.009520 0.113666 -0.010047 0.993423
1070.000000 43.102814 18.780206 268.528194 -0.008797 0.112366 -0.010125 0.993576
1071.000000 43.276194 18.803901 269.447450 -0.007568 0.111981 -0.012493 0.993603
1072.000000 43.483637 18.799117 270.358235 -0.006959 0.109891 -0.013535 0.993827
1073.000000 43.631012 18.782268 271.280646 -0.007375 0.109119 -0.014481 0.993896
1074.000000 43.800890 18.788664 272.197746 -0.007462 0.108226 -0.015293 0.993981
1075.000000 43.940751 18.813668 273.120464 -0.007004 0.107909 -0.016066 0.994006
1076.000000 44.099837 18.786534 274.033974 -0.008445 0.108932 -0.015910 0.993886
1077.000000 44.303432 18.792289 274.936061 -0.008652 0.107900 -0.017274 0.993974
1078.000000 44.446815 18.790319 275.846805 -0.008629 0.108711 -0.018044 0.993872
1079.000000 44.630691 18.788466 276.747277 -0.008424 0.108388 -0.017340 0.993922
1080.000000 44.852134 18.799335 277.635698 -0.007399 0.108081 -0.017476 0.993961
1081.000000 45.032114 18.792412 278.529173 -0.006812 0.107006 -0.017426 0.994082
1082.000000 45.261438 18.791662 279.398792 -0.007315 0.105117 -0.018107 0.994268
1083.000000 45.501540 18.775289 280.248642 -0.008043 0.101871 -0.017341 0.994614
1084.000000 45.621578 18.771975 281.101137 -0.007450 0.101557 -0.018210 0.994635
1085.000000 45.759396 18.755269 281.933682 -0.006129 0.100954 -0.019433 0.994682
1086.000000 45.916162 18.750081 282.749368 -0.004361 0.101498 -0.020648 0.994612
1087.000000 46.095408 18.772934 283.556126 -0.003086 0.100750 -0.020680 0.994692
1088.000000 46.240167 18.770403 284.368410 -0.002435 0.101130 -0.021179 0.994645
1089.000000 46.424416 18.784929 285.171873 -0.001412 0.100916 -0.022589 0.994637
1090.000000 46.530538 18.796999 285.985237 -0.000861 0.102241 -0.023129 0.994490
1091.000000 46.665875 18.775797 286.788789 -0.000128 0.103314 -0.023192 0.994378
1092.000000 46.804871 18.773018 287.589105 -0.000129 0.103540 -0.023356 0.994351
1093.000000 46.893013 18.763977 288.392384 -0.000425 0.104937 -0.023111 0.994210
1094.000000 47.041528 18.735285 289.187092 -0.001194 0.105027 -0.022897 0.994205
1095.000000 47.171567 18.721500 289.980123 -0.001932 0.105173 -0.022964 0.994187
1096.000000 47.334296 18.668997 290.761204 -0.003461 0.103926 -0.022183 0.994332
1097.000000 47.519174 18.649030 291.536937 -0.004319 0.103210 -0.021859 0.994410
1098.000000 47.701503 18.625082 292.311676 -0.005001 0.101921 -0.022235 0.994531
1099.000000 47.889243 18.624269 293.087805 -0.005298 0.101770 -0.022102 0.994548
1100.000000 47.977378 18.627604 293.883711 -0.005622 0.101809 -0.021608 0.994553
