1.000000 0.000000 0.000000 0.000000 0.001149 0.021988 0.000311 0.999758
2.000000 0.000000 0.000000 0.000000 0.003900 0.033994 -0.000370 0.999414
3.000000 1.696050 -0.071470 2.083570 0.006854 0.045652 -0.002535 0.998931
4.000000 2.439392 -0.073238 2.743016 0.008843 0.062629 -0.005523 0.997982
5.000000 2.583397 -0.076524 3.731132 0.008976 0.085972 -0.004018 0.996249
6.000000 3.407542 -0.090602 4.283796 0.010651 0.099453 -0.005461 0.994970
7.000000 3.610591 -0.096963 5.253978 0.012376 0.122825 -0.003151 0.992346
8.000000 3.913279 -0.125415 6.193712 0.013448 0.144960 -0.001916 0.989344
9.000000 4.239299 -0.164266 7.124865 0.014255 0.167785 -0.001811 0.985719
10.000000 4.574801 -0.171779 8.050790 0.013900 0.190460 -0.001332 0.981596
11.000000 5.499619 -0.173027 8.380021 0.014970 0.202690 -0.002116 0.979126
12.000000 5.916692 -0.218725 9.265349 0.014665 0.226093 -0.002316 0.973993
13.000000 6.419545 -0.231384 10.101904 0.015500 0.248519 -0.002207 0.968500
14.000000 6.916422 -0.259764 10.939840 0.015723 0.271438 -0.000891 0.962327
15.000000 7.384167 -0.270000 11.785964 0.016781 0.294128 -0.000724 0.955618
16.000000 7.946985 -0.270479 12.574086 0.016371 0.316158 0.001646 0.948564
17.000000 7.452696 -0.245707 13.402609 0.017137 0.352166 0.002722 0.935777
18.000000 8.115731 -0.248901 14.097763 0.018867 0.373686 0.003633 0.927356
19.000000 7.709663 -0.234278 14.963142 0.019277 0.407775 0.006984 0.912852
20.000000 6.900234 -0.226245 14.460680 0.020316 0.427520 0.007130 0.903750
21.000000 6.019599 -0.239759 14.822031 0.021805 0.442447 0.007299 0.896500
22.000000 5.071768 -0.324124 14.773597 0.022175 0.461403 0.010814 0.886848
23.000000 4.701225 -0.305828 15.650891 0.022750 0.497632 0.012958 0.866993
24.000000 3.852110 -0.323471 16.099661 0.022676 0.510995 0.012959 0.859187
25.000000 3.283299 -0.404210 16.873334 0.020563 0.538608 0.014540 0.842180
26.000000 4.124330 -0.398608 16.399969 0.023208 0.546961 0.014021 0.836719
27.000000 5.038142 -0.407115 16.745694 0.023065 0.561654 0.013827 0.826935
28.000000 5.977532 -0.412841 17.049132 0.022372 0.576046 0.014220 0.816987
29.000000 6.934033 -0.422472 17.315726 0.022802 0.589849 0.013642 0.807076
30.000000 7.886313 -0.453159 17.594732 0.025026 0.603256 0.012642 0.797054
31.000000 8.857101 -0.484895 17.835046 0.026002 0.615833 0.012452 0.787349
32.000000 9.850805 -0.514990 18.042259 0.025845 0.627867 0.013024 0.777783
33.000000 10.862269 -0.544012 18.218128 0.025651 0.639826 0.013201 0.767978
34.000000 11.890118 -0.579457 18.368169 0.026062 0.651467 0.011894 0.758136
35.000000 12.935043 -0.615372 18.491427 0.025930 0.662852 0.011991 0.748205
36.000000 13.995730 -0.634721 18.576112 0.025634 0.672988 0.012600 0.739101
37.000000 15.070834 -0.658283 18.648332 0.024719 0.682267 0.014244 0.730546
38.000000 16.162214 -0.680735 18.688788 0.023677 0.690553 0.015710 0.722723
39.000000 17.266000 -0.696430 18.705658 0.021953 0.697902 0.017518 0.715643
40.000000 18.382154 -0.695075 18.694430 0.020550 0.704130 0.018998 0.709520
41.000000 19.511475 -0.702936 18.678814 0.019682 0.709606 0.019624 0.704050
42.000000 20.646333 -0.726917 18.654513 0.018486 0.714656 0.020058 0.698944
43.000000 21.786975 -0.726191 18.587649 0.018206 0.719100 0.019834 0.694385
44.000000 22.934383 -0.722821 18.518387 0.018551 0.723122 0.019904 0.690185
45.000000 24.094303 -0.738574 18.458174 0.019452 0.726954 0.020893 0.686093
46.000000 25.272248 -0.759906 18.391715 0.020197 0.730395 0.022463 0.682357
47.000000 26.471899 -0.751525 18.294375 0.021014 0.733559 0.023511 0.678894
48.000000 27.692956 -0.779573 18.167536 0.021087 0.735543 0.023339 0.676747
49.000000 28.940772 -0.794734 18.067504 0.020940 0.737788 0.023889 0.674285
50.000000 30.207231 -0.794685 17.982145 0.020847 0.739426 0.025165 0.672445
51.000000 31.494035 -0.828115 17.841060 0.021310 0.741349 0.025272 0.670305
52.000000 32.805861 -0.802205 17.739974 0.021898 0.743202 0.026037 0.668201
53.000000 34.139153 -0.793352 17.592695 0.021725 0.744182 0.025581 0.667133
54.000000 35.496400 -0.768138 17.450237 0.021336 0.745152 0.024838 0.666090
55.000000 36.869284 -0.762188 17.275075 0.020995 0.745716 0.024394 0.665486
56.000000 38.269557 -0.772373 17.160820 0.020194 0.746706 0.024533 0.664395
57.000000 39.684622 -0.775176 16.996520 0.019940 0.746850 0.024431 0.664244
58.000000 41.122516 -0.764078 16.824175 0.019854 0.747062 0.025229 0.663979
59.000000 42.580512 -0.784003 16.693206 0.018971 0.746811 0.025851 0.664263
60.000000 44.051923 -0.748701 16.481909 0.019755 0.746073 0.026659 0.665037
61.000000 45.552030 -0.736513 16.304385 0.019612 0.745708 0.026588 0.665453
62.000000 47.074167 -0.739239 16.148263 0.018919 0.745712 0.025665 0.665505
63.000000 48.614851 -0.715093 15.963615 0.018969 0.745341 0.026115 0.665901
64.000000 50.174893 -0.708636 15.795732 0.019001 0.744929 0.026479 0.666347
65.000000 51.763835 -0.701382 15.623520 0.018663 0.744567 0.026686 0.666753
66.000000 53.365648 -0.687299 15.417498 0.018385 0.743767 0.026633 0.667655
67.000000 54.992845 -0.665681 15.259885 0.017009 0.743568 0.026794 0.667907
68.000000 56.636354 -0.642084 15.109670 0.015700 0.743455 0.026567 0.668073
69.000000 58.290449 -0.635360 14.972203 0.014764 0.743208 0.028196 0.668303
70.000000 59.961843 -0.592584 14.839677 0.014697 0.743129 0.029509 0.668335
71.000000 61.643493 -0.561958 14.668308 0.014801 0.742852 0.029449 0.668644
72.000000 63.343615 -0.546691 14.539929 0.014099 0.742825 0.029756 0.668675
73.000000 65.064175 -0.529245 14.405223 0.013635 0.742849 0.029295 0.668678
74.000000 66.783433 -0.466752 14.156269 0.013887 0.742360 0.028928 0.669232
75.000000 68.531991 -0.461739 14.002132 0.012946 0.742340 0.029093 0.669267
76.000000 70.296302 -0.423545 13.847026 0.013249 0.742481 0.029245 0.669097
77.000000 72.064547 -0.414746 13.628838 0.013082 0.742184 0.029816 0.669405
78.000000 73.855178 -0.377447 13.491089 0.013008 0.742319 0.030507 0.669226
79.000000 75.661427 -0.337665 13.369720 0.013606 0.743285 0.030624 0.668135
80.000000 77.473401 -0.295659 13.102534 0.013984 0.743303 0.029832 0.668143
81.000000 79.301882 -0.267173 12.871139 0.013990 0.743526 0.029332 0.667917
82.000000 81.152984 -0.228135 12.690407 0.014559 0.743664 0.028453 0.667789
83.000000 83.016247 -0.212498 12.513364 0.014682 0.744249 0.028899 0.667115
84.000000 84.893382 -0.209409 12.287133 0.014773 0.744916 0.029368 0.666348
85.000000 86.786496 -0.235393 12.088389 0.013972 0.746617 0.028967 0.664476
86.000000 88.687649 -0.203204 11.859836 0.014532 0.748096 0.028119 0.662835
87.000000 90.589287 -0.135484 11.565580 0.015880 0.749273 0.027463 0.661501
88.000000 92.478608 -0.075174 11.171119 0.017610 0.749881 0.027678 0.660758
89.000000 94.418482 -0.081990 11.028494 0.017350 0.751234 0.028380 0.659197
90.000000 96.355358 -0.047951 10.775426 0.018366 0.752475 0.028350 0.657754
91.000000 98.286367 -0.029677 10.396128 0.018676 0.752631 0.028358 0.657567
92.000000 100.239095 -0.037662 10.072920 0.018836 0.752921 0.027412 0.657270
93.000000 102.211572 -0.010375 9.811650 0.019397 0.754739 0.026878 0.655187
94.000000 104.208793 -0.007548 9.685187 0.019744 0.759333 0.026155 0.649876
95.000000 106.201779 0.005180 9.431160 0.019629 0.761248 0.026071 0.647639
96.000000 108.189699 0.011155 9.094744 0.019879 0.762855 0.027028 0.645698
97.000000 110.207952 0.052799 8.920905 0.020567 0.765724 0.027597 0.642248
98.000000 112.236483 0.064163 8.690392 0.020289 0.768149 0.028218 0.639327
99.000000 114.251367 0.094488 8.315231 0.020626 0.769989 0.028218 0.637099
100.000000 116.278713 0.116784 7.983092 0.021024 0.771873 0.028872 0.634773
101.000000 118.278410 0.154696 7.453529 0.021423 0.772851 0.029060 0.633560
102.000000 120.306423 0.179502 7.015919 0.020393 0.773783 0.029475 0.632436
103.000000 122.332568 0.186082 6.506484 0.019371 0.774542 0.029576 0.631534
104.000000 124.389110 0.203088 6.112533 0.018230 0.775587 0.030925 0.630219
105.000000 126.446932 0.223338 5.665827 0.018035 0.776630 0.031332 0.628919
106.000000 128.511626 0.245505 5.213225 0.018088 0.778088 0.031860 0.627085
107.000000 130.598614 0.290692 4.793203 0.019274 0.779741 0.031719 0.625002
108.000000 132.676414 0.338646 4.337691 0.020189 0.780966 0.031753 0.623439
109.000000 134.794601 0.360886 4.016825 0.020893 0.783067 0.030968 0.620815
110.000000 136.875606 0.396734 3.468235 0.021707 0.784781 0.030820 0.618626
111.000000 138.990368 0.430112 3.055317 0.022216 0.786349 0.031146 0.616597
112.000000 141.064368 0.457165 2.432010 0.023169 0.787385 0.030442 0.615273
113.000000 143.179069 0.476248 1.889551 0.023324 0.788824 0.029631 0.613462
114.000000 145.271878 0.474113 1.276690 0.022710 0.790123 0.029588 0.611812
115.000000 147.366750 0.440890 0.625499 0.021437 0.790838 0.030719 0.610878
116.000000 149.489109 0.505334 0.047428 0.022219 0.791891 0.031174 0.609461
117.000000 151.590226 0.554122 -0.622133 0.022633 0.792336 0.032103 0.608819
118.000000 153.716116 0.599506 -1.268827 0.022422 0.792711 0.032674 0.608308
119.000000 155.846201 0.632988 -1.920892 0.022373 0.792762 0.033649 0.608190
120.000000 157.981886 0.680376 -2.582784 0.021693 0.793287 0.034344 0.607492
121.000000 160.120647 0.720534 -3.265599 0.021730 0.793801 0.034238 0.606824
122.000000 162.281461 0.745280 -3.911304 0.021187 0.794773 0.034070 0.605579
123.000000 164.462194 0.762722 -4.515185 0.019800 0.795705 0.034754 0.604362
124.000000 166.628674 0.814992 -5.191178 0.019358 0.796291 0.034582 0.603615
125.000000 168.849864 0.831709 -5.709441 0.019011 0.797693 0.034233 0.601791
126.000000 171.049408 0.869696 -6.334989 0.019709 0.798748 0.033931 0.600385
127.000000 173.264860 0.928376 -6.928640 0.021207 0.799905 0.034018 0.598787
128.000000 175.479673 0.968633 -7.566999 0.021734 0.800634 0.035065 0.597732
129.000000 177.728371 1.005574 -8.115541 0.022569 0.802246 0.035186 0.595528
130.000000 179.920864 1.045665 -8.870594 0.023224 0.802317 0.035620 0.595382
131.000000 182.180721 1.066826 -9.415524 0.022796 0.804418 0.035637 0.592556
132.000000 184.439219 1.131261 -10.034361 0.022649 0.805590 0.035641 0.590966
133.000000 186.621633 1.176004 -10.902813 0.023056 0.805938 0.034442 0.590548
134.000000 188.862358 1.190576 -11.619398 0.022118 0.806774 0.035075 0.589404
135.000000 191.098016 1.227159 -12.397418 0.022277 0.807260 0.035175 0.588725
136.000000 193.298919 1.286362 -13.222821 0.023299 0.807661 0.034870 0.588154
137.000000 195.564477 1.328680 -13.952285 0.023736 0.808816 0.034823 0.586550
138.000000 197.811209 1.372201 -14.685745 0.023521 0.809513 0.035261 0.585570
139.000000 200.078097 1.442096 -15.402477 0.023138 0.810488 0.035718 0.584207
140.000000 202.328365 1.478543 -16.187043 0.022338 0.811521 0.035360 0.582825
141.000000 204.596854 1.537170 -16.925469 0.021502 0.812151 0.036195 0.581927
142.000000 206.935898 1.547950 -17.382780 0.021352 0.813679 0.036983 0.579744
143.000000 209.215543 1.610558 -18.109493 0.021811 0.814872 0.037083 0.578042
144.000000 211.527048 1.678530 -18.784486 0.022387 0.816114 0.037716 0.576224
145.000000 213.778204 1.738053 -19.572611 0.023030 0.817130 0.038086 0.574733
146.000000 216.056048 1.805786 -20.321095 0.024541 0.817969 0.037741 0.573499
147.000000 218.273767 1.884725 -21.242640 0.024611 0.818643 0.038102 0.572508
148.000000 220.553035 1.913142 -21.998534 0.023194 0.819444 0.038182 0.571415
149.000000 222.799941 1.949552 -22.859948 0.022443 0.819860 0.037553 0.570890
150.000000 225.067146 2.045878 -23.655430 0.022910 0.820657 0.037658 0.569719
151.000000 227.293474 2.172644 -24.553405 0.024482 0.821599 0.037178 0.568325
152.000000 229.529380 2.239209 -25.452854 0.025382 0.822742 0.036612 0.566667
153.000000 231.816904 2.303635 -26.201375 0.025540 0.824007 0.036529 0.564824
154.000000 234.060223 2.381244 -27.075587 0.026087 0.825135 0.036745 0.563136
155.000000 236.289783 2.461061 -27.976755 0.026696 0.826223 0.036517 0.561524
156.000000 238.586466 2.523930 -28.682645 0.027047 0.828024 0.036706 0.558835
157.000000 240.820077 2.574509 -29.570880 0.027842 0.829371 0.036069 0.556838
158.000000 242.996825 2.618247 -30.585417 0.028357 0.830242 0.036130 0.555507
159.000000 245.210254 2.663851 -31.527247 0.028003 0.830865 0.036517 0.554568
160.000000 247.464734 2.733637 -32.341040 0.028064 0.832227 0.036755 0.552503
161.000000 249.637700 2.815966 -33.373268 0.029161 0.832871 0.036902 0.551465
162.000000 251.827206 2.882824 -34.382159 0.029222 0.833809 0.037042 0.550033
163.000000 253.972621 2.953794 -35.484169 0.029520 0.834391 0.037133 0.549128
164.000000 256.136981 3.088752 -36.553144 0.029699 0.834446 0.038100 0.548968
165.000000 258.364814 3.142864 -37.483477 0.029367 0.835533 0.038864 0.547277
166.000000 260.566906 3.229588 -38.526171 0.029151 0.836142 0.039557 0.546308
167.000000 262.826537 3.298174 -39.378120 0.028907 0.837062 0.041143 0.544792
168.000000 265.049844 3.356716 -40.377857 0.028656 0.837776 0.042382 0.543611
169.000000 267.280335 3.442838 -41.394950 0.028970 0.838719 0.042197 0.542154
170.000000 269.490017 3.504162 -42.461587 0.029384 0.839545 0.042238 0.540848
171.000000 271.737990 3.610921 -43.494523 0.030407 0.840637 0.042160 0.539098
172.000000 274.022842 3.698502 -44.455018 0.030249 0.841913 0.042973 0.537048
173.000000 276.351970 3.805175 -45.373526 0.030996 0.843600 0.043374 0.534320
174.000000 278.581015 3.911762 -46.478383 0.032684 0.844349 0.043035 0.533061
175.000000 280.831452 4.055311 -47.580489 0.033229 0.845262 0.043099 0.531574
176.000000 283.091453 4.206804 -48.709997 0.033392 0.845852 0.043005 0.530632
177.000000 285.387680 4.306978 -49.785532 0.033729 0.846871 0.042638 0.529012
178.000000 287.699289 4.429575 -50.862169 0.034357 0.847881 0.043159 0.527309
179.000000 289.904113 4.563762 -52.151382 0.034731 0.847357 0.043794 0.528074
180.000000 292.312309 4.699848 -53.059206 0.034401 0.848966 0.044533 0.525442
181.000000 294.664735 4.830523 -54.099233 0.034902 0.850275 0.044778 0.523268
182.000000 296.963394 4.955502 -55.293200 0.035624 0.850129 0.045816 0.523367
183.000000 299.292394 5.023236 -56.449727 0.036718 0.850892 0.046697 0.521972
184.000000 301.565434 5.150674 -57.735635 0.037536 0.850926 0.047249 0.521807
185.000000 303.914821 5.260321 -58.909616 0.038812 0.852276 0.046050 0.519614
186.000000 306.275869 5.384031 -60.084946 0.041343 0.854245 0.044349 0.516322
187.000000 308.573352 5.539929 -61.398285 0.044070 0.855374 0.043005 0.514338
188.000000 310.893061 5.579080 -62.695674 0.044070 0.856514 0.042787 0.512455
189.000000 313.226557 5.628502 -63.981429 0.043609 0.857781 0.043105 0.510345
190.000000 315.628816 5.700739 -65.164889 0.043958 0.859377 0.043185 0.507615
191.000000 317.941647 5.764633 -66.541778 0.043805 0.860011 0.042823 0.506585
192.000000 320.238052 5.839259 -67.940782 0.043135 0.860091 0.042676 0.506519
193.000000 322.591465 5.842045 -69.250863 0.041293 0.861016 0.043019 0.505070
194.000000 324.959511 5.852451 -70.531127 0.040535 0.861832 0.043252 0.503717
195.000000 327.243024 5.876212 -71.969780 0.038805 0.862213 0.044154 0.503123
196.000000 329.565343 5.919019 -73.350247 0.037258 0.862926 0.044409 0.501995
197.000000 331.883922 5.987091 -74.737117 0.036839 0.863568 0.043620 0.500990
198.000000 334.231147 6.042286 -76.080637 0.037310 0.864828 0.042800 0.498848
199.000000 336.566376 6.136030 -77.441863 0.037068 0.865508 0.042443 0.497714
200.000000 338.928086 6.195402 -78.781284 0.036092 0.866424 0.042149 0.496215
201.000000 341.230577 6.282152 -80.217560 0.037232 0.866042 0.041839 0.496825
202.000000 343.582627 6.340076 -81.574471 0.039370 0.866738 0.041370 0.495483
203.000000 345.921592 6.417518 -82.960708 0.040231 0.866355 0.042038 0.496027
204.000000 348.276427 6.483745 -84.311469 0.040438 0.866742 0.040958 0.495424
205.000000 350.655650 6.530861 -85.647182 0.039193 0.868019 0.040860 0.493292
206.000000 353.055514 6.562417 -86.926462 0.039077 0.869697 0.041075 0.490319
207.000000 355.379373 6.600022 -88.339033 0.039695 0.870847 0.040503 0.488271
208.000000 357.721657 6.675486 -89.742020 0.040125 0.871838 0.038576 0.486622
209.000000 360.037494 6.746293 -91.168651 0.040332 0.872690 0.037999 0.485121
210.000000 362.312990 6.823609 -92.659742 0.040905 0.873175 0.037570 0.484232
211.000000 364.661760 6.880039 -94.029037 0.040938 0.874058 0.037816 0.482614
212.000000 366.960779 6.922076 -95.483843 0.040909 0.874210 0.037531 0.482363
213.000000 369.259930 6.978085 -96.923270 0.040826 0.874573 0.037302 0.481731
214.000000 371.469289 7.049663 -98.504272 0.042450 0.874320 0.037000 0.482073
215.000000 373.749292 7.074832 -99.987991 0.047881 0.875053 0.035749 0.480325
216.000000 376.041364 7.104701 -101.398518 0.053340 0.875139 0.038017 0.479418
217.000000 378.455621 7.093699 -102.619514 0.050921 0.877887 0.042394 0.474261
218.000000 380.712179 7.181411 -104.113431 0.046715 0.878176 0.042740 0.474129
219.000000 383.007013 7.264638 -105.562060 0.045103 0.878662 0.038101 0.473779
220.000000 385.191860 7.331330 -107.172751 0.045835 0.879340 0.032564 0.472863
221.000000 387.474098 7.358797 -108.631856 0.046747 0.880948 0.029703 0.469960
222.000000 389.675921 7.337391 -110.194105 0.047508 0.881694 0.028867 0.468536
223.000000 391.878574 7.316338 -111.743166 0.045366 0.882560 0.031137 0.466969
224.000000 394.056126 7.303774 -113.330765 0.044405 0.883905 0.033887 0.464319
225.000000 396.411312 7.307324 -114.644590 0.044051 0.885249 0.035306 0.461679
226.000000 398.670412 7.325574 -116.117688 0.044365 0.886473 0.035149 0.459305
227.000000 400.754613 7.416614 -117.822250 0.044856 0.887141 0.034229 0.458036
228.000000 398.121961 7.300472 -118.338161 0.044936 0.889319 0.033794 0.453818
229.000000 400.459780 7.250813 -119.686032 0.044931 0.890859 0.033782 0.450788
230.000000 402.616128 7.250709 -121.296121 0.046118 0.891002 0.033572 0.450402
231.000000 404.701486 7.287685 -123.001627 0.046196 0.892142 0.033588 0.448130
232.000000 407.016781 7.313892 -124.379983 0.045766 0.892854 0.032774 0.446814
233.000000 409.170803 7.342090 -125.981563 0.043847 0.894784 0.032323 0.443164
234.000000 408.078943 8.025353 -128.352129 0.042617 0.894082 0.032488 0.444685
235.000000 407.673327 8.678595 -130.926145 0.043457 0.891919 0.034001 0.448817
236.000000 409.806467 8.392083 -129.323268 0.046347 0.893695 0.034353 0.444951
237.000000 412.468561 8.115262 -129.127841 0.049113 0.896313 0.033511 0.439418
238.000000 414.668120 8.137675 -130.666313 0.050845 0.897226 0.032554 0.437425
239.000000 417.048593 8.158695 -131.914051 0.052544 0.899309 0.032599 0.432920
240.000000 419.344340 8.184829 -133.298280 0.055111 0.900589 0.032518 0.429935
241.000000 421.406899 8.212506 -135.014717 0.055703 0.900731 0.032359 0.429574
242.000000 423.482524 8.212724 -136.701361 0.055141 0.900833 0.031239 0.429515
243.000000 425.605149 8.202458 -138.337633 0.052709 0.901059 0.030324 0.429413
244.000000 427.677852 8.203229 -140.023957 0.049437 0.900905 0.028836 0.430225
245.000000 429.640531 8.199896 -141.840904 0.046953 0.900582 0.027750 0.431251
246.000000 431.774123 8.217909 -143.448843 0.050768 0.900043 0.026961 0.431993
247.000000 433.856113 8.178366 -145.106583 0.054609 0.899621 0.028314 0.432318
248.000000 435.838677 8.192297 -146.908992 0.057093 0.898798 0.027964 0.433728
249.000000 438.040600 8.151216 -148.432162 0.058122 0.898608 0.028245 0.433967
250.000000 440.146319 8.128163 -150.083930 0.056468 0.897995 0.028662 0.435425
251.000000 442.277488 8.075823 -151.689430 0.055973 0.897201 0.028604 0.437127
252.000000 444.519217 8.043202 -153.130215 0.057946 0.896837 0.029488 0.437557
253.000000 446.655068 8.031497 -154.739680 0.061001 0.896200 0.027810 0.438557
254.000000 448.774325 7.982431 -156.366293 0.064642 0.895771 0.025499 0.439050
255.000000 450.903783 7.915716 -157.973536 0.068571 0.895560 0.024547 0.438939
256.000000 453.065214 7.839364 -159.533013 0.070214 0.895268 0.024200 0.439294
257.000000 455.259760 7.721232 -161.045164 0.070118 0.895402 0.023849 0.439055
258.000000 457.371143 7.632316 -162.676864 0.069168 0.895158 0.022975 0.439749
259.000000 459.487577 7.567621 -164.296994 0.069726 0.895151 0.021873 0.439731
260.000000 461.529422 7.537670 -166.005534 0.071172 0.894810 0.022050 0.440186
261.000000 463.742684 7.421115 -167.485732 0.072103 0.894699 0.022792 0.440223
262.000000 465.887172 7.366626 -169.055275 0.072261 0.894532 0.023685 0.440488
263.000000 467.845639 7.274566 -170.866454 0.071193 0.894202 0.023642 0.441333
264.000000 469.958285 7.155851 -172.489580 0.071023 0.893904 0.023081 0.441994
265.000000 472.135641 7.092950 -174.022061 0.070744 0.894050 0.023228 0.441735
266.000000 474.210683 6.995242 -175.685015 0.071392 0.893957 0.022789 0.441842
267.000000 476.345739 6.933249 -177.279962 0.071162 0.893725 0.022358 0.442370
268.000000 478.500732 6.823951 -178.837617 0.071068 0.894181 0.021829 0.441489
269.000000 480.609906 6.730093 -180.463563 0.071294 0.893724 0.022446 0.442348
270.000000 482.812774 6.596279 -181.950822 0.071432 0.893773 0.023045 0.442195
271.000000 484.971708 6.434958 -183.495433 0.070766 0.893996 0.022778 0.441865
272.000000 487.114313 6.357199 -185.080317 0.071092 0.894046 0.021922 0.441756
273.000000 489.279002 6.283035 -186.627743 0.071362 0.894248 0.021633 0.441317
274.000000 491.464544 6.191278 -188.143938 0.071537 0.894559 0.021395 0.440668
275.000000 493.600730 6.095269 -189.728435 0.071540 0.894652 0.021686 0.440465
276.000000 495.792169 5.969220 -191.221603 0.071366 0.895067 0.021778 0.439644
277.000000 497.981604 5.854845 -192.750074 0.071234 0.895176 0.020983 0.439482
278.000000 500.054810 5.746364 -194.417937 0.071394 0.895248 0.020096 0.439352
279.000000 502.044676 5.706360 -196.186192 0.071599 0.895220 0.020053 0.439377
280.000000 504.230214 5.593317 -197.701711 0.072089 0.894914 0.020214 0.439913
281.000000 506.328367 5.497177 -199.327006 0.072110 0.895096 0.020650 0.439520
282.000000 508.498322 5.406718 -200.877636 0.071859 0.895408 0.020688 0.438922
283.000000 510.581738 5.314109 -202.531664 0.071929 0.895107 0.020594 0.439529
284.000000 512.807304 5.160057 -203.983861 0.072181 0.895142 0.020759 0.439409
285.000000 514.973404 5.017554 -205.522603 0.072627 0.895124 0.020874 0.439365
286.000000 517.049651 4.834444 -207.176722 0.072999 0.895052 0.020266 0.439479
287.000000 519.228624 4.705102 -208.708509 0.072687 0.895211 0.019663 0.439234
288.000000 521.335567 4.610012 -210.332670 0.072034 0.895340 0.018961 0.439111
289.000000 523.456092 4.518126 -211.935833 0.072269 0.895280 0.019342 0.439178
290.000000 525.589182 4.443887 -213.526079 0.071845 0.895094 0.020226 0.439587
291.000000 527.647297 4.338613 -215.200611 0.071757 0.894893 0.020124 0.440015
292.000000 529.800039 4.234139 -216.774874 0.071850 0.895235 0.019566 0.439327
293.000000 531.837002 4.159631 -218.485654 0.072357 0.895172 0.019364 0.439383
294.000000 534.041093 3.990323 -219.969874 0.072366 0.895911 0.019334 0.437873
295.000000 536.175501 3.848265 -221.558507 0.072304 0.896013 0.018611 0.437705
296.000000 538.293843 3.772036 -223.175770 0.072177 0.896010 0.017874 0.437764
297.000000 540.388995 3.645361 -224.821810 0.072340 0.895899 0.017629 0.437975
298.000000 542.378971 3.574061 -226.587262 0.072934 0.895416 0.018787 0.438814
299.000000 544.558512 3.365872 -228.108792 0.073755 0.895354 0.019918 0.438754
300.000000 546.769949 3.208994 -229.575351 0.073599 0.895582 0.020266 0.438298
301.000000 548.948432 3.110288 -231.118434 0.072557 0.895957 0.019306 0.437749
302.000000 551.117575 2.959359 -232.668881 0.071959 0.896319 0.018547 0.437138
303.000000 553.358119 2.852505 -234.105822 0.071717 0.896534 0.018912 0.436722
304.000000 555.484614 2.757571 -235.711289 0.071865 0.896584 0.019266 0.436580
305.000000 557.472389 2.644977 -237.481885 0.071761 0.896771 0.019517 0.436200
306.000000 559.485022 2.604777 -239.242107 0.071380 0.896987 0.019464 0.435822
307.000000 561.635486 2.508205 -240.819150 0.071016 0.897015 0.019098 0.435839
308.000000 563.702008 2.515716 -242.512808 0.071317 0.897116 0.018832 0.435595
309.000000 565.864694 2.373419 -244.066695 0.071312 0.897576 0.018871 0.434645
310.000000 568.227462 2.224802 -245.287980 0.070699 0.897788 0.019023 0.434301
311.000000 570.367437 2.095948 -246.889712 0.070447 0.898100 0.018495 0.433718
312.000000 572.394413 2.005788 -248.626512 0.071166 0.898007 0.017788 0.433823
313.000000 574.480729 1.885844 -250.284162 0.071874 0.897819 0.017079 0.434124
314.000000 576.647775 1.738483 -251.835802 0.072046 0.897740 0.017506 0.434242
315.000000 578.557251 1.646480 -253.683245 0.070802 0.897671 0.018464 0.434549
316.000000 580.473609 1.606648 -255.537199 0.070794 0.896828 0.018935 0.436267
317.000000 582.669552 1.474611 -257.033583 0.070664 0.896892 0.018511 0.436174
318.000000 584.845653 1.376008 -258.578153 0.070285 0.896909 0.018013 0.436222
319.000000 586.943842 1.274967 -260.255112 0.070441 0.896505 0.018581 0.437004
320.000000 588.930241 1.182157 -261.958713 0.070514 0.896131 0.018794 0.437748
321.000000 590.966027 1.049831 -263.663735 0.070788 0.895750 0.018763 0.438485
322.000000 593.082188 0.962294 -265.264920 0.070616 0.895473 0.018416 0.439092
323.000000 595.131330 0.871334 -266.956785 0.070673 0.895128 0.018415 0.439786
324.000000 597.234103 0.775209 -268.579360 0.071240 0.894967 0.018028 0.440039
325.000000 599.316145 0.665968 -270.221365 0.072103 0.894648 0.017780 0.440556
326.000000 601.374845 0.541615 -271.899178 0.072658 0.895061 0.018381 0.439600
327.000000 603.514485 0.437275 -273.477538 0.072018 0.895789 0.018663 0.438210
328.000000 605.635006 0.329443 -275.082084 0.071595 0.895971 0.017895 0.437938
329.000000 607.677758 0.185788 -276.770765 0.071900 0.895918 0.017145 0.438026
330.000000 609.707035 0.144740 -278.497327 0.072435 0.895686 0.017924 0.438381
331.000000 611.797667 0.014137 -280.137906 0.072754 0.895905 0.018744 0.437847
332.000000 614.019618 -0.169569 -281.576714 0.072926 0.895800 0.019439 0.438003
333.000000 616.197807 -0.314499 -283.103776 0.072485 0.896505 0.019398 0.436632
334.000000 618.297631 -0.445736 -284.724963 0.072126 0.896667 0.018811 0.436385
335.000000 620.389597 -0.561978 -286.366645 0.071433 0.897300 0.018501 0.435211
336.000000 622.489921 -0.646411 -288.004021 0.071474 0.897227 0.018149 0.435369
337.000000 624.496181 -0.769858 -289.745737 0.071708 0.897130 0.018317 0.435524
338.000000 626.583476 -0.856383 -291.395937 0.071330 0.897017 0.018816 0.435796
339.000000 628.696863 -0.947480 -293.006162 0.071114 0.896996 0.018730 0.435878
340.000000 630.723677 -1.022597 -294.737263 0.070441 0.896885 0.018847 0.436212
341.000000 632.827774 -1.131763 -296.359223 0.070804 0.896879 0.018335 0.436186
342.000000 634.961138 -1.248604 -297.950737 0.071169 0.896767 0.018243 0.436362
343.000000 637.067487 -1.396119 -299.551490 0.071807 0.896935 0.018504 0.435901
344.000000 639.134024 -1.514113 -301.220050 0.071713 0.896662 0.018381 0.436482
345.000000 641.224027 -1.655581 -302.859395 0.071127 0.896762 0.018102 0.436385
346.000000 643.209447 -1.755607 -304.618095 0.071192 0.896701 0.017800 0.436512
347.000000 645.244716 -1.847361 -306.322441 0.071079 0.896265 0.018711 0.437386
348.000000 647.383375 -1.978722 -307.890012 0.071049 0.895879 0.019483 0.438147
349.000000 649.481738 -2.077348 -309.509659 0.070645 0.895778 0.019484 0.438420
350.000000 651.712475 -2.184781 -310.952488 0.069769 0.895906 0.019184 0.438312
351.000000 653.780769 -2.284397 -312.609902 0.069463 0.895738 0.018955 0.438714
352.000000 655.922293 -2.339426 -314.175062 0.069664 0.895645 0.018915 0.438873
353.000000 657.766222 -2.436618 -316.072438 0.069775 0.895144 0.018625 0.439888
354.000000 659.842041 -2.505793 -317.716585 0.069852 0.894694 0.019036 0.440773
355.000000 662.010212 -2.609130 -319.252581 0.070221 0.894572 0.019613 0.440936
356.000000 664.153702 -2.690746 -320.816533 0.070339 0.894347 0.020027 0.441355
357.000000 666.250951 -2.792324 -322.436518 0.070844 0.893559 0.019840 0.442877
358.000000 668.370257 -2.928373 -324.027520 0.071101 0.893727 0.019431 0.442514
359.000000 670.511284 -3.031960 -325.596604 0.071733 0.893580 0.019427 0.442710
360.000000 672.613100 -3.147510 -327.213350 0.072143 0.893281 0.019060 0.443262
361.000000 674.715954 -3.228033 -328.837809 0.072551 0.893370 0.019220 0.443009
362.000000 676.860602 -3.339867 -330.395918 0.072639 0.893176 0.019475 0.443375
363.000000 679.071008 -3.475311 -331.865261 0.072396 0.893631 0.019171 0.442509
364.000000 681.144184 -3.594903 -333.524458 0.072037 0.893793 0.018854 0.442255
365.000000 683.217423 -3.708143 -335.185581 0.071534 0.893915 0.018785 0.442093
366.000000 685.359807 -3.808267 -336.753790 0.071773 0.894067 0.018366 0.441765
367.000000 687.439094 -3.925252 -338.400186 0.072051 0.894143 0.018797 0.441548
368.000000 689.560733 -4.059946 -339.985811 0.071985 0.894151 0.019224 0.441522
369.000000 691.631479 -4.184245 -341.648630 0.071443 0.894074 0.019544 0.441753
370.000000 693.791869 -4.295363 -343.190527 0.070959 0.894067 0.019905 0.441829
371.000000 695.886482 -4.425871 -344.823424 0.070605 0.894175 0.019632 0.441679
372.000000 697.965112 -4.527006 -346.475752 0.070616 0.893785 0.019714 0.442463
373.000000 700.144317 -4.617811 -347.986340 0.070864 0.894312 0.019989 0.441345
374.000000 702.303373 -4.758489 -349.534697 0.071458 0.894571 0.019907 0.440727
375.000000 704.385623 -4.881896 -351.179776 0.071925 0.894367 0.020190 0.441052
376.000000 706.518661 -4.970985 -352.754731 0.071565 0.894881 0.019934 0.440078
377.000000 708.649719 -5.031090 -354.337963 0.070771 0.894771 0.019492 0.440450
378.000000 710.628387 -5.039708 -356.115749 0.070011 0.894597 0.019517 0.440925
379.000000 712.575377 -5.088105 -357.917292 0.069716 0.894473 0.019776 0.441211
380.000000 714.673637 -5.204459 -359.534437 0.069814 0.894444 0.020213 0.441234
381.000000 716.379753 -5.272818 -361.555911 0.069798 0.894221 0.020637 0.441668
382.000000 718.455143 -5.330597 -363.197066 0.070028 0.893712 0.021429 0.442623
383.000000 720.511279 -5.412156 -364.860768 0.069925 0.893562 0.021682 0.442931
384.000000 722.632950 -5.501987 -366.446519 0.070084 0.893225 0.022029 0.443567
385.000000 724.699663 -5.598945 -368.100498 0.070112 0.892598 0.022228 0.444814
386.000000 726.785647 -5.733706 -369.730301 0.070542 0.892595 0.021558 0.444785
387.000000 728.935519 -5.813572 -371.278816 0.071364 0.892621 0.021173 0.444620
388.000000 731.320172 -5.916360 -372.424657 0.071618 0.892967 0.021534 0.443866
389.000000 733.429862 -6.022944 -374.015705 0.071473 0.892237 0.022128 0.445326
390.000000 735.681557 -6.192848 -375.401112 0.071359 0.892741 0.022422 0.444317
391.000000 737.834940 -6.250751 -376.936898 0.071240 0.892938 0.022695 0.443928
392.000000 739.689952 -6.250023 -378.834264 0.070860 0.892892 0.021876 0.444122
393.000000 741.773635 -6.338447 -380.467086 0.071307 0.892876 0.020994 0.444126
394.000000 743.911636 -6.460273 -382.023620 0.072115 0.892909 0.021568 0.443901
395.000000 746.040674 -6.572842 -383.593859 0.073072 0.893032 0.021938 0.443478
396.000000 748.056627 -6.641490 -385.312632 0.071992 0.892951 0.021946 0.443817
397.000000 750.044930 -6.732902 -387.059979 0.070774 0.893075 0.021619 0.443780
398.000000 752.137661 -6.822667 -388.688501 0.069616 0.893122 0.021619 0.443868
399.000000 754.385007 -6.902680 -390.087324 0.068948 0.893325 0.023061 0.443491
400.000000 756.509741 -7.020716 -391.668179 0.069277 0.893700 0.023963 0.442637
401.000000 758.660605 -7.121182 -393.209309 0.069502 0.893850 0.024841 0.442249
402.000000 760.749729 -7.202812 -394.836852 0.069110 0.893447 0.025155 0.443106
403.000000 763.033167 -7.385072 -396.183860 0.068952 0.893667 0.024087 0.442747
404.000000 765.181276 -7.441410 -397.739027 0.069003 0.893435 0.023594 0.443234
405.000000 767.397417 -7.546500 -399.194841 0.069982 0.893687 0.023530 0.442575
406.000000 769.545914 -7.607927 -400.752975 0.070415 0.893256 0.023475 0.443377
407.000000 771.682745 -7.703747 -402.318831 0.070481 0.893064 0.023535 0.443750
408.000000 773.829040 -7.752607 -403.881881 0.070686 0.892887 0.023908 0.444056
409.000000 775.971147 -7.817584 -405.449497 0.071182 0.892677 0.023957 0.444395
410.000000 777.944776 -7.848982 -407.220654 0.070929 0.892419 0.024576 0.444920
411.000000 780.162778 -7.992419 -408.658687 0.070848 0.892474 0.024064 0.444851
412.000000 782.245548 -8.056420 -410.305337 0.070836 0.892407 0.023398 0.445022
413.000000 784.406689 -8.197364 -411.832519 0.071435 0.892113 0.022907 0.445541
414.000000 786.335537 -8.258361 -413.645409 0.072241 0.891967 0.023017 0.445698
415.000000 788.434765 -8.413303 -415.254745 0.073166 0.891966 0.022940 0.445552
416.000000 790.550055 -8.465419 -416.833906 0.072972 0.891958 0.023289 0.445583
417.000000 792.627515 -8.598220 -418.468775 0.072519 0.892269 0.023262 0.445036
418.000000 794.700502 -8.712322 -420.102652 0.072176 0.892393 0.023197 0.444846
419.000000 796.976695 -8.771230 -421.442192 0.071742 0.892603 0.023113 0.444499
420.000000 799.089694 -8.877715 -423.018166 0.071983 0.892800 0.022288 0.444105
421.000000 801.309787 -8.991653 -424.433498 0.072494 0.893253 0.022085 0.443120
422.000000 803.379681 -8.989760 -426.060218 0.073528 0.893199 0.022624 0.443033
423.000000 805.477945 -9.085492 -427.644796 0.074115 0.893005 0.023677 0.443270
424.000000 807.163136 -9.108000 -429.668115 0.074384 0.892052 0.024322 0.445106
425.000000 809.434715 -9.239553 -430.996700 0.074356 0.892954 0.023775 0.443326
426.000000 811.511879 -9.251943 -432.609604 0.074309 0.892777 0.023454 0.443709
427.000000 813.565114 -9.388566 -434.259534 0.073890 0.892607 0.023327 0.444127
428.000000 815.544458 -9.393513 -435.995499 0.073159 0.891973 0.023692 0.445501
429.000000 817.630214 -9.482325 -437.606366 0.072332 0.891500 0.024090 0.446560
430.000000 819.732189 -9.579325 -439.191638 0.071733 0.891274 0.024099 0.447107
431.000000 821.810254 -9.689556 -440.810783 0.071843 0.890431 0.023832 0.448780
432.000000 823.934310 -9.788848 -442.379465 0.072254 0.889395 0.023354 0.450788
433.000000 826.068002 -9.869106 -443.930223 0.071887 0.888896 0.023142 0.451842
434.000000 828.195581 -9.971236 -445.489491 0.071933 0.888488 0.022585 0.452663
435.000000 830.314933 -10.050925 -447.055798 0.072365 0.888119 0.022131 0.453341
436.000000 832.451617 -10.152282 -448.611425 0.072978 0.887662 0.022258 0.454132
437.000000 834.712349 -10.260816 -449.991576 0.073313 0.886422 0.022276 0.456493
438.000000 836.880641 -10.362761 -451.510310 0.072893 0.886523 0.022618 0.456346
439.000000 839.016935 -10.475285 -453.071296 0.072705 0.886350 0.022273 0.456730
440.000000 841.184034 -10.561234 -454.593887 0.072684 0.886056 0.022315 0.457300
441.000000 843.337178 -10.629413 -456.152533 0.072647 0.885968 0.021128 0.457534
442.000000 845.598653 -10.717166 -457.545042 0.073595 0.885951 0.020209 0.457456
443.000000 847.764659 -10.824756 -459.077991 0.074132 0.886118 0.020450 0.457035
444.000000 849.924304 -10.879405 -460.622009 0.074870 0.886284 0.020923 0.456571
445.000000 852.083289 -10.986245 -462.163499 0.074845 0.886167 0.020653 0.456814
446.000000 854.324641 -11.151683 -463.601667 0.074829 0.885979 0.020126 0.457205
447.000000 856.523114 -11.237300 -465.093117 0.075316 0.886079 0.020578 0.456911
448.000000 858.739360 -11.335346 -466.567719 0.075144 0.886418 0.021612 0.456234
449.000000 861.012097 -11.453584 -467.951057 0.074390 0.885854 0.021797 0.457443
450.000000 863.167600 -11.533006 -469.518024 0.073551 0.885861 0.021020 0.457600
451.000000 865.478727 -11.667658 -470.849538 0.072880 0.886138 0.020186 0.457210
452.000000 867.806379 -11.884815 -472.125811 0.072753 0.886249 0.019668 0.457038
453.000000 869.979812 -12.000689 -473.666615 0.073087 0.886058 0.019208 0.457373
454.000000 872.006557 -12.063255 -475.386012 0.073199 0.885853 0.019721 0.457731
455.000000 873.970448 -12.026989 -477.162157 0.072414 0.885419 0.020859 0.458645
456.000000 876.148322 -12.110031 -478.686992 0.071215 0.886054 0.021697 0.457565
457.000000 878.356152 -12.289692 -480.149865 0.070500 0.885699 0.021677 0.458363
458.000000 880.497207 -12.411694 -481.711077 0.070194 0.885326 0.021122 0.459156
459.000000 882.540027 -12.471064 -483.391777 0.069601 0.884924 0.020928 0.460030
460.000000 884.654496 -12.522287 -484.984117 0.069649 0.884780 0.020244 0.460330
461.000000 886.873667 -12.579395 -486.460522 0.070025 0.884848 0.020095 0.460149
462.000000 888.998052 -12.641519 -487.973201 0.070885 0.885083 0.019990 0.459569
463.000000 886.841427 -12.508680 -486.466504 0.070962 0.884927 0.019883 0.459863
464.000000 884.691580 -12.378351 -484.970268 0.070833 0.884647 0.019964 0.460418
465.000000 882.339140 -12.269320 -483.800438 0.070799 0.884643 0.020252 0.460418
466.000000 880.231986 -12.186483 -482.245783 0.070718 0.884403 0.020511 0.460880
467.000000 882.295704 -12.230282 -483.854308 0.070162 0.884410 0.020336 0.460959
468.000000 884.398375 -12.324479 -485.407343 0.069720 0.884157 0.020204 0.461516
469.000000 886.597952 -12.437945 -486.799797 0.069926 0.883589 0.019694 0.462593
470.000000 884.414113 -12.245093 -485.363376 0.069482 0.883338 0.020267 0.463115
471.000000 882.244065 -12.122846 -483.932057 0.069926 0.883004 0.020569 0.463671
472.000000 880.099902 -11.966961 -482.464045 0.070367 0.882382 0.020413 0.464794
473.000000 882.146979 -12.129188 -484.060963 0.070623 0.882129 0.020286 0.465242
474.000000 879.925585 -12.017740 -482.729033 0.070505 0.882276 0.020756 0.464959
475.000000 882.105221 -12.110935 -484.141129 0.070513 0.882412 0.021597 0.464662
476.000000 884.187126 -12.227238 -485.703791 0.069608 0.883058 0.021600 0.463569
477.000000 886.323905 -12.324826 -487.180820 0.069046 0.883037 0.020103 0.463760
478.000000 888.311062 -12.381823 -488.860976 0.069962 0.883149 0.019599 0.463431
479.000000 890.414004 -12.451707 -490.364061 0.072898 0.882826 0.022350 0.463470
480.000000 890.383020 -12.743181 -487.794511 0.075149 0.883433 0.024303 0.461852
481.000000 890.676105 -12.222408 -490.320974 0.074541 0.880821 0.023241 0.466967
482.000000 892.765549 -12.262861 -491.866938 0.073718 0.880423 0.021272 0.467941
483.000000 894.927261 -12.395788 -493.303972 0.072806 0.880302 0.020586 0.468342
484.000000 897.027863 -12.523516 -494.802746 0.072166 0.880360 0.020823 0.468321
485.000000 899.185631 -12.637264 -496.245804 0.071942 0.880327 0.021234 0.468399
486.000000 901.423873 -12.797594 -497.552639 0.071646 0.880414 0.020567 0.468311
487.000000 899.170480 -12.656372 -496.272786 0.071867 0.880200 0.019835 0.468710
488.000000 901.382063 -12.884407 -497.617277 0.071681 0.880598 0.019826 0.467992
489.000000 903.526254 -12.987626 -499.077610 0.071957 0.880193 0.020731 0.468670
490.000000 902.318224 -12.245029 -501.259167 0.071841 0.875910 0.023044 0.476538
491.000000 904.457736 -12.234529 -502.738673 0.071280 0.875775 0.023030 0.476872
492.000000 906.226454 -12.078104 -504.646856 0.071060 0.875023 0.023372 0.478267
493.000000 904.587194 -11.487208 -506.578744 0.070832 0.874131 0.024438 0.479875
494.000000 906.917098 -11.494996 -507.736565 0.070739 0.874060 0.025133 0.479983
495.000000 909.061891 -11.544899 -509.226164 0.070443 0.874018 0.024763 0.480123
496.000000 911.187705 -11.592813 -510.726797 0.070113 0.873610 0.024733 0.480914
497.000000 913.336638 -11.656668 -512.204683 0.069556 0.873159 0.024104 0.481845
498.000000 915.474873 -11.711755 -513.691042 0.068617 0.873872 0.022142 0.480780
499.000000 917.704922 -11.822087 -515.053158 0.068486 0.873845 0.020407 0.480924
500.000000 919.988774 -11.991705 -516.291369 0.069331 0.873928 0.019796 0.480678
501.000000 922.207916 -12.118957 -517.647583 0.069704 0.874024 0.020906 0.480402
502.000000 924.388681 -12.238471 -519.066110 0.069032 0.873862 0.021515 0.480767
503.000000 926.671443 -12.368084 -520.312379 0.068212 0.874258 0.022545 0.480116
504.000000 928.889608 -12.466913 -521.680465 0.068504 0.874602 0.021943 0.479477
505.000000 931.050950 -12.553615 -523.135738 0.070074 0.874611 0.021189 0.479266
506.000000 933.313233 -12.746905 -524.421375 0.070969 0.874572 0.021526 0.479191
507.000000 935.519186 -12.870078 -525.806974 0.070535 0.874737 0.022024 0.478932
508.000000 937.702061 -12.976594 -527.229548 0.068815 0.874620 0.022424 0.479377
509.000000 939.948519 -13.085700 -528.552456 0.067964 0.874903 0.022912 0.478957
510.000000 942.195766 -13.246891 -529.872851 0.067724 0.875079 0.023460 0.478644
511.000000 944.397205 -13.333391 -531.271576 0.067668 0.874215 0.023327 0.480234
512.000000 946.579250 -13.432812 -532.697163 0.067305 0.873859 0.023201 0.480940
513.000000 948.794190 -13.530068 -534.065667 0.067454 0.873843 0.023158 0.480949
514.000000 951.043902 -13.631846 -535.382620 0.068188 0.873481 0.023627 0.481480
515.000000 953.252746 -13.704565 -536.756470 0.068223 0.873517 0.023965 0.481394
516.000000 955.507717 -13.786214 -538.051546 0.067778 0.873487 0.024118 0.481502
517.000000 957.675579 -13.846868 -539.484699 0.066946 0.873749 0.023569 0.481170
518.000000 960.020587 -13.932886 -540.607006 0.067221 0.873653 0.022325 0.481365
519.000000 962.174586 -14.066984 -542.052061 0.067866 0.873309 0.021583 0.481934
520.000000 964.338986 -14.153716 -543.477987 0.068906 0.873170 0.022201 0.482010
521.000000 966.549780 -14.276913 -544.818981 0.069688 0.873041 0.022660 0.482109
522.000000 968.711667 -14.366608 -546.239976 0.069232 0.872917 0.022815 0.482392
523.000000 970.903145 -14.412300 -547.614862 0.068613 0.873161 0.023296 0.482015
524.000000 973.035165 -14.527176 -549.072427 0.068577 0.872872 0.023778 0.482520
525.000000 975.202287 -14.618404 -550.468148 0.068202 0.872991 0.023874 0.482354
526.000000 977.418869 -14.746362 -551.772975 0.067033 0.873317 0.024454 0.481899
527.000000 979.650009 -14.793524 -553.048120 0.066845 0.873480 0.025030 0.481600
528.000000 981.692880 -14.856791 -554.610623 0.066519 0.873400 0.025200 0.481781
529.000000 983.836817 -14.998223 -556.018102 0.066520 0.872791 0.024726 0.482908
530.000000 985.939386 -15.073462 -557.478618 0.068540 0.872398 0.023933 0.483374
531.000000 988.042496 -15.103118 -558.936741 0.070598 0.871915 0.022805 0.484003
532.000000 990.190266 -15.187707 -560.307188 0.072472 0.871476 0.022676 0.484524
533.000000 992.411851 -15.260485 -561.572857 0.074075 0.870918 0.023304 0.485254
534.000000 994.505901 -15.337814 -563.036427 0.073518 0.870935 0.024083 0.485271
535.000000 996.328653 -15.381032 -564.823811 0.072543 0.870031 0.023798 0.487049
536.000000 998.525667 -15.486835 -566.118628 0.072179 0.869816 0.023218 0.487516
537.000000 1000.729019 -15.575912 -567.399902 0.071565 0.869297 0.023150 0.488533
538.000000 1003.047190 -15.797992 -568.425199 0.072589 0.868783 0.023582 0.489276
539.000000 1005.286534 -15.981120 -569.621953 0.073266 0.868396 0.024321 0.489826
540.000000 1007.103849 -15.917284 -571.402396 0.073095 0.867492 0.025304 0.491400
541.000000 1009.187127 -16.006731 -572.857965 0.071664 0.867242 0.024687 0.492083
542.000000 1011.339416 -16.127726 -574.218199 0.070218 0.866898 0.023558 0.492953
543.000000 1013.518485 -16.231812 -575.535233 0.070590 0.866792 0.022275 0.493146
544.000000 1015.682097 -16.335536 -576.861968 0.072828 0.866571 0.020835 0.493272
545.000000 1017.845601 -16.438581 -578.183175 0.075177 0.866031 0.020675 0.493874
546.000000 1020.085171 -16.600182 -579.363054 0.076166 0.866113 0.020437 0.493588
547.000000 1022.304158 -16.773887 -580.582277 0.076413 0.865861 0.021021 0.493968
548.000000 1024.525766 -16.948359 -581.795416 0.076053 0.865819 0.022033 0.494052
549.000000 1026.752978 -17.115179 -582.998007 0.075297 0.865997 0.022669 0.493827
550.000000 1028.838116 -17.294043 -584.438305 0.074617 0.865269 0.022985 0.495190
551.000000 1031.003013 -17.415913 -585.748470 0.073578 0.865274 0.022917 0.495340
552.000000 1033.168789 -17.567615 -587.076893 0.073663 0.864715 0.021142 0.496382
553.000000 1035.355253 -17.678588 -588.356900 0.074103 0.864605 0.021176 0.496506
554.000000 1037.578597 -17.859455 -589.551956 0.073960 0.864450 0.022844 0.496724
555.000000 1039.751928 -17.969621 -590.848102 0.072668 0.864487 0.025378 0.496728
556.000000 1042.007656 -18.150252 -591.979840 0.072121 0.864396 0.026089 0.496929
557.000000 1044.145503 -18.264630 -593.351069 0.070918 0.864092 0.025901 0.497639
558.000000 1046.294691 -18.256517 -594.690395 0.071820 0.863844 0.026577 0.497905
559.000000 1048.439365 -18.355259 -596.046569 0.071947 0.863469 0.023591 0.498687
560.000000 1050.639110 -18.454949 -597.320873 0.071080 0.863298 0.021588 0.499198
561.000000 1052.828505 -18.600646 -598.590032 0.069890 0.863299 0.021220 0.499379
562.000000 1055.011867 -18.744622 -599.880042 0.070177 0.862649 0.022079 0.500424
563.000000 1057.196879 -18.852067 -601.151063 0.070853 0.862323 0.023509 0.500825
564.000000 1059.352307 -18.930761 -602.484078 0.071445 0.861750 0.023481 0.501729
565.000000 1061.555606 -19.026034 -603.734333 0.070957 0.861728 0.023537 0.501832
566.000000 1063.755821 -19.121296 -604.995880 0.070737 0.861318 0.023228 0.502581
567.000000 1065.972457 -19.279771 -606.214439 0.070388 0.861426 0.022330 0.502486
568.000000 1068.182159 -19.396063 -607.460153 0.070212 0.861570 0.021613 0.502296
569.000000 1070.413694 -19.482256 -608.660706 0.070455 0.861168 0.021846 0.502940
570.000000 1072.668512 -19.606355 -609.803359 0.070808 0.861048 0.022493 0.503066
571.000000 1074.916901 -19.746959 -610.988769 0.071163 0.860935 0.022697 0.503201
572.000000 1077.132950 -19.841660 -612.243132 0.071036 0.860851 0.022827 0.503357
573.000000 1079.364830 -19.980701 -613.457225 0.070870 0.860803 0.022840 0.503462
574.000000 1081.621678 -20.097914 -614.632964 0.070509 0.860699 0.023859 0.503643
575.000000 1083.932973 -20.245871 -615.689176 0.071130 0.861393 0.024239 0.502349
576.000000 1086.185744 -20.368907 -616.878116 0.071454 0.861132 0.024095 0.502758
577.000000 1088.404534 -20.490123 -618.136910 0.071359 0.861086 0.024963 0.502807
578.000000 1090.597672 -20.587130 -619.448004 0.071174 0.860593 0.025558 0.503648
579.000000 1092.818990 -20.666116 -620.711479 0.070824 0.860394 0.025774 0.504025
580.000000 1095.064299 -20.770685 -621.931764 0.070549 0.860204 0.025653 0.504395
581.000000 1097.279764 -20.832866 -623.223459 0.070577 0.859510 0.026157 0.505546
582.000000 1099.515679 -20.941467 -624.466093 0.070548 0.859338 0.025466 0.505879
583.000000 1101.735956 -21.009775 -625.746559 0.071303 0.859008 0.025513 0.506330
584.000000 1103.971782 -21.102015 -627.004947 0.071462 0.858672 0.025978 0.506854
585.000000 1106.219898 -21.195319 -628.233514 0.071649 0.858938 0.025397 0.506406
586.000000 1108.472245 -21.309523 -629.468004 0.071235 0.858700 0.025697 0.506853
587.000000 1110.695862 -21.441355 -630.743629 0.071065 0.858683 0.026407 0.506869
588.000000 1112.970145 -21.545731 -631.942025 0.070322 0.858952 0.025929 0.506541
589.000000 1115.235072 -21.677470 -633.157461 0.069712 0.859432 0.026050 0.505805
590.000000 1117.499526 -21.795425 -634.369947 0.069797 0.859197 0.027171 0.506132
591.000000 1119.760378 -21.894553 -635.606020 0.069599 0.859369 0.027013 0.505877
592.000000 1122.046475 -21.976503 -636.802091 0.069006 0.859665 0.026081 0.505504
593.000000 1124.293895 -22.068081 -638.075997 0.069018 0.859343 0.026421 0.506031
594.000000 1126.542729 -22.174962 -639.344446 0.069586 0.858998 0.026357 0.506543
595.000000 1128.792337 -22.272026 -640.617333 0.069864 0.858684 0.027407 0.506981
596.000000 1131.136036 -22.348056 -641.874187 0.069343 0.858621 0.027581 0.507150
597.000000 1133.374378 -22.451582 -643.066560 0.068936 0.858893 0.026900 0.506781
598.000000 1135.655062 -22.522583 -644.324224 0.068572 0.858806 0.025542 0.507048
599.000000 1137.947374 -22.614446 -645.549350 0.067785 0.859044 0.025105 0.506773
600.000000 1140.251503 -22.721883 -646.801129 0.068899 0.858845 0.024767 0.506976
601.000000 1142.597608 -22.870152 -647.934795 0.069523 0.859228 0.024890 0.506235
602.000000 1144.917524 -23.026716 -649.122635 0.069787 0.859267 0.025245 0.506116
603.000000 1147.222067 -23.122646 -650.366440 0.069107 0.859502 0.025548 0.505794
604.000000 1149.532173 -23.240222 -651.621096 0.069426 0.859493 0.025537 0.505767
605.000000 1151.786610 -23.321696 -652.952388 0.069310 0.859060 0.026402 0.506473
606.000000 1154.087441 -23.409757 -654.222040 0.069559 0.859041 0.027154 0.506432
607.000000 1156.409827 -23.513035 -655.474686 0.069372 0.858863 0.027161 0.506759
608.000000 1158.707936 -23.616744 -656.751040 0.069146 0.858498 0.026760 0.507429
609.000000 1161.037902 -23.745642 -657.964509 0.069189 0.858947 0.026641 0.506669
610.000000 1163.383335 -23.827453 -659.191628 0.069117 0.859055 0.026392 0.506509
611.000000 1165.700889 -23.916495 -660.445774 0.068875 0.859020 0.026093 0.506616
612.000000 1168.021466 -24.028683 -661.705043 0.069136 0.858908 0.025868 0.506783
613.000000 1170.343151 -24.145283 -662.973933 0.068355 0.858889 0.026053 0.506911
614.000000 1172.700053 -24.261595 -664.176421 0.068186 0.858619 0.026599 0.507362
615.000000 1175.019597 -24.345679 -665.457026 0.068579 0.858154 0.027239 0.508062
616.000000 1177.462495 -24.542501 -666.474522 0.068614 0.859392 0.027409 0.505951
617.000000 1179.803446 -24.639728 -667.724345 0.069350 0.858961 0.028085 0.506545
618.000000 1182.108233 -24.720234 -669.047949 0.069256 0.858534 0.028608 0.507252
619.000000 1184.481359 -24.831745 -670.238285 0.069068 0.858862 0.027956 0.506758
620.000000 1186.800698 -24.901735 -671.559534 0.069328 0.858369 0.027576 0.507578
621.000000 1189.129220 -24.956875 -672.863767 0.069672 0.857996 0.029030 0.508080
622.000000 1191.453762 -25.040133 -674.174547 0.070590 0.857807 0.029414 0.508252
623.000000 1193.785268 -25.118106 -675.466751 0.071266 0.857617 0.029917 0.508449
624.000000 1196.147048 -25.224874 -676.743211 0.070993 0.857677 0.030462 0.508352
625.000000 1198.515030 -25.329521 -677.989679 0.070797 0.857515 0.030398 0.508657
626.000000 1200.876917 -25.448379 -679.261763 0.070434 0.857394 0.030439 0.508908
627.000000 1203.243497 -25.516091 -680.535269 0.070338 0.857422 0.030163 0.508892
628.000000 1205.616090 -25.610260 -681.799689 0.070427 0.857327 0.029635 0.509070
629.000000 1208.015155 -25.714519 -683.030288 0.070513 0.857155 0.029075 0.509379
630.000000 1210.363705 -25.796870 -684.366649 0.070109 0.856745 0.028714 0.510145
631.000000 1212.667315 -25.874690 -685.782841 0.069284 0.856264 0.028379 0.511083
632.000000 1215.020372 -26.003593 -687.109762 0.068533 0.855730 0.028802 0.512054
633.000000 1217.364302 -26.084814 -688.449693 0.069491 0.854988 0.030255 0.513080
634.000000 1219.799288 -26.194621 -689.684754 0.071087 0.854891 0.032523 0.512884
635.000000 1222.179670 -26.276457 -690.949915 0.072310 0.854668 0.035641 0.512877
636.000000 1224.553225 -26.325853 -692.277232 0.072412 0.853788 0.036401 0.514275
637.000000 1226.986491 -26.378982 -693.504968 0.071834 0.853822 0.035427 0.514367
638.000000 1229.469669 -26.489851 -694.613856 0.071852 0.854287 0.034279 0.513668
639.000000 1231.807708 -26.507167 -696.040347 0.071223 0.853440 0.033435 0.515217
640.000000 1234.270003 -26.611378 -697.219896 0.070665 0.854450 0.032305 0.513690
641.000000 1236.655848 -26.697824 -698.547742 0.070165 0.854097 0.032209 0.514352
642.000000 1239.111237 -26.807177 -699.746634 0.070375 0.854408 0.031869 0.513828
643.000000 1241.463163 -26.862392 -701.133840 0.070443 0.854243 0.032392 0.514059
644.000000 1243.891605 -26.977079 -702.378924 0.070897 0.854548 0.031987 0.513516
645.000000 1246.297100 -27.047745 -703.671737 0.071050 0.854346 0.032819 0.513778
646.000000 1248.701801 -27.102958 -704.964947 0.071333 0.854201 0.033361 0.513945
647.000000 1251.115284 -27.179820 -706.243221 0.070900 0.854030 0.033054 0.514309
648.000000 1253.525250 -27.257734 -707.527863 0.071115 0.853966 0.032597 0.514414
649.000000 1255.937563 -27.338949 -708.812737 0.071160 0.853702 0.032692 0.514840
650.000000 1258.364514 -27.409440 -710.066366 0.070990 0.853647 0.032749 0.514952
651.000000 1260.742171 -27.448510 -711.400141 0.070990 0.853511 0.033720 0.515114
652.000000 1263.139877 -27.531507 -712.688671 0.070589 0.853182 0.034939 0.515633
653.000000 1265.566022 -27.625117 -713.942226 0.070682 0.853016 0.035739 0.515840
654.000000 1268.005503 -27.679834 -715.169484 0.070955 0.852826 0.035964 0.516101
655.000000 1270.435932 -27.750412 -716.410086 0.071210 0.852857 0.035727 0.516031
656.000000 1272.756995 -27.765667 -717.850651 0.070606 0.852116 0.035226 0.517371
657.000000 1275.178138 -27.848234 -719.092669 0.069949 0.852022 0.035836 0.517573
658.000000 1277.611285 -27.920946 -720.325799 0.070193 0.851879 0.036262 0.517746
659.000000 1280.059411 -28.039728 -721.521887 0.069716 0.851959 0.036258 0.517678
660.000000 1282.488225 -28.123463 -722.770881 0.069744 0.851936 0.036419 0.517701
661.000000 1284.837355 -28.132027 -724.160121 0.070629 0.851416 0.036990 0.518396
662.000000 1287.231240 -28.206094 -725.457109 0.071575 0.851580 0.037983 0.517924
663.000000 1289.663008 -28.279058 -726.692453 0.072483 0.851396 0.038378 0.518072
664.000000 1292.086015 -28.335600 -727.946828 0.072097 0.851372 0.038038 0.518190
665.000000 1294.514693 -28.389851 -729.184163 0.071437 0.851545 0.037660 0.518024
666.000000 1296.937691 -28.451985 -730.426206 0.071046 0.851416 0.037391 0.518310
667.000000 1299.332415 -28.519382 -731.714989 0.071731 0.850701 0.037760 0.519362
668.000000 1301.761129 -28.580220 -732.964765 0.072687 0.850515 0.038051 0.519513
669.000000 1304.155200 -28.601947 -734.266819 0.072608 0.849800 0.039343 0.520596
670.000000 1306.581911 -28.653728 -735.505624 0.072593 0.849541 0.040088 0.520963
671.000000 1309.000533 -28.717928 -736.766876 0.072587 0.848907 0.039947 0.522008
672.000000 1311.464356 -28.821589 -737.914950 0.072025 0.849196 0.039978 0.521614
673.000000 1313.889797 -28.878286 -739.155936 0.071446 0.848517 0.040016 0.522794
674.000000 1316.351430 -28.941063 -740.302706 0.071683 0.848144 0.040161 0.523354
675.000000 1318.778217 -28.988597 -741.510621 0.071821 0.848564 0.040026 0.522665
676.000000 1321.167920 -29.046693 -742.787475 0.072142 0.848178 0.040176 0.523236
677.000000 1323.654572 -29.168945 -743.850592 0.072375 0.848136 0.040152 0.523274
678.000000 1326.072429 -29.227189 -745.064959 0.072224 0.848020 0.040078 0.523487
679.000000 1328.475406 -29.274395 -746.306458 0.072204 0.847568 0.040223 0.524211
680.000000 1330.874952 -29.296494 -747.545990 0.072356 0.847307 0.040691 0.524575
681.000000 1333.308897 -29.388948 -748.701310 0.072237 0.847094 0.041493 0.524873
682.000000 1335.724251 -29.432710 -749.912305 0.072019 0.846774 0.042161 0.525366
683.000000 1338.102576 -29.475111 -751.186247 0.072172 0.846009 0.042729 0.526530
684.000000 1340.523856 -29.540173 -752.382255 0.072617 0.845280 0.043443 0.527580
685.000000 1342.957997 -29.590067 -753.536795 0.073422 0.845183 0.044052 0.527573
686.000000 1345.378304 -29.626151 -754.730418 0.074599 0.844895 0.043083 0.527950
687.000000 1347.799596 -29.668592 -755.929183 0.075329 0.844603 0.042618 0.528351
688.000000 1350.230083 -29.716040 -757.093935 0.075559 0.844602 0.042073 0.528364
689.000000 1352.661947 -29.788737 -758.263139 0.075519 0.844490 0.042187 0.528539
690.000000 1355.141525 -29.930848 -759.318768 0.075037 0.844956 0.041670 0.527903
691.000000 1357.455937 -29.932481 -760.687414 0.074321 0.843364 0.042221 0.530501
692.000000 1359.888105 -29.983272 -761.848363 0.074011 0.843099 0.043003 0.530903
693.000000 1362.326556 -30.037917 -762.982532 0.073416 0.843569 0.042718 0.530261
694.000000 1364.774074 -30.129783 -764.081951 0.072965 0.842928 0.043016 0.531317
695.000000 1367.199222 -30.178264 -765.223681 0.073033 0.842557 0.043870 0.531826
696.000000 1369.645253 -30.218012 -766.300815 0.072911 0.842529 0.044629 0.531825
697.000000 1372.059356 -30.264838 -767.453679 0.073115 0.842359 0.045275 0.532010
698.000000 1374.474518 -30.313088 -768.594520 0.073309 0.842174 0.045998 0.532214
699.000000 1376.887443 -30.373591 -769.734586 0.072824 0.842206 0.045904 0.532239
700.000000 1379.308536 -30.383121 -770.865503 0.072871 0.842016 0.046031 0.532522
701.000000 1381.703111 -30.378655 -772.044785 0.072701 0.841951 0.046174 0.532635
702.000000 1384.115104 -30.411049 -773.195696 0.073014 0.841766 0.046442 0.532862
703.000000 1386.516712 -30.453464 -774.358753 0.073498 0.841292 0.047205 0.533477
704.000000 1388.914539 -30.469568 -775.528096 0.073444 0.840446 0.048037 0.534741
705.000000 1391.325166 -30.472204 -776.664536 0.073658 0.840049 0.048576 0.535287
706.000000 1393.674042 -30.490971 -777.926676 0.073848 0.839697 0.048378 0.535832
707.000000 1396.089593 -30.512757 -779.063275 0.073242 0.839405 0.048052 0.536401
708.000000 1398.525944 -30.549337 -780.142128 0.073548 0.839404 0.048341 0.536334
709.000000 1400.929577 -30.588702 -781.276893 0.073337 0.839328 0.048771 0.536443
710.000000 1403.342079 -30.631424 -782.384022 0.073415 0.838957 0.048492 0.537038
711.000000 1405.757409 -30.659632 -783.491693 0.074155 0.838431 0.048621 0.537746
712.000000 1408.172609 -30.678071 -784.592076 0.074196 0.838601 0.048781 0.537460
713.000000 1410.527956 -30.696207 -785.804087 0.074174 0.838119 0.048445 0.538245
714.000000 1412.916724 -30.713672 -786.945451 0.074329 0.838117 0.048251 0.538245
715.000000 1415.328821 -30.768375 -788.019758 0.073841 0.838148 0.047952 0.538290
716.000000 1417.742210 -30.789202 -789.096894 0.073341 0.838117 0.048079 0.538395
717.000000 1420.173240 -30.852896 -790.097334 0.073520 0.838249 0.048035 0.538169
718.000000 1422.559482 -30.851687 -791.201767 0.073376 0.838053 0.048508 0.538452
719.000000 1425.051161 -30.999396 -792.027134 0.073800 0.838738 0.047804 0.537389
720.000000 1427.424729 -31.046227 -793.135528 0.074101 0.838413 0.047887 0.537847
721.000000 1429.822491 -31.068459 -794.197033 0.074585 0.838300 0.048079 0.537939
722.000000 1432.196971 -31.106621 -795.287891 0.075285 0.838053 0.047366 0.538290
723.000000 1434.557301 -31.150921 -796.395948 0.075264 0.837731 0.047473 0.538784
724.000000 1436.944502 -31.197454 -797.441089 0.075103 0.837775 0.047298 0.538753
725.000000 1439.317627 -31.234436 -798.484882 0.075352 0.838038 0.047045 0.538332
726.000000 1441.663247 -31.276280 -799.590398 0.075141 0.837736 0.046393 0.538887
727.000000 1444.057604 -31.364207 -800.577454 0.074769 0.837884 0.046050 0.538739
728.000000 1446.368075 -31.356640 -801.732771 0.074768 0.837945 0.045816 0.538665
729.000000 1448.695909 -31.407917 -802.829967 0.074907 0.837746 0.045641 0.538969
730.000000 1450.987123 -31.411154 -803.997351 0.074985 0.837083 0.045993 0.539957
731.000000 1453.322217 -31.464851 -805.053822 0.075529 0.837504 0.045494 0.539271
732.000000 1455.660887 -31.509950 -806.104098 0.074889 0.837576 0.045275 0.539266
733.000000 1457.999222 -31.575572 -807.119974 0.074764 0.837372 0.045871 0.539550
734.000000 1460.333812 -31.635653 -808.120821 0.075083 0.837190 0.046645 0.539722
735.000000 1462.637425 -31.639697 -809.211453 0.074289 0.836957 0.047161 0.540149
736.000000 1464.934806 -31.615953 -810.300573 0.072965 0.837041 0.047342 0.540183
737.000000 1467.223373 -31.598382 -811.401549 0.072213 0.837105 0.047100 0.540206
738.000000 1469.546359 -31.647680 -812.400148 0.072379 0.836802 0.047657 0.540603
739.000000 1471.853097 -31.680062 -813.426166 0.071671 0.835917 0.048627 0.541980
740.000000 1474.149982 -31.707926 -814.482891 0.072050 0.835111 0.048981 0.543138
741.000000 1476.489995 -31.751940 -815.427764 0.072066 0.835177 0.048477 0.543080
742.000000 1478.829747 -31.795125 -816.358770 0.072241 0.835784 0.047295 0.542226
743.000000 1481.087028 -31.811529 -817.468517 0.071712 0.835288 0.047006 0.543085
744.000000 1483.375575 -31.856673 -818.497605 0.071651 0.835093 0.046560 0.543432
745.000000 1485.647799 -31.875949 -819.561827 0.071788 0.835007 0.046794 0.543526
746.000000 1487.779847 -31.788273 -820.861538 0.072222 0.834358 0.048414 0.544322
747.000000 1490.053615 -31.784976 -821.896115 0.072697 0.833940 0.049573 0.544794
748.000000 1492.367669 -31.825702 -822.826602 0.072552 0.834010 0.049223 0.544739
749.000000 1494.681741 -31.882740 -823.748780 0.071708 0.833933 0.048017 0.545077
750.000000 1496.991966 -31.934885 -824.677725 0.070801 0.833950 0.046580 0.545293
751.000000 1499.273280 -31.955940 -825.655181 0.069651 0.833997 0.046951 0.545338
752.000000 1501.557471 -31.992153 -826.615016 0.070386 0.833830 0.047624 0.545441
753.000000 1503.921264 -32.106504 -827.313812 0.070787 0.833912 0.048293 0.545204
754.000000 1506.130212 -32.078206 -828.398602 0.070516 0.834048 0.048791 0.544987
755.000000 1508.397660 -32.112638 -829.372015 0.069928 0.833963 0.048696 0.545202
756.000000 1510.666486 -32.171845 -830.308233 0.069989 0.833236 0.047964 0.546368
757.000000 1512.846653 -32.149548 -831.428308 0.070015 0.832405 0.047736 0.547651
758.000000 1515.090768 -32.191648 -832.397239 0.069897 0.832777 0.047020 0.547162
759.000000 1517.357453 -32.234773 -833.307502 0.069647 0.833011 0.046401 0.546890
760.000000 1519.495759 -32.165745 -834.471929 0.069441 0.833092 0.046307 0.546802
761.000000 1521.781494 -32.254696 -835.292482 0.069186 0.833333 0.047160 0.546393
762.000000 1524.014533 -32.291844 -836.235546 0.069644 0.833480 0.047438 0.546087
763.000000 1526.247286 -32.304048 -837.167752 0.069470 0.833811 0.047697 0.545580
764.000000 1528.399851 -32.247408 -838.277826 0.069871 0.833846 0.047588 0.545485
765.000000 1530.591127 -32.242353 -839.310834 0.069591 0.834101 0.047193 0.545165
766.000000 1532.804060 -32.310513 -840.275677 0.069338 0.834726 0.047126 0.544246
767.000000 1535.005997 -32.321273 -841.262934 0.069714 0.834918 0.047456 0.543875
768.000000 1537.227160 -32.356822 -842.184514 0.069752 0.835331 0.047587 0.543224
769.000000 1539.445610 -32.381301 -843.141109 0.070107 0.835965 0.047233 0.542234
770.000000 1541.622726 -32.363180 -844.169767 0.070064 0.836601 0.047610 0.541224
771.000000 1543.811743 -32.397236 -845.161870 0.070118 0.837145 0.047032 0.540425
772.000000 1546.053380 -32.465115 -846.019296 0.070401 0.838583 0.046055 0.538240
773.000000 1548.206403 -32.434148 -847.062018 0.071220 0.839549 0.045315 0.536686
774.000000 1550.489859 -32.623430 -847.774616 0.071051 0.841306 0.044600 0.534010
775.000000 1552.665339 -32.631264 -848.755626 0.070569 0.842531 0.044996 0.532106
776.000000 1554.749625 -32.560217 -849.910408 0.070628 0.843113 0.045395 0.531142
777.000000 1556.916668 -32.623161 -850.892614 0.071220 0.843979 0.044954 0.529722
778.000000 1559.052170 -32.638899 -851.926536 0.071351 0.844798 0.045391 0.528360
779.000000 1561.197516 -32.662177 -852.936920 0.072253 0.846578 0.044637 0.525445
780.000000 1563.334380 -32.707868 -853.946129 0.071813 0.848424 0.044605 0.522522
781.000000 1565.441862 -32.767306 -855.009559 0.071704 0.849113 0.043256 0.521531
782.000000 1567.561212 -32.822893 -856.039540 0.071390 0.849825 0.042689 0.520460
783.000000 1569.666739 -32.854945 -857.072731 0.072462 0.850577 0.041931 0.519144
784.000000 1571.721835 -32.861476 -858.210045 0.072726 0.851468 0.042119 0.517629
785.000000 1573.855379 -32.889380 -859.171623 0.072958 0.852241 0.041575 0.516366
786.000000 1576.066136 -33.025290 -859.908961 0.072912 0.853923 0.040897 0.513641
787.000000 1578.124059 -33.027371 -860.985907 0.072896 0.854096 0.041754 0.513287
788.000000 1580.165021 -33.081513 -862.098692 0.072147 0.854352 0.041972 0.512948
789.000000 1582.290926 -33.182027 -863.006554 0.072494 0.855719 0.042018 0.510611
790.000000 1584.323973 -33.183761 -864.101054 0.073151 0.855882 0.042705 0.510187
791.000000 1586.378392 -33.213998 -865.141011 0.074295 0.856320 0.042582 0.509297
792.000000 1588.415708 -33.258497 -866.200271 0.074613 0.856551 0.042534 0.508865
793.000000 1590.408614 -33.296733 -867.339980 0.074586 0.857388 0.042905 0.507426
794.000000 1592.405265 -33.336587 -868.451617 0.074084 0.857477 0.044235 0.507235
795.000000 1594.473339 -33.412635 -869.420125 0.073626 0.858874 0.044077 0.504947
796.000000 1596.529391 -33.472488 -870.397547 0.074556 0.860769 0.043494 0.501623
797.000000 1594.319886 -33.387105 -869.923011 0.074846 0.861233 0.043865 0.500750
798.000000 1592.110968 -33.331204 -869.398409 0.074537 0.861333 0.043627 0.500646
799.000000 1589.993526 -33.295880 -868.610383 0.074626 0.861485 0.043173 0.500411
800.000000 1587.840705 -33.249299 -867.942895 0.073876 0.862085 0.042408 0.499553
801.000000 1585.718035 -33.194171 -867.192592 0.072718 0.862340 0.040857 0.499413
802.000000 1583.703092 -33.174049 -866.210920 0.072234 0.862357 0.039624 0.499553
803.000000 1581.746428 -33.144288 -865.120353 0.073632 0.862440 0.039028 0.499251
804.000000 1579.689265 -33.001253 -864.285243 0.075103 0.863154 0.040880 0.497648
805.000000 1577.700905 -32.938807 -863.299636 0.076943 0.863611 0.043982 0.496308
806.000000 1575.588414 -32.938153 -862.628162 0.076203 0.862875 0.045897 0.497527
807.000000 1573.440721 -32.911567 -862.056648 0.073979 0.862481 0.045434 0.498587
808.000000 1571.380139 -32.894936 -861.237376 0.073644 0.862214 0.044805 0.499156
809.000000 1569.397681 -32.871223 -860.249249 0.073952 0.862194 0.043305 0.499277
810.000000 1567.441144 -32.842211 -859.211294 0.073984 0.861734 0.042135 0.500165
811.000000 1565.493323 -32.817472 -858.179199 0.074092 0.861522 0.042837 0.500455
812.000000 1563.531783 -32.758067 -857.179924 0.073740 0.861876 0.042918 0.499890
813.000000 1561.581975 -32.746034 -856.149179 0.073385 0.861761 0.042295 0.500194
814.000000 1559.636457 -32.664976 -855.104179 0.074611 0.862001 0.041425 0.499671
815.000000 1557.709260 -32.634403 -854.066871 0.075673 0.861714 0.040629 0.500071
816.000000 1555.840607 -32.641876 -852.928302 0.077082 0.861978 0.040480 0.499413
817.000000 1553.912126 -32.584427 -851.888107 0.077678 0.861937 0.040026 0.499428
818.000000 1555.852997 -32.679724 -852.895702 0.077652 0.862357 0.039814 0.498724
819.000000 1557.836319 -32.779687 -853.814416 0.077572 0.862646 0.039375 0.498271
820.000000 1555.905654 -32.753931 -852.798019 0.077349 0.862730 0.039526 0.498149
821.000000 1553.977790 -32.667546 -851.798001 0.077452 0.863178 0.039972 0.497320
822.000000 1552.074572 -32.640300 -850.753105 0.077210 0.863662 0.040239 0.496494
823.000000 1550.205669 -32.635991 -849.654493 0.077978 0.863456 0.040751 0.496691
824.000000 1548.297347 -32.609166 -848.627642 0.077675 0.863644 0.040784 0.496409
825.000000 1546.360882 -32.589772 -847.669413 0.076197 0.863591 0.041189 0.496698
826.000000 1544.494220 -32.564116 -846.578454 0.076021 0.863696 0.040566 0.496592
827.000000 1542.562493 -32.457358 -845.600356 0.076150 0.863865 0.040309 0.496300
828.000000 1540.696472 -32.416061 -844.540513 0.075783 0.863988 0.040177 0.496153
829.000000 1538.789236 -32.304935 -843.580264 0.076449 0.864210 0.039361 0.495729
830.000000 1540.648952 -32.347181 -844.657976 0.075966 0.864137 0.039382 0.495929
831.000000 1542.483574 -32.408733 -845.754190 0.075394 0.864059 0.039158 0.496169
832.000000 1544.340950 -32.493424 -846.800281 0.075371 0.864006 0.040122 0.496189
833.000000 1546.171725 -32.528178 -847.889521 0.075507 0.863503 0.041825 0.496902
834.000000 1548.117067 -32.634711 -848.762544 0.075536 0.863705 0.042105 0.496524
835.000000 1550.099672 -32.843071 -849.494661 0.075167 0.864391 0.039911 0.495566
836.000000 1551.928147 -32.896695 -850.575575 0.075332 0.863946 0.038809 0.496403
837.000000 1553.754825 -32.921628 -851.655235 0.075540 0.862997 0.038421 0.498049
838.000000 1555.610922 -33.037202 -852.668240 0.075057 0.862550 0.037224 0.498988
839.000000 1557.426959 -33.077270 -853.754702 0.075036 0.861835 0.037084 0.500235
840.000000 1559.248856 -33.126158 -854.806501 0.075836 0.861302 0.037546 0.500997
841.000000 1561.050882 -33.184585 -855.880890 0.075074 0.860839 0.037454 0.501913
842.000000 1562.883491 -33.218294 -856.920815 0.073931 0.860268 0.037394 0.503066
843.000000 1564.690145 -33.285208 -857.931997 0.074321 0.860067 0.038317 0.503282
844.000000 1566.455605 -33.293679 -859.026224 0.073290 0.859288 0.039192 0.504694
845.000000 1568.239291 -33.318640 -860.050223 0.072279 0.859305 0.039619 0.504779
846.000000 1570.079787 -33.380737 -860.960565 0.071421 0.859134 0.040675 0.505108
847.000000 1571.841389 -33.405055 -861.982617 0.069514 0.858804 0.040669 0.505935
848.000000 1573.636733 -33.406924 -862.924730 0.068623 0.858915 0.040322 0.505895
849.000000 1575.371403 -33.498189 -863.953751 0.068979 0.858816 0.039615 0.506071
850.000000 1577.128414 -33.537712 -864.916526 0.070001 0.858839 0.039525 0.505898
851.000000 1579.091115 -33.797741 -865.268111 0.070979 0.858911 0.039670 0.505629
852.000000 1580.828545 -33.813014 -866.228758 0.071928 0.858984 0.039478 0.505386
853.000000 1582.528373 -33.818404 -867.247096 0.072202 0.859181 0.039045 0.505045
854.000000 1584.255792 -33.853555 -868.210116 0.071818 0.859371 0.038497 0.504819
855.000000 1585.842801 -33.815107 -869.361459 0.072160 0.859283 0.037874 0.504967
856.000000 1587.555087 -33.873216 -870.324735 0.072624 0.859473 0.036707 0.504664
857.000000 1589.241369 -33.911660 -871.314099 0.072723 0.859923 0.035538 0.503965
858.000000 1590.922956 -33.946766 -872.295349 0.072626 0.860291 0.035045 0.503385
859.000000 1592.600322 -34.014074 -873.254016 0.071627 0.860648 0.035330 0.502899
860.000000 1594.233755 -34.045305 -874.262445 0.070093 0.861026 0.035410 0.502461
861.000000 1595.900964 -34.110804 -875.188486 0.068175 0.861764 0.035531 0.501450
862.000000 1597.552085 -34.150860 -876.115250 0.066841 0.862214 0.036472 0.500789
863.000000 1599.175698 -34.200991 -877.052459 0.066083 0.862898 0.037591 0.499627
864.000000 1600.779402 -34.208977 -877.994682 0.064705 0.863303 0.038575 0.499032
865.000000 1602.394424 -34.289857 -878.882342 0.063133 0.864038 0.039602 0.497880
866.000000 1604.001266 -34.293741 -879.763385 0.061701 0.865036 0.040456 0.496255
867.000000 1605.621646 -34.341998 -880.595411 0.060542 0.865664 0.041294 0.495232
868.000000 1607.185636 -34.358586 -881.498252 0.059593 0.866324 0.041804 0.494150
869.000000 1608.705336 -34.337787 -882.445977 0.058400 0.866850 0.042270 0.493328
870.000000 1610.315561 -34.407875 -883.195682 0.056852 0.867711 0.042820 0.491946
871.000000 1611.812326 -34.394783 -884.119075 0.055593 0.868372 0.043546 0.490860
872.000000 1613.299046 -34.369063 -885.020712 0.054363 0.869078 0.044177 0.489691
873.000000 1614.721200 -34.364685 -885.985884 0.053193 0.869240 0.044974 0.489458
874.000000 1616.176379 -34.316291 -886.871118 0.052708 0.870071 0.045085 0.488022
875.000000 1617.621054 -34.291927 -887.744433 0.052048 0.871738 0.044764 0.485138
876.000000 1619.054742 -34.271576 -888.602443 0.051963 0.873600 0.044536 0.481809
877.000000 1620.456023 -34.258639 -889.473570 0.051547 0.875486 0.044442 0.478428
878.000000 1621.808063 -34.253798 -890.396950 0.051832 0.877199 0.044274 0.475263
879.000000 1623.186166 -34.230385 -891.225468 0.052749 0.880139 0.044392 0.469683
880.000000 1624.530794 -34.199635 -892.118381 0.053394 0.883323 0.044537 0.463579
881.000000 1625.879176 -34.158588 -892.984730 0.053847 0.887205 0.044660 0.456040
882.000000 1627.158128 -34.148278 -893.883041 0.053162 0.890914 0.044734 0.448826
883.000000 1628.447316 -34.126464 -894.798677 0.052307 0.894878 0.044926 0.440952
884.000000 1629.729688 -34.080684 -895.702999 0.052369 0.899001 0.044908 0.432478
885.000000 1630.978000 -34.037765 -896.592944 0.051916 0.903554 0.044899 0.422941
886.000000 1632.149223 -34.010623 -897.619735 0.052312 0.907313 0.044496 0.414809
887.000000 1633.303036 -33.976473 -898.595313 0.052603 0.911387 0.045294 0.405653
888.000000 1634.472552 -33.918974 -899.605463 0.053742 0.915691 0.045559 0.395659
889.000000 1635.589399 -33.874786 -900.668677 0.052853 0.919922 0.044806 0.385930
890.000000 1636.659236 -33.840922 -901.713690 0.052627 0.924233 0.043739 0.375646
891.000000 1637.717051 -33.798489 -902.830343 0.053181 0.928428 0.043379 0.365117
892.000000 1638.809979 -33.736519 -903.911953 0.053628 0.932675 0.043532 0.354044
893.000000 1639.852168 -33.705645 -904.959126 0.054522 0.936981 0.043546 0.342343
894.000000 1640.816568 -33.658231 -906.150360 0.055425 0.941024 0.043449 0.330929
895.000000 1641.754988 -33.623481 -907.282000 0.055473 0.945212 0.042929 0.318832
896.000000 1642.652681 -33.562634 -908.529215 0.054951 0.949339 0.042146 0.306528
897.000000 1643.589441 -33.515476 -909.745841 0.054634 0.953432 0.040212 0.293880
898.000000 1644.401932 -33.477890 -910.964804 0.054749 0.957249 0.038486 0.281416
899.000000 1645.179539 -33.471514 -912.285076 0.053853 0.960901 0.038729 0.268829
900.000000 1645.977296 -33.430805 -913.580281 0.054593 0.964360 0.039720 0.255836
901.000000 1646.678876 -33.380180 -914.860511 0.054496 0.967593 0.040112 0.243279
902.000000 1647.404141 -33.332838 -916.200171 0.054879 0.970792 0.040103 0.230092
903.000000 1648.061884 -33.290763 -917.497112 0.054920 0.973909 0.039860 0.216554
904.000000 1648.667910 -33.216040 -918.894996 0.055263 0.976878 0.038670 0.202881
905.000000 1649.268457 -33.145745 -920.296171 0.055147 0.979697 0.038498 0.188866
906.000000 1649.716224 -33.043340 -921.672824 0.054773 0.982110 0.039271 0.175837
907.000000 1650.244037 -32.983663 -923.098102 0.054932 0.984595 0.039735 0.161170
908.000000 1649.489607 -32.863486 -924.405543 0.055437 0.985651 0.039523 0.154457
909.000000 1650.941505 -32.986572 -924.284229 0.054015 0.990122 0.037985 0.123688
910.000000 1651.343224 -32.905442 -925.744284 0.054580 0.991824 0.036958 0.109267
911.000000 1652.186076 -33.027238 -924.564693 0.058033 0.992655 0.035943 0.099886
912.000000 1652.447958 -32.971897 -926.052990 0.058678 0.993872 0.035988 0.086487
913.000000 1652.723138 -32.895638 -927.532824 0.059195 0.994973 0.035510 0.072550
914.000000 1652.918768 -32.821125 -928.980218 0.058927 0.995913 0.034744 0.058980
915.000000 1652.974684 -32.691235 -930.485851 0.059303 0.996571 0.034925 0.045928
916.000000 1653.113010 -32.586743 -931.985815 0.058340 0.997176 0.034947 0.031855
917.000000 1653.177613 -32.518732 -933.445523 0.058108 0.997549 0.034251 0.018589
918.000000 1653.256129 -32.440304 -934.948876 0.058167 0.997708 0.034237 0.004818
919.000000 1653.288869 -32.355303 -936.458362 0.057833 0.997700 0.034205 -0.008974
920.000000 1653.208764 -32.251342 -937.919345 0.057580 0.997526 0.034229 -0.021316
921.000000 1652.100533 -32.165419 -938.942606 0.056552 0.997470 0.033883 -0.026596
922.000000 1650.847855 -32.030506 -939.702003 0.056792 0.997387 0.033799 -0.029195
923.000000 1649.942052 -31.897719 -940.905360 0.057502 0.997226 0.033707 -0.033129
924.000000 1648.586650 -31.817577 -941.573577 0.057780 0.997446 0.033160 -0.025740
925.000000 1647.496531 -31.725469 -942.572762 0.058635 0.997355 0.033330 -0.027096
926.000000 1648.344056 -31.898124 -941.332221 0.060180 0.996945 0.034698 -0.035702
927.000000 1649.153553 -32.109941 -940.068054 0.060525 0.996379 0.036039 -0.047608
928.000000 1650.268439 -32.307307 -939.096338 0.061464 0.995667 0.036074 -0.059739
929.000000 1651.234805 -32.513642 -937.935693 0.062658 0.994997 0.036349 -0.068796
930.000000 1651.041793 -32.428669 -939.418255 0.062877 0.993981 0.035077 -0.082565
931.000000 1650.191254 -32.257479 -940.679867 0.062649 0.993697 0.034781 -0.086209
932.000000 1651.282125 -32.478713 -939.629834 0.062854 0.992498 0.034187 -0.099139
933.000000 1652.394887 -32.681456 -938.636116 0.063678 0.991160 0.035181 -0.110946
934.000000 1651.700303 -32.462512 -939.981420 0.064373 0.989786 0.036401 -0.121876
935.000000 1650.680185 -32.267218 -941.108079 0.064189 0.988731 0.035985 -0.130368
936.000000 1649.892236 -32.035090 -942.385980 0.064484 0.987087 0.035703 -0.142223
937.000000 1651.261793 -32.243976 -941.728686 0.065355 0.985164 0.034951 -0.154785
938.000000 1650.453406 -32.130072 -943.021709 0.064393 0.985338 0.035132 -0.154038
939.000000 1649.688266 -32.031706 -944.335480 0.063058 0.985417 0.035651 -0.153965
940.000000 1648.527691 -31.862052 -945.317465 0.064111 0.984236 0.036178 -0.160811
941.000000 1647.091933 -31.726591 -945.814187 0.064453 0.983886 0.036208 -0.162797
942.000000 1645.889836 -31.552271 -946.750605 0.066527 0.982524 0.036856 -0.169888
943.000000 1644.518466 -31.368785 -947.410561 0.065860 0.981415 0.036282 -0.176552
944.000000 1643.107595 -31.171336 -947.981344 0.066141 0.980642 0.035788 -0.180794
945.000000 1641.602089 -30.979030 -948.155210 0.066477 0.980261 0.035859 -0.182712
946.000000 1640.917265 -30.780014 -949.503541 0.066682 0.977653 0.036303 -0.196037
947.000000 1639.465024 -30.631579 -949.981120 0.067121 0.976972 0.036180 -0.199275
948.000000 1638.225925 -30.454065 -950.839867 0.067391 0.974991 0.036587 -0.208598
949.000000 1636.745135 -30.304051 -951.226162 0.067939 0.973779 0.035996 -0.214109
950.000000 1638.134530 -30.477483 -950.639658 0.068047 0.971835 0.034679 -0.222942
951.000000 1639.334816 -30.709711 -949.743591 0.068399 0.969354 0.034738 -0.233382
952.000000 1637.975020 -30.526924 -950.448337 0.068695 0.967734 0.035507 -0.239816
953.000000 1636.683888 -30.336426 -951.223680 0.068413 0.965653 0.036401 -0.248009
954.000000 1636.000207 -30.134689 -952.565831 0.067608 0.961787 0.036904 -0.262741
955.000000 1634.730678 -29.935603 -953.438793 0.066823 0.959322 0.036786 -0.271812
956.000000 1633.301510 -29.761407 -953.941732 0.067493 0.957375 0.035935 -0.278545
957.000000 1632.385843 -29.539635 -955.189682 0.067921 0.953418 0.035311 -0.291776
958.000000 1630.992802 -29.377202 -955.804748 0.067479 0.951937 0.034878 -0.296726
959.000000 1629.684778 -29.176220 -956.580276 0.068566 0.949529 0.035969 -0.303974
960.000000 1628.459555 -29.017128 -957.555929 0.067449 0.947355 0.035268 -0.311007
961.000000 1627.109963 -28.797362 -958.273987 0.066003 0.945249 0.034276 -0.317761
962.000000 1626.072137 -28.590195 -959.408088 0.064990 0.941611 0.033848 -0.328632
963.000000 1624.921362 -28.418048 -960.491061 0.062647 0.938706 0.033044 -0.337365
964.000000 1623.572141 -28.283343 -961.262535 0.063206 0.936443 0.033246 -0.343474
965.000000 1622.406122 -28.094477 -962.298290 0.062833 0.933562 0.031808 -0.351429
966.000000 1621.140630 -27.948775 -963.279795 0.063500 0.930542 0.030954 -0.359306
967.000000 1619.885476 -27.783160 -964.223960 0.062270 0.927558 0.030929 -0.367153
968.000000 1618.716063 -27.620718 -965.329719 0.061361 0.924607 0.030307 -0.374725
969.000000 1617.562475 -27.447020 -966.417603 0.060515 0.921669 0.029501 -0.382092
970.000000 1616.379374 -27.276322 -967.486841 0.059616 0.918427 0.028639 -0.390023
971.000000 1615.195832 -27.101865 -968.594512 0.058854 0.915262 0.028266 -0.397534
972.000000 1614.054549 -26.901206 -969.723879 0.057167 0.911932 0.028419 -0.405345
973.000000 1612.813251 -26.724364 -970.760063 0.055498 0.909314 0.028338 -0.411418
974.000000 1611.535092 -26.584405 -971.788716 0.054082 0.907310 0.028483 -0.415995
975.000000 1610.110039 -26.440772 -972.592152 0.053942 0.906611 0.028589 -0.417528
976.000000 1608.954911 -26.266397 -973.756435 0.052204 0.904106 0.028094 -0.423176
977.000000 1607.697529 -26.132774 -974.843886 0.050863 0.902264 0.027347 -0.427299
978.000000 1606.367549 -26.020809 -975.839491 0.051430 0.901024 0.027614 -0.429824
979.000000 1605.031880 -25.816125 -976.840546 0.050688 0.899051 0.027062 -0.434057
980.000000 1603.781014 -25.683716 -977.944899 0.050213 0.897486 0.026034 -0.437400
981.000000 1602.442695 -25.505716 -978.976872 0.049334 0.896361 0.025315 -0.439843
982.000000 1601.071717 -25.397384 -979.972042 0.048756 0.896153 0.024976 -0.440350
983.000000 1599.760160 -25.265054 -981.043573 0.048532 0.895034 0.024304 -0.442683
984.000000 1598.414630 -25.142240 -982.083303 0.048672 0.893935 0.024014 -0.444899
985.000000 1597.005606 -25.009947 -983.028335 0.048866 0.893565 0.024147 -0.445614
986.000000 1595.669067 -24.892631 -984.078731 0.048829 0.892905 0.023784 -0.446956
987.000000 1594.319240 -24.772900 -985.118731 0.049328 0.892230 0.023513 -0.448262
988.000000 1592.993593 -24.639220 -986.183603 0.049238 0.891955 0.023497 -0.448820
989.000000 1591.640424 -24.525025 -987.217740 0.049188 0.891372 0.023654 -0.449974
990.000000 1590.262015 -24.402104 -988.213007 0.049041 0.891237 0.023776 -0.450251
991.000000 1588.915212 -24.262533 -989.257928 0.048531 0.890757 0.023825 -0.451253
992.000000 1587.536053 -24.155130 -990.259765 0.048496 0.890402 0.023701 -0.451964
993.000000 1586.163457 -24.040502 -991.278019 0.048585 0.890138 0.023874 -0.452463
994.000000 1584.749492 -23.891048 -992.229165 0.048115 0.889811 0.023704 -0.453166
995.000000 1583.362905 -23.752116 -993.222821 0.048001 0.889635 0.023080 -0.453555
996.000000 1581.997743 -23.649041 -994.258209 0.048460 0.889416 0.022691 -0.453956
997.000000 1580.628598 -23.556441 -995.285666 0.049072 0.889019 0.022260 -0.454688
998.000000 1579.233990 -23.446197 -996.274669 0.049830 0.888579 0.022609 -0.455448
999.000000 1577.841668 -23.314451 -997.269148 0.049638 0.888339 0.022917 -0.455922
1000.000000 1576.430710 -23.195264 -998.229399 0.049319 0.888271 0.023136 -0.456078
1001.000000 1574.969756 -23.029103 -999.107553 0.049273 0.888166 0.023036 -0.456292
1002.000000 1573.586449 -22.905185 -1000.090454 0.050068 0.888090 0.022938 -0.456359
1003.000000 1572.288663 -22.765209 -1001.172247 0.050402 0.887210 0.023062 -0.458024
1004.000000 1570.930038 -22.657707 -1002.161732 0.050905 0.886729 0.024380 -0.458830
1005.000000 1569.579729 -22.507173 -1003.147758 0.050608 0.886337 0.025296 -0.459572
1006.000000 1568.195520 -22.375787 -1004.084418 0.050222 0.886018 0.026177 -0.460179
1007.000000 1566.794615 -22.245586 -1004.982323 0.049900 0.885914 0.026327 -0.460405
1008.000000 1565.475538 -22.107873 -1005.985282 0.049130 0.885614 0.026181 -0.461074
1009.000000 1564.102122 -21.971363 -1006.897641 0.047744 0.885388 0.025240 -0.461706
1010.000000 1562.681929 -21.778034 -1007.713215 0.047669 0.884749 0.025292 -0.462933
1011.000000 1561.338421 -21.699216 -1008.631898 0.048653 0.883514 0.025298 -0.465184
1012.000000 1559.996365 -21.591251 -1009.548267 0.048833 0.881616 0.025059 -0.468764
1013.000000 1558.607661 -21.473913 -1010.346641 0.048025 0.881469 0.025148 -0.469119
1014.000000 1557.331345 -21.381186 -1011.292773 0.048670 0.878441 0.024913 -0.474712
1015.000000 1555.984499 -21.239896 -1012.137276 0.049095 0.875976 0.024496 -0.479224
1016.000000 1554.715226 -21.190498 -1013.047642 0.050272 0.872389 0.023640 -0.485646
1017.000000 1553.379461 -21.087445 -1013.869775 0.051571 0.868597 0.023534 -0.492265
1018.000000 1552.545281 -20.897229 -1012.594177 0.051802 0.868761 0.024524 -0.491904
1019.000000 1551.221450 -20.765121 -1013.318299 0.051372 0.864735 0.025124 -0.498963
1020.000000 1549.906115 -20.627817 -1014.104007 0.051098 0.859755 0.025311 -0.507513
1021.000000 1548.590165 -20.511756 -1014.788940 0.050416 0.854504 0.025236 -0.516376
1022.000000 1547.289550 -20.393375 -1015.471372 0.050072 0.848850 0.024807 -0.525672
1023.000000 1545.906461 -20.301473 -1016.071855 0.051116 0.843403 0.023667 -0.534321
1024.000000 1544.589391 -20.198843 -1016.661904 0.050652 0.836791 0.022887 -0.544694
1025.000000 1543.214687 -20.082953 -1017.290355 0.050204 0.829639 0.022921 -0.555566
1026.000000 1541.864622 -19.983274 -1017.841592 0.050280 0.821618 0.022458 -0.567373
1027.000000 1540.516284 -19.874013 -1018.340292 0.049142 0.813469 0.022077 -0.579107
1028.000000 1539.069237 -19.751918 -1018.785918 0.046953 0.805346 0.020884 -0.590574
1029.000000 1537.689491 -19.666564 -1019.173682 0.045904 0.797274 0.020149 -0.601532
1030.000000 1536.291192 -19.547587 -1019.491235 0.043486 0.788881 0.018269 -0.612733
1031.000000 1534.802875 -19.433210 -1019.792687 0.042980 0.779709 0.016797 -0.624439
1032.000000 1533.426455 -19.371058 -1020.163185 0.043338 0.768214 0.014746 -0.638555
1033.000000 1531.916712 -19.271203 -1020.391226 0.042797 0.757267 0.013730 -0.651557
1034.000000 1530.518755 -19.173859 -1020.574628 0.043096 0.745718 0.013656 -0.664726
1035.000000 1529.130208 -19.104738 -1020.739519 0.041987 0.733806 0.013734 -0.677921
1036.000000 1527.612329 -19.002257 -1020.829709 0.040730 0.721781 0.013395 -0.690792
1037.000000 1526.216554 -18.901804 -1020.869437 0.039445 0.709846 0.012326 -0.703143
1038.000000 1524.827487 -18.823007 -1020.889045 -0.038727 -0.697352 -0.011146 0.715595
1039.000000 1523.311424 -18.755142 -1020.829055 -0.038033 -0.684470 -0.010635 0.727971
1040.000000 1521.922969 -18.695878 -1020.792810 -0.038679 -0.670452 -0.009839 0.740879
1041.000000 1520.417113 -18.620046 -1020.626062 -0.038874 -0.656866 -0.009171 0.752949
1042.000000 1519.073170 -18.531177 -1020.313775 -0.037258 -0.646399 -0.008619 0.762041
1043.000000 1517.701018 -18.497144 -1020.149440 -0.035868 -0.632445 -0.008294 0.773730
1044.000000 1516.241597 -18.419146 -1019.795870 -0.034064 -0.619653 -0.007398 0.784101
1045.000000 1514.891015 -18.363131 -1019.501006 -0.032649 -0.605472 -0.006599 0.795169
1046.000000 1513.554672 -18.315878 -1019.162255 -0.030637 -0.591159 -0.005480 0.805954
1047.000000 1512.085596 -18.284673 -1018.866448 -0.029676 -0.576832 -0.004736 0.816310
1048.000000 1510.774051 -18.271562 -1018.426685 -0.027584 -0.562534 -0.002969 0.826308
1049.000000 1510.235533 -18.325170 -1017.036851 -0.027337 -0.561986 -0.003479 0.826688
1050.000000 1508.868439 -18.239025 -1016.852519 -0.024824 -0.546936 -0.004143 0.836796
1051.000000 1507.573850 -18.187434 -1016.331327 -0.023932 -0.533368 -0.003445 0.845538
1052.000000 1506.217009 -18.143882 -1015.732496 -0.023608 -0.520470 -0.001731 0.853552
1053.000000 1505.625113 -18.194909 -1014.459429 -0.024102 -0.521922 -0.000748 0.852653
1054.000000 1505.221085 -18.256862 -1013.116876 -0.023847 -0.522959 -0.000082 0.852024
1055.000000 1505.028255 -18.358769 -1011.649065 -0.024147 -0.527947 0.000237 0.848934
1056.000000 1504.632847 -18.429963 -1010.301308 -0.023870 -0.533808 -0.000120 0.845269
1057.000000 1504.093299 -18.489541 -1009.000969 -0.024694 -0.532153 0.000001 0.846288
1058.000000 1503.747683 -18.553676 -1007.542121 -0.027104 -0.532867 0.001245 0.845764
1059.000000 1502.545499 -18.455901 -1008.283695 -0.027348 -0.506171 0.000301 0.862000
1060.000000 1501.778010 -18.502961 -1006.995935 -0.025476 -0.504145 -0.002220 0.863240
1061.000000 1501.365229 -18.547484 -1005.656519 -0.021592 -0.503907 -0.005726 0.863469
1062.000000 1500.483260 -18.575797 -1004.545087 -0.019930 -0.503113 -0.005613 0.863972
1063.000000 1499.601993 -18.573971 -1003.323631 -0.021342 -0.503554 -0.003504 0.863693
1064.000000 1498.351223 -18.517017 -1002.615000 -0.023312 -0.489167 -0.000767 0.871878
1065.000000 1497.134464 -18.487925 -1001.854496 -0.023391 -0.474385 0.000997 0.880006
1066.000000 1495.925849 -18.440307 -1000.965307 -0.021652 -0.459601 0.000502 0.887861
1067.000000 1494.846876 -18.333123 -1001.904348 -0.016621 -0.424347 -0.000522 0.905347
1068.000000 1493.494730 -18.291911 -1002.555986 -0.010542 -0.348824 0.000936 0.937129
1069.000000 1492.131176 -18.252710 -1003.037611 -0.008393 -0.323967 0.000640 0.946031
1070.000000 1490.873251 -18.200999 -1003.755197 -0.005578 -0.262199 0.001120 0.964997
1071.000000 1489.395012 -18.171968 -1004.016438 -0.002385 -0.181107 0.003555 0.983454
1072.000000 1488.332123 -18.079247 -1005.006582 -0.003020 -0.170651 0.001533 0.985326
1073.000000 1486.908564 -18.091209 -1004.656182 -0.001479 -0.130061 0.001384 0.991504
1074.000000 1485.449797 -17.995628 -1005.014351 0.002509 -0.068057 0.002910 0.997674
1075.000000 1483.967628 -17.972045 -1005.019694 0.003589 -0.022218 0.003143 0.999742
1076.000000 1485.381871 -18.153165 -1004.508763 0.001050 -0.027448 0.002609 0.999619
1077.000000 1483.894811 -18.121644 -1004.288873 0.000722 0.003235 0.003580 0.999988
1078.000000 1482.392874 -18.079962 -1004.119283 0.001045 0.037403 0.005240 0.999286
1079.000000 1480.884126 -18.055257 -1003.877176 0.001822 0.064624 0.006517 0.997887
1080.000000 1479.405159 -18.072281 -1003.503234 0.002691 0.100506 0.008391 0.994897
1081.000000 1477.884362 -17.942089 -1003.346738 0.006208 0.135711 0.011607 0.990661
1082.000000 1476.550784 -17.944457 -1002.568722 0.006851 0.160039 0.013580 0.986993
1083.000000 1475.324215 -18.014832 -1001.584128 0.005621 0.186589 0.014723 0.982312
1084.000000 1473.921935 -17.903518 -1000.934331 0.006991 0.221879 0.016854 0.974904
1085.000000 1472.433728 -17.783113 -1000.442253 0.009122 0.249301 0.018741 0.968202
1086.000000 1473.410538 -17.878877 -999.208595 0.010057 0.254895 0.018163 0.966746
1087.000000 1471.988482 -17.840663 -998.507265 0.011270 0.283767 0.021726 0.958581
1088.000000 1470.965446 -17.924388 -997.271186 0.010422 0.305891 0.023164 0.951728
1089.000000 1469.901606 -17.909125 -996.056327 0.011292 0.324747 0.023294 0.945447
1090.000000 1470.836984 -17.919405 -994.754904 0.011228 0.326992 0.023227 0.944675
1091.000000 1471.884700 -17.944862 -993.522698 0.011503 0.328165 0.023069 0.944269
1092.000000 1473.194765 -18.075483 -992.547745 0.009655 0.323837 0.022441 0.945797
1093.000000 1474.266957 -18.106807 -991.297367 0.008117 0.324277 0.021947 0.945673
1094.000000 1475.369754 -18.131171 -990.052117 0.007196 0.324327 0.021989 0.945662
1095.000000 1476.448680 -18.169448 -988.797412 0.007151 0.324697 0.021793 0.945540
1096.000000 1477.383853 -18.186111 -987.414904 0.007687 0.325838 0.021810 0.945143
1097.000000 1478.478870 -18.208265 -986.138016 0.008287 0.325955 0.021921 0.945095
1098.000000 1479.595259 -18.239743 -984.827534 0.008953 0.325407 0.021443 0.945288
1099.000000 1481.164266 -18.417928 -984.312821 0.006704 0.316682 0.020855 0.948279
1100.000000 1482.201764 -18.423479 -982.950576 0.004927 0.317392 0.020701 0.948056
