1.000000 0.000000 0.000000 0.000000 0.000598 0.008456 -0.000334 0.999964
2.000000 0.000000 0.000000 0.000000 0.000510 0.018141 -0.001306 0.999834
3.000000 -0.068595 -0.003618 1.268282 -0.000326 0.030538 -0.001890 0.999532
4.000000 -0.038307 0.017291 1.443176 -0.001133 0.047161 -0.001507 0.998886
5.000000 0.006882 0.004953 1.630606 -0.002636 0.065576 -0.000103 0.997844
6.000000 0.044491 0.015316 1.835120 -0.002999 0.085718 0.000880 0.996315
7.000000 0.129412 0.006593 2.037906 -0.003735 0.107659 0.000928 0.994180
8.000000 0.215318 0.008291 2.255736 -0.005363 0.131879 0.000319 0.991251
9.000000 0.323489 0.014257 2.479559 -0.009045 0.155782 0.001282 0.987749
10.000000 0.495533 0.005531 2.681301 -0.013715 0.179708 0.004160 0.983616
11.000000 0.639418 0.017851 2.909900 -0.015988 0.206053 0.006170 0.978391
12.000000 0.688390 -0.008425 2.636613 -0.017176 0.235548 0.005904 0.971693
13.000000 0.980159 -0.017862 2.597399 -0.019236 0.261510 0.006156 0.964989
14.000000 1.189606 -0.028326 2.819983 -0.021667 0.289690 0.008183 0.956840
15.000000 1.419508 0.016415 3.034933 -0.023139 0.317465 0.011892 0.947913
16.000000 1.633256 0.058649 3.286466 -0.024023 0.345122 0.014039 0.938145
17.000000 1.916159 0.082576 3.485354 -0.024762 0.371152 0.017134 0.928084
18.000000 2.217189 0.029581 3.687441 -0.025579 0.397290 0.018074 0.917158
19.000000 2.546297 0.055745 3.882227 -0.025794 0.422335 0.017820 0.905897
20.000000 2.887909 0.094065 4.096692 -0.025674 0.444887 0.019354 0.895009
21.000000 3.231043 0.155088 4.343110 -0.025277 0.466723 0.021442 0.883782
22.000000 3.641448 0.146979 4.524984 -0.026592 0.485919 0.021229 0.873341
23.000000 3.816815 0.186949 4.962611 -0.025511 0.510352 0.022597 0.859290
24.000000 4.244809 0.217924 5.208584 -0.024581 0.528068 0.024443 0.848494
25.000000 4.688704 0.242390 5.472872 -0.023857 0.543922 0.027383 0.838350
26.000000 5.189152 0.269722 5.680612 -0.023268 0.556757 0.030490 0.829789
27.000000 5.717315 0.341032 5.880699 -0.021652 0.567338 0.033203 0.822531
28.000000 6.270586 0.376821 6.094132 -0.021383 0.575715 0.034450 0.816644
29.000000 6.856005 0.414987 6.302236 -0.021818 0.581585 0.035309 0.812426
30.000000 7.470091 0.467078 6.497484 -0.022441 0.585875 0.035973 0.809291
31.000000 8.093354 0.485085 6.746430 -0.023479 0.591191 0.034428 0.805454
32.000000 8.774322 0.517566 6.889831 -0.024539 0.594264 0.033481 0.803198
33.000000 9.473491 0.554345 7.040721 -0.024803 0.597479 0.032377 0.800846
34.000000 10.184835 0.599641 7.234620 -0.025315 0.601282 0.031334 0.798021
35.000000 10.895935 0.654916 7.488358 -0.025229 0.606227 0.030990 0.794287
36.000000 11.638904 0.698857 7.700195 -0.026088 0.610626 0.031169 0.790875
37.000000 12.415822 0.750033 7.844476 -0.026962 0.613933 0.030213 0.788319
38.000000 13.189778 0.797117 8.039366 -0.028304 0.618263 0.028979 0.784927
39.000000 13.965091 0.871301 8.244478 -0.029132 0.624228 0.028247 0.780188
40.000000 14.755329 0.895612 8.419231 -0.030844 0.629106 0.027568 0.776218
41.000000 15.551542 0.931324 8.564672 -0.030639 0.633929 0.026964 0.772313
42.000000 16.354908 0.988588 8.697114 -0.030234 0.638171 0.027527 0.768808
43.000000 17.165036 1.041945 8.812892 -0.029317 0.643638 0.028543 0.764236
44.000000 17.972133 1.112781 8.955399 -0.027260 0.651621 0.028959 0.757501
45.000000 18.793596 1.156539 9.048862 -0.025818 0.660818 0.028703 0.749553
46.000000 19.618244 1.192998 9.126726 -0.025184 0.671529 0.027805 0.740028
47.000000 20.446049 1.267272 9.212559 -0.023383 0.683856 0.028365 0.728690
48.000000 21.281427 1.311012 9.246426 -0.022565 0.696282 0.029011 0.716827
49.000000 22.119024 1.354266 9.255096 -0.021975 0.707763 0.029812 0.705478
50.000000 22.958812 1.383816 9.219401 -0.021289 0.718362 0.030979 0.694653
51.000000 23.798572 1.431536 9.193273 -0.019005 0.729868 0.031759 0.682585
52.000000 24.633764 1.485719 9.095580 -0.018654 0.740408 0.035244 0.670974
53.000000 25.469060 1.520400 8.977979 -0.019324 0.750950 0.038862 0.658931
54.000000 26.299804 1.579308 8.858065 -0.018898 0.760996 0.042964 0.647057
55.000000 27.128615 1.637244 8.706546 -0.018620 0.770309 0.045930 0.635742
56.000000 27.956206 1.696435 8.514791 -0.019850 0.779536 0.050102 0.624034
57.000000 28.771993 1.750438 8.302870 -0.019221 0.787194 0.056313 0.613828
58.000000 29.569162 1.810744 8.059899 -0.016036 0.794722 0.063679 0.603411
59.000000 30.362448 1.881260 7.825887 -0.010500 0.801638 0.070725 0.593519
60.000000 31.153118 1.970242 7.603659 -0.004606 0.809083 0.077065 0.582601
61.000000 31.920912 2.066276 7.295263 -0.001686 0.815940 0.082157 0.572267
62.000000 32.711267 2.168049 7.050283 -0.000251 0.823326 0.084319 0.561270
63.000000 33.459261 2.286265 6.699987 -0.000527 0.829842 0.085109 0.551470
64.000000 34.217212 2.398926 6.369613 -0.002292 0.835942 0.083545 0.542417
65.000000 34.974726 2.493505 6.046057 -0.006478 0.841498 0.083923 0.533662
66.000000 35.721506 2.595557 5.716734 -0.006519 0.845802 0.084060 0.526792
67.000000 36.443090 2.693316 5.357207 -0.007060 0.849218 0.086310 0.520893
68.000000 37.142037 2.798623 4.973650 -0.005753 0.851874 0.087013 0.516436
69.000000 37.837744 2.898364 4.590255 -0.002000 0.854476 0.086728 0.512197
70.000000 38.536079 3.001896 4.206580 -0.001899 0.857501 0.086257 0.507197
71.000000 39.234855 3.101825 3.820548 -0.001403 0.860296 0.086443 0.502412
72.000000 39.920082 3.234113 3.408828 -0.000826 0.862162 0.087907 0.498948
73.000000 40.648912 3.353726 3.046150 0.000631 0.863840 0.089236 0.495798
74.000000 41.370799 3.505647 2.646928 0.001982 0.863580 0.090882 0.495950
75.000000 42.128425 3.575916 2.250082 -0.001078 0.862786 0.090399 0.497421
76.000000 42.903429 3.728826 1.870760 -0.000148 0.861373 0.090058 0.499927
77.000000 43.679284 3.867424 1.453266 0.000078 0.859058 0.089789 0.503941
78.000000 44.486808 3.979070 1.052043 0.000338 0.857295 0.088745 0.507118
79.000000 45.309612 4.093245 0.645418 0.000235 0.855811 0.088500 0.509661
80.000000 46.113723 4.262015 0.183288 0.002251 0.853143 0.088205 0.514161
81.000000 46.958178 4.376153 -0.261446 0.003370 0.852535 0.086545 0.515445
82.000000 47.834652 4.479357 -0.679795 0.003359 0.853142 0.084843 0.514723
83.000000 48.722947 4.607475 -1.098782 0.004419 0.853537 0.083699 0.514247
84.000000 49.610271 4.743455 -1.542188 0.004723 0.853880 0.083611 0.513688
85.000000 50.516563 4.866178 -1.987690 0.004407 0.854267 0.083433 0.513076
86.000000 51.415975 5.016238 -2.464386 0.006615 0.854252 0.082492 0.513229
87.000000 52.329687 5.144452 -2.932884 0.008085 0.854777 0.082078 0.512401
88.000000 53.258660 5.268024 -3.386733 0.009278 0.855207 0.081324 0.511782
89.000000 54.178966 5.387550 -3.853317 0.009923 0.855105 0.080851 0.512017
90.000000 55.103200 5.504683 -4.308628 0.010596 0.854791 0.080390 0.512598
91.000000 56.011310 5.605078 -4.794605 0.009209 0.854392 0.079568 0.513419
92.000000 56.927683 5.698323 -5.265358 0.007291 0.853941 0.078045 0.514433
93.000000 57.829318 5.820200 -5.752068 0.006265 0.852553 0.078044 0.516743
94.000000 58.761203 5.924217 -6.171233 0.005507 0.852309 0.077939 0.517170
95.000000 59.675580 6.040312 -6.620902 0.006925 0.851363 0.077915 0.518713
96.000000 60.567362 6.138158 -7.113505 0.005179 0.850574 0.078443 0.519946
97.000000 61.465675 6.261670 -7.570407 0.006832 0.850651 0.079044 0.519710
98.000000 62.357372 6.364984 -8.036708 0.007884 0.850894 0.080015 0.519148
99.000000 63.251699 6.473886 -8.484433 0.009849 0.852244 0.079869 0.516917
100.000000 64.139626 6.574399 -8.949873 0.008746 0.853784 0.078836 0.514549
101.000000 65.024681 6.669009 -9.412217 0.007041 0.855476 0.077460 0.511968
102.000000 65.913572 6.769280 -9.849572 0.008742 0.857634 0.075952 0.508545
103.000000 66.782276 6.856208 -10.312801 0.008314 0.859396 0.077558 0.505327
104.000000 67.641189 6.946318 -10.781045 0.009129 0.860726 0.077611 0.503035
105.000000 68.504053 7.047027 -11.238033 0.010750 0.862271 0.077823 0.500316
106.000000 69.354372 7.148645 -11.707050 0.012020 0.863254 0.077672 0.498613
107.000000 70.204182 7.250164 -12.172408 0.011873 0.864456 0.076707 0.496681
108.000000 71.050428 7.357177 -12.652749 0.009578 0.865325 0.072892 0.495790
109.000000 71.894199 7.460975 -13.132288 0.008241 0.866556 0.068426 0.494299
110.000000 72.735716 7.561305 -13.602035 0.007420 0.867182 0.068049 0.493264
111.000000 73.526465 7.661932 -14.124131 0.009268 0.866280 0.070635 0.494453
112.000000 74.357936 7.752743 -14.571711 0.011439 0.867220 0.073406 0.492352
113.000000 75.172127 7.849814 -15.054094 0.009740 0.867391 0.075155 0.491823
114.000000 75.996250 7.929041 -15.524147 0.006929 0.867828 0.075414 0.491059
115.000000 76.827299 8.016047 -15.977728 0.006956 0.868524 0.072984 0.490194
116.000000 77.650922 8.117079 -16.438807 0.006759 0.868901 0.070200 0.489936
117.000000 78.470062 8.220052 -16.907479 0.007376 0.868952 0.067765 0.490179
118.000000 79.291459 8.292257 -17.361390 0.011227 0.869074 0.064774 0.490294
119.000000 80.088872 8.376351 -17.853271 0.013653 0.867734 0.063189 0.492807
120.000000 80.908678 8.447975 -18.303242 0.011535 0.867889 0.063607 0.492534
121.000000 81.724770 8.527343 -18.750850 0.010891 0.867688 0.065100 0.492708
122.000000 82.537213 8.614480 -19.196387 0.010883 0.866212 0.066377 0.495128
123.000000 83.351462 8.688202 -19.643121 0.008190 0.864473 0.067457 0.498066
124.000000 84.156949 8.778187 -20.108164 0.004619 0.862057 0.069131 0.502052
125.000000 84.944361 8.876144 -20.589984 0.005450 0.858094 0.068929 0.508816
126.000000 85.767231 8.965939 -21.015554 0.005562 0.854563 0.067833 0.514869
127.000000 86.594768 9.053786 -21.429760 0.003875 0.851352 0.066979 0.520288
128.000000 87.428598 9.127676 -21.818303 0.003284 0.848213 0.066152 0.525497
129.000000 88.266360 9.214593 -22.205305 0.002397 0.844645 0.065904 0.531250
130.000000 89.084361 9.299838 -22.618633 0.001359 0.840091 0.066632 0.538336
131.000000 89.922369 9.395458 -22.977283 0.003752 0.836183 0.068436 0.544151
132.000000 90.746224 9.482967 -23.349602 0.004401 0.831816 0.072901 0.550226
133.000000 91.590699 9.595311 -23.671431 0.007556 0.827802 0.074421 0.556012
134.000000 92.443082 9.688993 -23.996268 0.007756 0.824135 0.072637 0.561664
135.000000 93.290634 9.766144 -24.336839 0.006056 0.819833 0.071104 0.568138
136.000000 94.143329 9.845029 -24.639669 0.007494 0.816203 0.071356 0.573293
137.000000 94.996333 9.920486 -24.922455 0.010541 0.813097 0.073077 0.577427
138.000000 95.851757 9.995113 -25.199881 0.013593 0.811096 0.075061 0.579917
139.000000 96.717097 10.065043 -25.456643 0.014427 0.810618 0.075584 0.580497
140.000000 97.576019 10.141195 -25.735744 0.014486 0.809049 0.075280 0.582721
141.000000 98.431833 10.223409 -26.011502 0.015118 0.806858 0.074974 0.585773
142.000000 99.294512 10.302760 -26.278595 0.014726 0.804846 0.073036 0.588789
143.000000 100.162312 10.380787 -26.538734 0.014143 0.803122 0.071535 0.591336
144.000000 101.031615 10.447221 -26.774296 0.013826 0.801711 0.069636 0.593480
145.000000 101.900856 10.511033 -26.997631 0.016957 0.800359 0.068412 0.595364
146.000000 102.766971 10.586311 -27.217565 0.021657 0.798193 0.067943 0.598166
147.000000 103.624384 10.637214 -27.460850 0.021241 0.795819 0.070772 0.601010
148.000000 104.488165 10.682732 -27.690578 0.019711 0.793653 0.072336 0.603734
149.000000 105.360851 10.753290 -27.891351 0.020485 0.792190 0.071470 0.605729
150.000000 106.233886 10.818586 -28.107938 0.019671 0.790007 0.069722 0.608803
151.000000 107.111213 10.878402 -28.312406 0.018572 0.787822 0.068569 0.611793
152.000000 107.986097 10.935343 -28.485843 0.020442 0.785902 0.070100 0.614025
153.000000 108.860664 10.997073 -28.666520 0.020143 0.783870 0.071839 0.616426
154.000000 109.736591 11.048702 -28.845097 0.020788 0.782322 0.071170 0.618445
155.000000 110.613297 11.096519 -29.039554 0.019540 0.780196 0.070900 0.621196
156.000000 111.484618 11.162945 -29.244511 0.017047 0.777172 0.072232 0.624896
157.000000 112.360677 11.225592 -29.423907 0.015945 0.774663 0.072588 0.627992
158.000000 113.241550 11.303166 -29.567356 0.016631 0.773021 0.072932 0.629955
159.000000 114.116848 11.372870 -29.744049 0.018723 0.770366 0.071570 0.633295
160.000000 115.003135 11.426234 -29.868479 0.020091 0.768995 0.069358 0.635164
161.000000 115.878053 11.476880 -30.056561 0.017962 0.767414 0.070378 0.637025
162.000000 116.760743 11.544425 -30.191373 0.017683 0.765998 0.071555 0.638604
163.000000 117.634910 11.618044 -30.355991 0.017732 0.764352 0.072292 0.640489
164.000000 118.517750 11.678742 -30.513051 0.014270 0.762251 0.073277 0.642962
165.000000 119.394061 11.781442 -30.670585 0.011381 0.760348 0.075377 0.645027
166.000000 120.272982 11.866536 -30.802207 0.011412 0.758610 0.076233 0.646969
167.000000 121.152826 11.931480 -30.934434 0.011863 0.757072 0.076721 0.648703
168.000000 122.027296 12.011082 -31.064580 0.013217 0.755807 0.077114 0.650104
169.000000 122.904990 12.085702 -31.194986 0.013818 0.754485 0.076567 0.651690
170.000000 123.782742 12.178535 -31.306769 0.015081 0.753729 0.076598 0.652532
171.000000 124.664530 12.250638 -31.390353 0.013610 0.754584 0.075289 0.651728
172.000000 125.548832 12.313601 -31.502998 0.013114 0.754204 0.072174 0.652529
173.000000 126.421506 12.373411 -31.633270 0.011335 0.753881 0.072549 0.652895
174.000000 127.284129 12.441330 -31.755342 0.013242 0.752407 0.074625 0.654324
175.000000 128.144214 12.509943 -31.880011 0.014185 0.751919 0.076511 0.654647
176.000000 129.003805 12.597591 -32.006710 0.015716 0.750902 0.076695 0.655757
177.000000 129.866495 12.674138 -32.117590 0.016366 0.750739 0.076423 0.655959
178.000000 130.728321 12.724113 -32.223079 0.014693 0.750884 0.077787 0.655673
179.000000 131.580257 12.786447 -32.341807 0.016166 0.750218 0.078283 0.656341
180.000000 132.433560 12.845236 -32.414279 0.019883 0.750278 0.076959 0.656327
181.000000 133.277290 12.913277 -32.516752 0.023536 0.749551 0.076255 0.657118
182.000000 134.120345 12.955665 -32.616396 0.022850 0.749088 0.077711 0.657500
183.000000 134.961483 13.003411 -32.686454 0.022588 0.749299 0.078166 0.657214
184.000000 135.788175 13.065479 -32.801446 0.023033 0.748347 0.079365 0.658139
185.000000 136.623196 13.119379 -32.894824 0.019006 0.748136 0.080795 0.658334
186.000000 137.448234 13.181050 -32.992013 0.015069 0.747547 0.081169 0.659059
187.000000 138.276687 13.241757 -33.100150 0.010876 0.747091 0.080806 0.659702
188.000000 139.090299 13.308065 -33.211643 0.007617 0.745825 0.082750 0.660939
189.000000 139.898587 13.371252 -33.298494 0.008421 0.743913 0.084627 0.662843
190.000000 140.701312 13.455462 -33.376111 0.009433 0.741934 0.086036 0.664863
191.000000 141.501470 13.537491 -33.457763 0.008938 0.739324 0.085998 0.667775
192.000000 142.307598 13.609524 -33.506770 0.006198 0.737113 0.084395 0.670450
193.000000 143.109097 13.685842 -33.524331 0.005757 0.734216 0.083647 0.673719
194.000000 143.901146 13.758252 -33.563436 0.004292 0.729509 0.085797 0.678555
195.000000 144.690729 13.839356 -33.586509 0.004443 0.724994 0.086210 0.683324
196.000000 145.479685 13.917121 -33.613322 0.002565 0.719971 0.087284 0.688489
197.000000 146.257814 13.985369 -33.649584 0.000201 0.714455 0.088862 0.694015
198.000000 147.029381 14.055841 -33.655036 0.001680 0.709199 0.091037 0.699104
199.000000 147.789526 14.124449 -33.609832 0.006580 0.704985 0.091384 0.703279
200.000000 148.547186 14.192930 -33.576433 0.009178 0.699944 0.093164 0.708036
201.000000 149.311114 14.271209 -33.549559 0.008802 0.695169 0.093026 0.712748
202.000000 150.075872 14.349846 -33.485132 0.009306 0.691595 0.089580 0.716648
203.000000 150.833727 14.413846 -33.422547 0.009106 0.687788 0.087596 0.720550
204.000000 151.575308 14.475766 -33.329852 0.013902 0.685168 0.087546 0.722971
205.000000 152.313397 14.535700 -33.251204 0.018469 0.682789 0.088529 0.724997
206.000000 153.056608 14.603323 -33.182057 0.021076 0.681915 0.088305 0.725775
207.000000 153.809591 14.661995 -33.101438 0.020500 0.682411 0.085257 0.725690
208.000000 154.564462 14.716206 -33.070576 0.020107 0.682252 0.082577 0.726160
209.000000 155.316300 14.763291 -33.004019 0.018600 0.684119 0.082025 0.724505
210.000000 156.063572 14.814607 -32.969772 0.017906 0.684604 0.082529 0.724007
211.000000 156.807976 14.860251 -32.925901 0.017151 0.685774 0.083056 0.722857
212.000000 157.559756 14.903955 -32.892331 0.016756 0.686626 0.081746 0.722207
213.000000 158.305057 14.950320 -32.838544 0.017122 0.688721 0.081370 0.720242
214.000000 159.049724 15.010766 -32.798673 0.017749 0.690781 0.080231 0.718380
215.000000 159.794110 15.062729 -32.771453 0.017109 0.692543 0.079796 0.716745
216.000000 160.528261 15.109202 -32.755896 0.016725 0.693894 0.079685 0.715459
217.000000 161.258558 15.148129 -32.711958 0.017402 0.696371 0.079330 0.713072
218.000000 161.985573 15.188299 -32.691706 0.018094 0.697102 0.079504 0.712320
219.000000 162.705702 15.234637 -32.662884 0.018831 0.698098 0.080664 0.711194
220.000000 163.419992 15.286992 -32.657059 0.018161 0.698478 0.082506 0.710628
221.000000 164.138161 15.346299 -32.633441 0.017007 0.698522 0.082688 0.710592
222.000000 164.854322 15.403701 -32.626150 0.014602 0.697110 0.082615 0.712038
223.000000 165.562245 15.446586 -32.584668 0.013489 0.694832 0.083178 0.714218
224.000000 166.261288 15.488838 -32.546209 0.011060 0.690587 0.084715 0.718186
225.000000 166.953590 15.546684 -32.484870 0.009524 0.685458 0.085994 0.722953
226.000000 167.639689 15.604800 -32.403932 0.008141 0.681444 0.085401 0.726825
227.000000 168.319920 15.651588 -32.313038 0.006310 0.675846 0.082518 0.732381
228.000000 168.996279 15.709767 -32.213744 0.004817 0.670337 0.079597 0.737760
229.000000 169.671853 15.765045 -32.147657 0.000687 0.663542 0.077483 0.744116
230.000000 170.333903 15.815986 -32.026191 -0.002451 0.657569 0.074963 0.749652
231.000000 170.992507 15.859629 -31.924138 -0.005520 0.650334 0.072270 0.756183
232.000000 171.640677 15.902120 -31.825674 -0.007573 0.643233 0.070913 0.762342
233.000000 172.269528 15.950199 -31.646154 -0.008046 0.637988 0.070261 0.766792
234.000000 172.889515 16.003310 -31.501253 -0.008591 0.631399 0.070265 0.772221
235.000000 173.509261 16.056701 -31.344190 -0.007767 0.624782 0.066979 0.777883
236.000000 174.126055 16.103421 -31.196882 -0.009181 0.618204 0.064343 0.783326
237.000000 174.740229 16.145415 -31.036042 -0.012481 0.613218 0.064870 0.787147
238.000000 175.346921 16.186355 -30.868059 -0.013998 0.608823 0.065417 0.790480
239.000000 175.934193 16.219805 -30.666472 -0.012635 0.605961 0.065150 0.792721
240.000000 176.520301 16.248070 -30.484378 -0.010084 0.601792 0.065178 0.795925
241.000000 177.100586 16.283282 -30.308568 -0.007297 0.597117 0.068581 0.799183
242.000000 177.681534 16.327284 -30.126713 -0.006627 0.593516 0.072845 0.801491
243.000000 178.264007 16.377238 -29.934050 -0.007446 0.590941 0.072173 0.803445
244.000000 178.864533 16.435292 -29.757247 -0.010129 0.588234 0.068861 0.805690
245.000000 179.456496 16.470982 -29.540378 -0.014350 0.587624 0.063436 0.806516
246.000000 180.065434 16.509083 -29.375531 -0.018111 0.585989 0.060751 0.807836
247.000000 180.649852 16.540846 -29.164381 -0.019080 0.585999 0.061494 0.807750
248.000000 181.232086 16.590692 -28.959004 -0.018997 0.585240 0.064048 0.808103
249.000000 181.817917 16.649395 -28.763424 -0.020191 0.584965 0.065820 0.808131
250.000000 182.405665 16.712857 -28.561566 -0.021098 0.584250 0.064949 0.808696
251.000000 182.998666 16.790722 -28.369574 -0.022407 0.582378 0.064425 0.810051
252.000000 183.595699 16.839306 -28.145298 -0.024686 0.582163 0.062521 0.810289
253.000000 184.196575 16.896481 -27.924640 -0.026253 0.581035 0.063023 0.811010
254.000000 184.790739 16.966275 -27.680382 -0.027088 0.579270 0.062662 0.812272
255.000000 185.398222 17.022268 -27.461097 -0.029292 0.575908 0.062706 0.814580
256.000000 185.995082 17.088638 -27.221424 -0.030246 0.571762 0.062748 0.817457
257.000000 186.603676 17.158485 -27.013538 -0.029866 0.565690 0.062280 0.821720
258.000000 187.198324 17.217922 -26.760893 -0.028499 0.560674 0.062098 0.825213
259.000000 187.806052 17.283184 -26.523309 -0.027557 0.554813 0.062286 0.829183
260.000000 188.423778 17.355369 -26.282109 -0.028767 0.548117 0.063281 0.833508
261.000000 189.036576 17.426241 -26.004774 -0.031005 0.543015 0.062882 0.836791
262.000000 189.642578 17.493729 -25.716993 -0.032003 0.537407 0.061912 0.840438
263.000000 190.250929 17.562734 -25.434276 -0.032425 0.531454 0.060371 0.844311
264.000000 190.842004 17.634901 -25.091149 -0.032799 0.528502 0.057260 0.846364
265.000000 191.444785 17.702008 -24.763105 -0.032191 0.525502 0.054984 0.848403
266.000000 192.057061 17.761440 -24.418900 -0.033251 0.524372 0.053792 0.849138
267.000000 192.691400 17.823039 -24.095516 -0.035635 0.523404 0.054315 0.849605
268.000000 193.316790 17.884747 -23.765995 -0.035634 0.523064 0.057033 0.849636
269.000000 193.937921 17.941960 -23.406819 -0.036042 0.525223 0.057101 0.848282
270.000000 194.580389 18.005493 -23.064379 -0.036469 0.526193 0.059259 0.847514
271.000000 195.254800 18.080303 -22.754883 -0.038022 0.525421 0.061112 0.847793
272.000000 195.909183 18.183085 -22.407987 -0.040228 0.526618 0.061691 0.846906
273.000000 196.576900 18.268936 -22.075050 -0.041757 0.526391 0.061121 0.847014
274.000000 197.256695 18.350539 -21.766632 -0.043846 0.525655 0.061525 0.847337
275.000000 197.904790 18.439773 -21.393538 -0.043361 0.527418 0.061054 0.846299
276.000000 198.556759 18.544737 -21.034265 -0.042289 0.528536 0.059583 0.845760
277.000000 199.219540 18.631320 -20.699799 -0.041418 0.528796 0.060175 0.845600
278.000000 199.886790 18.741418 -20.380831 -0.038748 0.528342 0.062566 0.845836
279.000000 200.542622 18.841057 -20.043419 -0.035888 0.528720 0.064432 0.845586
280.000000 201.201929 18.935359 -19.708597 -0.034613 0.528634 0.064354 0.845699
281.000000 201.872708 19.022120 -19.383987 -0.035072 0.529445 0.063016 0.845273
282.000000 202.529370 19.099453 -19.034441 -0.036062 0.530350 0.061009 0.844811
283.000000 203.193584 19.172478 -18.698423 -0.035010 0.531846 0.058779 0.844073
284.000000 203.862126 19.248537 -18.371531 -0.033922 0.534061 0.056768 0.842856
285.000000 204.531167 19.328407 -18.056557 -0.034096 0.536929 0.057206 0.840995
286.000000 205.197394 19.394977 -17.729394 -0.033350 0.541733 0.057437 0.837922
287.000000 205.868237 19.448737 -17.425524 -0.033204 0.546476 0.058789 0.834749
288.000000 206.548401 19.535725 -17.138960 -0.031033 0.550906 0.059757 0.831847
289.000000 207.226322 19.611837 -16.843435 -0.030107 0.556541 0.058255 0.828228
290.000000 207.925194 19.681933 -16.586388 -0.034628 0.560964 0.058828 0.825021
291.000000 208.615539 19.752705 -16.308569 -0.039045 0.565096 0.058734 0.822005
292.000000 209.300406 19.839342 -16.035638 -0.041301 0.568475 0.057940 0.819618
293.000000 209.977810 19.937215 -15.743392 -0.039962 0.571604 0.056155 0.817630
294.000000 210.675793 20.020915 -15.500288 -0.040953 0.572268 0.056250 0.817110
295.000000 211.378235 20.105696 -15.244380 -0.041464 0.573150 0.056692 0.816435
296.000000 212.076889 20.186032 -14.986443 -0.040011 0.573182 0.056953 0.816467
297.000000 212.775176 20.274191 -14.713546 -0.038574 0.573342 0.056233 0.816474
298.000000 213.474603 20.354007 -14.428493 -0.038854 0.573317 0.055271 0.816543
299.000000 214.170139 20.447980 -14.134032 -0.038332 0.572897 0.053890 0.816955
300.000000 214.879165 20.542081 -13.867508 -0.039367 0.571648 0.055266 0.817689
301.000000 215.592211 20.615181 -13.595892 -0.040591 0.571040 0.056228 0.817988
302.000000 216.310064 20.702118 -13.317330 -0.041717 0.569860 0.056019 0.818768
303.000000 217.026814 20.794466 -13.034105 -0.042591 0.568078 0.055145 0.820020
304.000000 217.744550 20.875195 -12.728963 -0.043545 0.566747 0.051970 0.821097
305.000000 218.464973 20.962283 -12.436907 -0.045057 0.565341 0.049860 0.822115
306.000000 219.192464 21.035228 -12.147184 -0.045154 0.563329 0.048360 0.823579
307.000000 219.913633 21.108608 -11.838614 -0.042965 0.562445 0.047336 0.824360
308.000000 220.635950 21.194945 -11.532803 -0.039614 0.560342 0.046855 0.825985
309.000000 221.358821 21.281416 -11.221198 -0.037247 0.558610 0.045172 0.827361
310.000000 222.081970 21.345145 -10.891916 -0.037182 0.557030 0.043808 0.828502
311.000000 222.804990 21.409921 -10.569366 -0.036046 0.556051 0.043586 0.829221
312.000000 223.540009 21.492429 -10.263821 -0.034689 0.553763 0.044788 0.830745
313.000000 224.272396 21.573331 -9.948124 -0.034077 0.551344 0.045112 0.832360
314.000000 225.006941 21.637944 -9.638568 -0.035194 0.549356 0.044723 0.833648
315.000000 225.733282 21.702077 -9.323247 -0.036180 0.547061 0.046879 0.834995
316.000000 226.450672 21.770381 -9.001829 -0.036801 0.544889 0.048315 0.836306
317.000000 227.161489 21.849384 -8.664775 -0.036009 0.543712 0.048441 0.837099
318.000000 227.875150 21.927642 -8.322270 -0.036057 0.542102 0.046181 0.838268
319.000000 228.585636 22.004549 -7.983060 -0.036184 0.539913 0.044889 0.839744
320.000000 229.286987 22.057631 -7.645877 -0.036079 0.537893 0.046951 0.840931
321.000000 229.983776 22.123003 -7.301567 -0.033264 0.536602 0.048781 0.841767
322.000000 230.678471 22.192323 -6.943652 -0.029930 0.535321 0.046836 0.842818
323.000000 231.378907 22.251936 -6.573216 -0.029980 0.534707 0.042368 0.843442
324.000000 232.072805 22.304795 -6.177707 -0.034468 0.535564 0.038385 0.842917
325.000000 232.795953 22.364600 -5.831946 -0.040757 0.534619 0.036464 0.843322
326.000000 233.521043 22.433002 -5.490057 -0.044198 0.533087 0.033475 0.844242
327.000000 234.232605 22.485789 -5.126650 -0.045465 0.532358 0.032387 0.844677
328.000000 234.936373 22.539848 -4.771281 -0.043871 0.531283 0.033399 0.845399
329.000000 235.630679 22.611977 -4.399096 -0.041141 0.529864 0.035192 0.846353
330.000000 236.334807 22.669775 -4.039513 -0.039657 0.528033 0.036450 0.847514
331.000000 237.032975 22.729104 -3.667649 -0.038752 0.526625 0.036811 0.848416
332.000000 237.737563 22.791480 -3.311477 -0.038649 0.525131 0.038169 0.849286
333.000000 238.443242 22.879781 -2.949003 -0.038722 0.523300 0.038750 0.850386
334.000000 239.146744 22.948964 -2.563450 -0.041077 0.522167 0.036807 0.851058
335.000000 239.868576 23.019471 -2.209898 -0.044137 0.520256 0.036526 0.852086
336.000000 240.595850 23.119205 -1.865373 -0.046352 0.518269 0.036111 0.853197
337.000000 241.311769 23.215222 -1.494315 -0.048334 0.517015 0.035785 0.853861
338.000000 242.039751 23.298910 -1.131840 -0.052118 0.516101 0.035456 0.854205
339.000000 242.757507 23.380932 -0.760783 -0.052643 0.514659 0.035519 0.855040
340.000000 243.440429 23.453878 -0.352870 -0.046958 0.514355 0.034216 0.855607
341.000000 244.133844 23.532615 0.034479 -0.040477 0.513392 0.037654 0.856372
342.000000 244.839859 23.620188 0.391524 -0.036373 0.512871 0.039327 0.856793
343.000000 245.548990 23.696495 0.778574 -0.037681 0.512864 0.039133 0.856749
344.000000 246.258365 23.762513 1.177820 -0.039933 0.512587 0.037323 0.856893
345.000000 246.975593 23.834197 1.551351 -0.040147 0.511074 0.037383 0.857784
346.000000 247.673496 23.891820 1.961062 -0.041443 0.511187 0.039270 0.857571
347.000000 248.398307 23.961273 2.333209 -0.042994 0.510042 0.041464 0.858073
348.000000 249.113573 24.039219 2.729423 -0.044123 0.509250 0.039647 0.858572
349.000000 249.825577 24.130426 3.120135 -0.044832 0.508978 0.038787 0.858736
350.000000 250.534210 24.198713 3.519902 -0.044649 0.508502 0.038259 0.859051
351.000000 251.242223 24.270756 3.915301 -0.042692 0.507107 0.039450 0.859921
352.000000 251.954114 24.361665 4.298660 -0.041604 0.505704 0.040878 0.860733
353.000000 252.668094 24.445991 4.686264 -0.043669 0.503950 0.042058 0.861602
354.000000 253.376089 24.533049 5.086213 -0.044862 0.502111 0.041545 0.862639
355.000000 254.081945 24.604755 5.496498 -0.046797 0.500026 0.041292 0.863758
356.000000 254.784363 24.695201 5.904463 -0.047211 0.497104 0.043023 0.865337
357.000000 255.471637 24.779911 6.333927 -0.045910 0.495528 0.042274 0.866347
358.000000 256.144943 24.856390 6.785281 -0.043286 0.494937 0.040754 0.866893
359.000000 256.830739 24.928390 7.212410 -0.042260 0.492500 0.041842 0.868278
360.000000 257.519719 25.018010 7.642111 -0.041639 0.488626 0.043049 0.870435
361.000000 258.221079 25.092947 8.056597 -0.043120 0.483139 0.045182 0.873313
362.000000 258.899891 25.180652 8.507364 -0.044642 0.477948 0.046658 0.876012
363.000000 259.552057 25.270920 8.987487 -0.044373 0.471552 0.047111 0.879460
364.000000 260.209329 25.347511 9.474889 -0.046153 0.464936 0.045751 0.882956
365.000000 260.885548 25.427091 9.941232 -0.049295 0.456964 0.045068 0.886974
366.000000 261.550032 25.511898 10.420306 -0.051067 0.449919 0.043175 0.890562
367.000000 262.189259 25.578013 10.931693 -0.051525 0.444594 0.040882 0.893314
368.000000 262.814479 25.659156 11.450060 -0.049665 0.439778 0.038826 0.895891
369.000000 263.463494 25.748680 11.935902 -0.047416 0.436397 0.036929 0.897745
370.000000 264.093118 25.813341 12.457403 -0.046802 0.435756 0.034694 0.898178
371.000000 264.721534 25.890902 12.975993 -0.043423 0.438223 0.031819 0.897253
372.000000 265.349060 25.956238 13.491701 -0.040086 0.442116 0.029860 0.895564
373.000000 265.981428 26.012319 13.997945 -0.037737 0.447185 0.028929 0.893177
374.000000 266.633809 26.073228 14.478420 -0.038237 0.452636 0.031772 0.890309
375.000000 267.296412 26.136722 14.957575 -0.039456 0.457765 0.031859 0.887626
376.000000 267.965247 26.199607 15.421335 -0.038750 0.462368 0.029960 0.885334
377.000000 268.630579 26.251508 15.891377 -0.039578 0.467358 0.030174 0.882666
378.000000 269.290518 26.311424 16.361448 -0.039641 0.472218 0.033137 0.879966
379.000000 269.957201 26.368111 16.820557 -0.039520 0.476839 0.034763 0.877413
380.000000 270.643698 26.420668 17.263847 -0.038841 0.480408 0.035162 0.875479
381.000000 271.335667 26.487887 17.695558 -0.038974 0.483723 0.033906 0.873695
382.000000 272.021338 26.562430 18.147750 -0.040365 0.486946 0.032088 0.871909
383.000000 272.726126 26.625714 18.574879 -0.042960 0.489140 0.030228 0.870622
384.000000 273.440063 26.697200 18.990464 -0.044837 0.490489 0.029510 0.869793
385.000000 274.135951 26.785560 19.421935 -0.041614 0.492234 0.028337 0.869006
386.000000 274.837223 26.833772 19.844219 -0.037556 0.493327 0.028037 0.868581
387.000000 275.540181 26.879432 20.255502 -0.032508 0.494115 0.030009 0.868270
388.000000 276.245399 26.953355 20.674842 -0.028576 0.494289 0.031871 0.868243
389.000000 276.945702 27.022457 21.121329 -0.028096 0.494789 0.030570 0.868021
390.000000 277.663513 27.087311 21.558479 -0.028551 0.495584 0.028476 0.867623
391.000000 278.358689 27.145141 22.029029 -0.029490 0.496106 0.028423 0.867295
392.000000 279.080293 27.207238 22.472293 -0.030972 0.495204 0.029529 0.867722
393.000000 279.794630 27.264459 22.938001 -0.032246 0.495535 0.029417 0.867490
394.000000 280.529328 27.319432 23.377969 -0.032674 0.493646 0.029955 0.868532
395.000000 281.269543 27.393858 23.811355 -0.031801 0.491040 0.030043 0.870038
396.000000 281.969662 27.453846 24.315915 -0.031383 0.489694 0.029570 0.870827
397.000000 282.702600 27.514125 24.779550 -0.029765 0.487601 0.027443 0.872127
398.000000 283.437134 27.552548 25.233784 -0.028894 0.485338 0.027562 0.873414
399.000000 284.162159 27.607430 25.713196 -0.028154 0.483234 0.030236 0.874516
400.000000 284.877446 27.653844 26.207350 -0.026715 0.481583 0.031415 0.875430
401.000000 285.594507 27.736554 26.708535 -0.025681 0.478290 0.032715 0.877216
402.000000 286.324793 27.790415 27.208555 -0.026166 0.474426 0.032003 0.879324
403.000000 287.070635 27.853658 27.694117 -0.028358 0.469893 0.029732 0.881767
404.000000 287.815887 27.896597 28.199908 -0.031015 0.466283 0.026973 0.883680
405.000000 288.563120 27.974025 28.712330 -0.032822 0.462005 0.024513 0.885931
406.000000 289.283638 28.030663 29.259535 -0.033586 0.458911 0.023022 0.887549
407.000000 290.037853 28.084717 29.752448 -0.031925 0.453289 0.023507 0.890481
408.000000 290.758847 28.125120 30.283067 -0.029646 0.448296 0.026133 0.893011
409.000000 291.452389 28.179665 30.837986 -0.025625 0.443812 0.027406 0.895334
410.000000 292.150823 28.214584 31.392858 -0.024087 0.439993 0.030274 0.897168
411.000000 292.864492 28.237830 31.933943 -0.024322 0.435109 0.034067 0.899404
412.000000 293.588979 28.281623 32.475640 -0.027381 0.430400 0.037482 0.901444
413.000000 294.301137 28.346072 33.052296 -0.030436 0.425522 0.037901 0.903641
414.000000 294.949135 28.410043 33.708825 -0.034469 0.423382 0.037506 0.904518
415.000000 295.660632 28.481111 34.297199 -0.036840 0.418873 0.036996 0.906542
416.000000 296.342211 28.554650 34.918933 -0.037430 0.415353 0.035826 0.908184
417.000000 297.075368 28.630902 35.571785 -0.036763 0.410675 0.033416 0.910428
418.000000 297.822727 28.692296 36.245934 -0.037332 0.407181 0.030490 0.912075
419.000000 298.561549 28.778596 36.929609 -0.038197 0.405223 0.030505 0.912910
420.000000 299.283046 28.859190 37.597797 -0.037176 0.402362 0.030672 0.914211
421.000000 299.995384 28.939200 38.267038 -0.034768 0.399141 0.031859 0.915676
422.000000 300.706907 29.024814 38.938058 -0.032226 0.396099 0.031758 0.917092
423.000000 301.394867 29.086606 39.632704 -0.032564 0.394355 0.031719 0.917833
424.000000 302.089288 29.148973 40.329528 -0.034442 0.392224 0.028898 0.918770
425.000000 302.801729 29.212343 41.006269 -0.036809 0.389944 0.027047 0.919705
426.000000 303.488010 29.281281 41.705315 -0.036022 0.386860 0.026665 0.921049
427.000000 304.169993 29.342702 42.383888 -0.033832 0.384501 0.026864 0.922113
428.000000 304.831771 29.392842 43.099557 -0.031198 0.382462 0.027334 0.923040
429.000000 305.514884 29.464280 43.782888 -0.031898 0.379149 0.030591 0.924280
430.000000 306.187078 29.527978 44.484471 -0.033058 0.376732 0.033188 0.925137
431.000000 306.858881 29.588724 45.174465 -0.034562 0.373424 0.035755 0.926327
432.000000 307.536897 29.655908 45.863697 -0.035666 0.369398 0.037847 0.927815
433.000000 308.181171 29.741067 46.574167 -0.036797 0.366664 0.040603 0.928738
434.000000 308.847516 29.828822 47.262531 -0.037495 0.362810 0.040080 0.930246
435.000000 309.472299 29.899628 47.989078 -0.037854 0.360855 0.040028 0.930993
436.000000 310.101745 29.976463 48.698090 -0.036376 0.358227 0.039951 0.932070
437.000000 310.695081 30.052645 49.445792 -0.035074 0.358336 0.038330 0.932146
438.000000 311.336198 30.118768 50.145668 -0.036675 0.355445 0.041781 0.933042
439.000000 311.977656 30.196518 50.844599 -0.037482 0.351174 0.040875 0.934666
440.000000 312.602314 30.280396 51.549055 -0.035824 0.347453 0.042342 0.936056
441.000000 313.229072 30.349853 52.257029 -0.037699 0.343520 0.043457 0.937382
442.000000 313.803287 30.427668 53.010847 -0.037805 0.342544 0.039700 0.937901
443.000000 314.394098 30.492551 53.751786 -0.038631 0.341340 0.036896 0.938421
444.000000 315.001435 30.567238 54.475973 -0.039493 0.338753 0.037045 0.939316
445.000000 315.578097 30.648488 55.224757 -0.042016 0.338875 0.036411 0.939187
446.000000 316.144234 30.706739 55.974397 -0.042132 0.338412 0.035442 0.939386
447.000000 316.759102 30.782898 56.682601 -0.039811 0.336358 0.036658 0.940178
448.000000 317.357539 30.869331 57.394759 -0.036306 0.335682 0.039777 0.940435
449.000000 317.966631 30.933090 58.107884 -0.036984 0.335428 0.039503 0.940510
450.000000 318.553516 30.999806 58.846368 -0.037890 0.336193 0.037899 0.940267
451.000000 319.139601 31.070766 59.591080 -0.040482 0.337159 0.036641 0.939863
452.000000 319.781280 31.154561 60.292616 -0.040887 0.337970 0.036927 0.939543
453.000000 320.348712 31.227589 61.053156 -0.039968 0.341764 0.035430 0.938267
454.000000 320.923455 31.320636 61.805119 -0.036502 0.345574 0.035338 0.937015
455.000000 321.513517 31.382877 62.550162 -0.034427 0.349821 0.035908 0.935495
456.000000 322.138326 31.442635 63.274410 -0.033093 0.353417 0.036460 0.934169
457.000000 322.741993 31.504669 64.022477 -0.033037 0.358154 0.035727 0.932394
458.000000 323.373529 31.575427 64.749511 -0.032613 0.361729 0.036288 0.931006
459.000000 324.007732 31.637414 65.480185 -0.033721 0.366498 0.033493 0.929204
460.000000 324.699337 31.709529 66.168735 -0.036526 0.369928 0.031973 0.927792
461.000000 325.340846 31.763408 66.907886 -0.039042 0.375716 0.028911 0.925461
462.000000 326.028975 31.842071 67.587847 -0.037038 0.379219 0.029305 0.924101
463.000000 326.711366 31.924840 68.271343 -0.033194 0.382564 0.029685 0.922855
464.000000 327.385509 31.992963 68.970564 -0.030588 0.385866 0.031373 0.921514
465.000000 328.086247 32.057495 69.655368 -0.031678 0.388334 0.033012 0.920382
466.000000 328.811216 32.126613 70.323834 -0.032997 0.391114 0.032428 0.919179
467.000000 329.539896 32.197480 70.989473 -0.033915 0.392801 0.032978 0.918406
468.000000 330.249612 32.266799 71.680975 -0.034817 0.395497 0.033485 0.917196
469.000000 330.935467 32.343090 72.398337 -0.035012 0.398994 0.032381 0.915713
470.000000 331.676264 32.414101 73.066764 -0.034396 0.401240 0.030434 0.914821
471.000000 332.392181 32.493237 73.759149 -0.033313 0.403755 0.029299 0.913791
472.000000 333.143491 32.554785 74.421710 -0.033262 0.405929 0.028779 0.912845
473.000000 333.888569 32.616403 75.094491 -0.033399 0.407989 0.029126 0.911911
474.000000 334.666947 32.681964 75.734094 -0.033317 0.409126 0.029346 0.911397
475.000000 335.422482 32.741216 76.399697 -0.033729 0.410848 0.030643 0.910564
476.000000 336.185632 32.850390 77.062824 -0.032535 0.412338 0.029885 0.909959
477.000000 336.930855 32.902746 77.747629 -0.032939 0.413630 0.029832 0.909360
478.000000 337.702444 32.980034 78.400794 -0.032528 0.414326 0.028689 0.909095
479.000000 338.443984 33.034131 79.092345 -0.033532 0.416095 0.028133 0.908267
480.000000 339.200014 33.094547 79.759002 -0.032784 0.418270 0.027518 0.907314
481.000000 339.968700 33.154628 80.411079 -0.031564 0.418909 0.028182 0.907042
482.000000 340.715156 33.202953 81.091805 -0.032098 0.420431 0.028166 0.906319
483.000000 341.497100 33.273659 81.738314 -0.035207 0.420584 0.029198 0.906100
484.000000 342.276059 33.328415 82.393696 -0.039786 0.421282 0.028656 0.905604
485.000000 343.050017 33.404916 83.054375 -0.042138 0.421366 0.027676 0.905488
486.000000 343.825246 33.492920 83.699273 -0.041242 0.421250 0.029122 0.905538
487.000000 344.592638 33.566386 84.346181 -0.039102 0.421023 0.032281 0.905631
488.000000 345.325840 33.662402 85.029742 -0.035336 0.422311 0.034894 0.905090
489.000000 346.065630 33.732631 85.712115 -0.035086 0.423933 0.037282 0.904246
490.000000 346.834763 33.799845 86.375681 -0.036723 0.425588 0.037699 0.903385
491.000000 347.610148 33.866286 87.029046 -0.040005 0.425888 0.039274 0.903037
492.000000 348.373614 33.944108 87.695463 -0.042934 0.426963 0.039997 0.902363
493.000000 349.151736 34.030158 88.345231 -0.044779 0.427918 0.040101 0.901817
494.000000 349.934475 34.116998 88.980375 -0.046291 0.427444 0.040965 0.901926
495.000000 350.720004 34.216852 89.613394 -0.045680 0.426490 0.043617 0.902284
496.000000 351.481097 34.316911 90.268590 -0.044385 0.425593 0.044480 0.902731
497.000000 352.250016 34.407007 90.926295 -0.045332 0.424634 0.044960 0.903111
498.000000 353.001692 34.516161 91.602394 -0.046529 0.425788 0.045293 0.902490
499.000000 353.770998 34.618673 92.252613 -0.046815 0.426336 0.045676 0.902197
500.000000 354.530928 34.728698 92.914827 -0.045287 0.427131 0.045944 0.901886
501.000000 355.324042 34.850775 93.530987 -0.044236 0.426566 0.046042 0.902200
502.000000 356.106877 34.954520 94.167132 -0.044839 0.425871 0.047007 0.902449
503.000000 356.889383 35.063120 94.803318 -0.045872 0.425946 0.047308 0.902346
504.000000 357.641720 35.166361 95.472385 -0.046340 0.426825 0.048154 0.901861
505.000000 358.425701 35.272331 96.099913 -0.048313 0.426118 0.050842 0.901945
506.000000 359.188623 35.378243 96.748652 -0.050032 0.425556 0.052926 0.901996
507.000000 359.958457 35.482781 97.381537 -0.052898 0.425329 0.056174 0.901744
508.000000 360.706751 35.605600 98.032851 -0.054498 0.424805 0.060125 0.901640
509.000000 361.465417 35.730314 98.665440 -0.056453 0.423298 0.061286 0.902151
510.000000 362.207548 35.868680 99.309089 -0.057678 0.423189 0.064065 0.901931
511.000000 362.958100 36.004835 99.928377 -0.059255 0.421610 0.064438 0.902542
512.000000 363.696920 36.140043 100.546174 -0.059488 0.420320 0.065005 0.903087
513.000000 364.436323 36.277167 101.145863 -0.060210 0.418801 0.065403 0.903716
514.000000 365.163000 36.402259 101.745373 -0.061263 0.416850 0.065777 0.904520
515.000000 365.858914 36.536436 102.358876 -0.063127 0.415855 0.065857 0.904844
516.000000 366.551481 36.690882 102.952023 -0.063943 0.414293 0.064722 0.905585
517.000000 367.222739 36.826450 103.555443 -0.065811 0.414624 0.060887 0.905565
518.000000 367.879783 36.956405 104.148430 -0.066611 0.414897 0.056294 0.905679
519.000000 368.516746 37.069392 104.742122 -0.067199 0.415713 0.052464 0.905491
520.000000 369.151589 37.196062 105.306624 -0.066425 0.416307 0.050113 0.905409
521.000000 369.788564 37.312616 105.844003 -0.065229 0.416522 0.047498 0.905538
522.000000 370.384906 37.420676 106.401968 -0.063383 0.417651 0.046120 0.905220
523.000000 370.975988 37.535436 106.938598 -0.062194 0.418380 0.047663 0.904886
524.000000 371.578789 37.632451 107.446973 -0.062220 0.418306 0.048642 0.904866
525.000000 372.159907 37.733525 107.963180 -0.062601 0.418168 0.050085 0.904825
526.000000 372.710615 37.836278 108.493537 -0.061301 0.420233 0.049631 0.903982
527.000000 373.278473 37.945011 108.985523 -0.060449 0.422155 0.049702 0.903139
528.000000 373.805376 38.035921 109.505889 -0.060118 0.426212 0.049442 0.901268
529.000000 374.359785 38.121145 109.984245 -0.060232 0.428840 0.047641 0.900110
530.000000 374.901691 38.207298 110.456266 -0.060771 0.433337 0.047765 0.897911
531.000000 375.439558 38.285408 110.910738 -0.059811 0.436810 0.046747 0.896345
532.000000 375.964637 38.356692 111.369861 -0.057060 0.441286 0.047351 0.894298
533.000000 376.505903 38.434812 111.806393 -0.053785 0.444850 0.046415 0.892783
534.000000 377.057552 38.529357 112.230934 -0.051901 0.449858 0.047868 0.890305
535.000000 377.647734 38.622846 112.622610 -0.052023 0.454494 0.046906 0.887991
536.000000 378.224295 38.707105 113.045308 -0.054481 0.460150 0.044172 0.885066
537.000000 378.815981 38.800790 113.453443 -0.056297 0.465561 0.043289 0.882162
538.000000 379.418709 38.896980 113.854978 -0.058329 0.470414 0.043771 0.879427
539.000000 380.026967 38.994143 114.243975 -0.058669 0.475676 0.044991 0.876508
540.000000 380.623138 39.072321 114.662864 -0.058846 0.481587 0.046494 0.873183
541.000000 381.252313 39.162197 115.026899 -0.058482 0.484417 0.050505 0.871418
542.000000 381.872109 39.245974 115.417926 -0.057858 0.486808 0.053222 0.869964
543.000000 382.499213 39.340167 115.813263 -0.058917 0.489249 0.056291 0.868329
544.000000 383.121934 39.444116 116.229418 -0.062286 0.492638 0.057356 0.866105
545.000000 383.779667 39.577015 116.619845 -0.068732 0.494765 0.056057 0.864489
546.000000 384.432634 39.707386 117.040508 -0.074417 0.497662 0.051914 0.862612
547.000000 385.107709 39.824815 117.431714 -0.079986 0.499827 0.047863 0.861095
548.000000 385.778585 39.947017 117.825588 -0.081369 0.502115 0.047808 0.859636
549.000000 386.458841 40.079068 118.205347 -0.079787 0.504505 0.046973 0.858430
550.000000 387.151511 40.211042 118.569376 -0.079640 0.506216 0.047942 0.857383
551.000000 387.833598 40.349448 118.974728 -0.082023 0.509768 0.049834 0.854941
552.000000 388.532602 40.478891 119.354541 -0.085450 0.512916 0.049637 0.852732
553.000000 389.242278 40.627442 119.713126 -0.088582 0.515345 0.052502 0.850774
554.000000 389.946917 40.770595 120.062931 -0.089859 0.517141 0.053824 0.849467
555.000000 390.636203 40.914238 120.425721 -0.089195 0.519553 0.055296 0.847969
556.000000 391.318026 41.049929 120.799513 -0.089376 0.523248 0.055757 0.845644
557.000000 392.004255 41.188136 121.154782 -0.089073 0.526922 0.055693 0.843396
558.000000 392.689133 41.335775 121.490763 -0.088724 0.530940 0.054853 0.840965
559.000000 393.372910 41.484011 121.814610 -0.088274 0.534943 0.056327 0.838374
560.000000 394.061228 41.618921 122.107027 -0.088545 0.538560 0.057191 0.835968
561.000000 394.741528 41.754507 122.405398 -0.089061 0.542535 0.057681 0.833305
562.000000 395.405318 41.907306 122.704038 -0.088845 0.547202 0.058573 0.830208
563.000000 396.073370 42.046208 122.962247 -0.088432 0.550936 0.061488 0.827568
564.000000 396.728398 42.182857 123.229169 -0.085689 0.555671 0.064079 0.824488
565.000000 397.389244 42.307292 123.471002 -0.080564 0.559444 0.065257 0.822358
566.000000 398.036123 42.440511 123.728139 -0.075522 0.565235 0.064796 0.818906
567.000000 398.702888 42.569156 123.962540 -0.072114 0.572187 0.065993 0.814277
568.000000 399.361247 42.688257 124.179648 -0.070969 0.579749 0.068733 0.808784
569.000000 400.029375 42.813464 124.389171 -0.069417 0.587720 0.072836 0.802784
570.000000 400.704697 42.942913 124.585512 -0.067736 0.595482 0.078711 0.796629
571.000000 401.380353 43.071537 124.755239 -0.066397 0.603053 0.084436 0.790436
572.000000 402.075871 43.213934 124.929452 -0.066423 0.610314 0.091246 0.784079
573.000000 402.773572 43.354234 125.084597 -0.066417 0.617090 0.092994 0.778550
574.000000 403.495158 43.497806 125.224836 -0.068317 0.623311 0.092879 0.773427
575.000000 404.211271 43.650519 125.412107 -0.069766 0.630958 0.089905 0.767425
576.000000 404.938806 43.807731 125.530481 -0.073372 0.635224 0.088752 0.763695
577.000000 405.670456 43.961316 125.673039 -0.075160 0.639265 0.087685 0.760265
578.000000 406.406422 44.107629 125.815651 -0.074481 0.642684 0.085514 0.757692
579.000000 407.148710 44.270515 125.927637 -0.073321 0.645139 0.083889 0.755898
580.000000 407.893730 44.438615 126.054705 -0.074583 0.647971 0.083398 0.753403
581.000000 408.635347 44.584850 126.190717 -0.073491 0.651139 0.080547 0.751085
582.000000 409.372281 44.705312 126.320110 -0.064611 0.654243 0.078899 0.749377
583.000000 410.098390 44.850239 126.461208 -0.054131 0.656501 0.082990 0.747790
584.000000 410.836000 44.991083 126.547640 -0.048712 0.657302 0.089195 0.746743
585.000000 411.594439 45.137347 126.650563 -0.047308 0.658768 0.087723 0.745716
586.000000 412.359611 45.280533 126.805475 -0.047512 0.660477 0.081299 0.744918
587.000000 413.131338 45.386854 126.924977 -0.049233 0.660349 0.078179 0.745254
588.000000 413.884261 45.478068 127.034875 -0.041804 0.659164 0.081058 0.746448
589.000000 414.611981 45.579296 127.138458 -0.032383 0.656459 0.088019 0.748509
590.000000 415.345088 45.701562 127.256373 -0.024189 0.653890 0.092896 0.750475
591.000000 416.091544 45.815205 127.382923 -0.024356 0.652052 0.090650 0.752341
592.000000 416.837283 45.926411 127.538914 -0.027177 0.651850 0.084579 0.753126
593.000000 417.572994 46.021229 127.674285 -0.028516 0.651442 0.081341 0.753787
594.000000 418.293164 46.097286 127.779655 -0.029823 0.649639 0.085459 0.754835
595.000000 418.992019 46.200354 127.899601 -0.028412 0.648174 0.091232 0.755474
596.000000 419.691560 46.284808 128.013100 -0.025540 0.647037 0.093142 0.756317
597.000000 420.382175 46.382354 128.147546 -0.024784 0.646813 0.094808 0.756327
598.000000 421.061819 46.481342 128.282130 -0.023488 0.646854 0.097169 0.756033
599.000000 421.733310 46.573364 128.391915 -0.022364 0.646794 0.099358 0.755834
600.000000 422.389532 46.677791 128.520539 -0.019163 0.646959 0.100132 0.755679
601.000000 423.040199 46.759357 128.640707 -0.015692 0.647426 0.099054 0.755501
602.000000 423.685948 46.839762 128.764808 -0.012760 0.649876 0.097351 0.753672
603.000000 424.329528 46.929873 128.837553 -0.010566 0.653949 0.096723 0.750255
604.000000 424.970561 47.015964 128.898895 -0.008270 0.659668 0.096423 0.745300
605.000000 425.596474 47.073892 128.982108 -0.008315 0.666815 0.097381 0.738787
606.000000 426.217414 47.146487 129.040064 -0.009106 0.674076 0.098020 0.732073
607.000000 426.811453 47.196386 129.099865 -0.009312 0.681532 0.098804 0.725028
608.000000 427.380349 47.276315 129.072932 -0.009380 0.686562 0.100423 0.720041
609.000000 427.930364 47.371522 129.059022 -0.008466 0.692261 0.101141 0.714474
610.000000 428.459347 47.435044 129.089480 -0.007276 0.699192 0.100075 0.707858
611.000000 428.974220 47.489730 129.099653 -0.006691 0.706583 0.098357 0.700730
612.000000 429.457400 47.550014 129.032265 -0.007328 0.711265 0.099254 0.695843
613.000000 429.910815 47.590408 129.005001 -0.006485 0.717227 0.101950 0.689311
614.000000 430.335413 47.661700 129.000721 -0.004633 0.722797 0.107854 0.682576
615.000000 430.738041 47.712746 128.996873 -0.001794 0.728017 0.113396 0.676114
616.000000 431.114623 47.746618 128.982207 0.001021 0.732257 0.116217 0.671038
617.000000 431.476411 47.804352 128.955405 0.004235 0.735619 0.117755 0.667069
618.000000 431.824977 47.848493 128.938702 0.005988 0.739088 0.118852 0.663013
619.000000 432.158373 47.891042 128.914998 0.005658 0.742355 0.120453 0.659066
620.000000 432.469636 47.951033 128.857783 0.002874 0.744022 0.123140 0.656704
621.000000 432.768212 48.006775 128.832457 0.000160 0.746308 0.125366 0.653687
622.000000 433.051703 48.036485 128.801890 -0.000355 0.748811 0.124032 0.651074
623.000000 433.304150 48.059322 128.723141 0.001142 0.748770 0.120935 0.651703
624.000000 433.549096 48.082799 128.698804 0.002898 0.749932 0.118060 0.650888
625.000000 433.772921 48.101278 128.676965 0.002984 0.751079 0.116595 0.649828
626.000000 433.947367 48.129918 128.579424 0.002134 0.750297 0.117401 0.650589
627.000000 434.118453 48.159561 128.543526 0.001330 0.750551 0.119214 0.649969
628.000000 434.270682 48.182576 128.501611 -0.000057 0.750640 0.120988 0.649539
629.000000 434.403038 48.198466 128.429852 -0.000715 0.748750 0.122227 0.651485
630.000000 434.553182 48.209437 128.430180 0.000787 0.748291 0.122345 0.651991
631.000000 434.700784 48.241639 128.407831 -0.000555 0.747520 0.122744 0.652800
632.000000 434.855527 48.268735 128.399205 -0.005758 0.746585 0.124111 0.653586
633.000000 435.002069 48.300850 128.429965 -0.007914 0.745836 0.124772 0.654292
634.000000 435.146386 48.320962 128.455000 -0.008768 0.744796 0.126215 0.655188
635.000000 435.288721 48.357096 128.460557 -0.006857 0.743742 0.126129 0.656424
636.000000 435.421946 48.399690 128.414741 -0.005274 0.740942 0.125924 0.659636
637.000000 435.567745 48.434500 128.415944 -0.003306 0.739304 0.126237 0.661425
638.000000 435.727837 48.447000 128.390363 -0.004114 0.736540 0.125932 0.664555
639.000000 435.899482 48.487070 128.370324 -0.004324 0.734123 0.125936 0.667222
640.000000 436.089215 48.526811 128.398346 -0.002463 0.732147 0.123233 0.669901
641.000000 436.302977 48.541105 128.415799 -0.001031 0.729445 0.119524 0.673516
642.000000 436.511664 48.597834 128.349058 -0.000403 0.724915 0.117496 0.678743
643.000000 436.743964 48.630457 128.348414 -0.002797 0.721412 0.117730 0.682420
644.000000 436.990219 48.650228 128.369522 -0.006422 0.718293 0.119219 0.685420
645.000000 437.236713 48.697818 128.388926 -0.008609 0.714742 0.120337 0.688904
646.000000 437.497569 48.734439 128.412099 -0.010914 0.710055 0.121226 0.693546
647.000000 437.765046 48.768723 128.439956 -0.013309 0.704671 0.122483 0.698756
648.000000 438.033418 48.806294 128.465202 -0.015351 0.698942 0.122133 0.704505
649.000000 438.310928 48.866702 128.524847 -0.015976 0.691828 0.122042 0.711495
650.000000 438.604393 48.936336 128.522765 -0.017162 0.682857 0.122501 0.720004
651.000000 438.903614 48.956483 128.557768 -0.018158 0.674752 0.122339 0.727608
652.000000 439.209143 49.006311 128.663542 -0.015313 0.667033 0.120326 0.735088
653.000000 439.529891 49.066214 128.754781 -0.012826 0.659045 0.118973 0.742523
654.000000 439.855810 49.117260 128.822458 -0.013084 0.650064 0.118036 0.750542
655.000000 440.208465 49.171575 128.905451 -0.015349 0.640366 0.119083 0.758627
656.000000 440.553554 49.230365 129.001040 -0.017823 0.631146 0.119811 0.766148
657.000000 440.923347 49.303405 129.115798 -0.019540 0.621593 0.119875 0.773867
658.000000 441.309598 49.379412 129.227169 -0.020244 0.610413 0.119279 0.782789
659.000000 441.686939 49.414493 129.383038 -0.022041 0.600920 0.118234 0.790209
660.000000 442.086204 49.484806 129.556811 -0.022716 0.591629 0.118432 0.797141
661.000000 442.517908 49.546911 129.700989 -0.025444 0.581296 0.119119 0.804524
662.000000 442.941517 49.597437 129.895942 -0.028221 0.573331 0.119384 0.810088
663.000000 443.381958 49.670399 130.113490 -0.029835 0.565436 0.118905 0.815631
664.000000 443.845119 49.750983 130.302404 -0.031298 0.557155 0.119475 0.821173
665.000000 444.318427 49.851671 130.525960 -0.032017 0.549032 0.119868 0.826541
666.000000 444.795427 49.927204 130.793286 -0.034061 0.542004 0.120636 0.830974
667.000000 445.285830 50.035895 131.035869 -0.036031 0.534164 0.121971 0.835760
668.000000 445.773277 50.128743 131.327113 -0.037893 0.526811 0.123459 0.840114
669.000000 446.285572 50.244126 131.605651 -0.039830 0.519123 0.125569 0.844486
670.000000 446.797989 50.352050 131.905764 -0.040589 0.511955 0.125837 0.848776
671.000000 447.319433 50.455445 132.239551 -0.041811 0.504747 0.125975 0.853002
672.000000 447.846954 50.566650 132.582420 -0.042685 0.499111 0.124994 0.856413
673.000000 448.404284 50.709211 132.927059 -0.043312 0.492972 0.124212 0.860043
674.000000 448.994298 50.850851 133.249558 -0.044567 0.487483 0.123006 0.863275
675.000000 449.577747 50.968698 133.625738 -0.046456 0.484159 0.121969 0.865191
676.000000 450.142798 51.079162 134.054665 -0.047482 0.482713 0.120732 0.866116
677.000000 450.726907 51.212534 134.474284 -0.047059 0.480279 0.120146 0.867573
678.000000 451.360578 51.360809 134.838907 -0.047596 0.476158 0.119823 0.869857
679.000000 451.935128 51.483463 135.323184 -0.047421 0.475453 0.118932 0.870374
680.000000 452.562488 51.612090 135.759486 -0.047070 0.473817 0.118648 0.871323
681.000000 453.213738 51.775957 136.176574 -0.046794 0.471870 0.119387 0.872294
682.000000 453.850311 51.927285 136.644431 -0.046258 0.471111 0.120729 0.872548
683.000000 454.489874 52.054316 137.142194 -0.045798 0.470684 0.120990 0.872766
684.000000 455.153176 52.189019 137.627309 -0.045649 0.469514 0.121222 0.873372
685.000000 455.829574 52.330133 138.114225 -0.045600 0.468178 0.121667 0.874029
686.000000 456.530188 52.493089 138.576184 -0.046055 0.466334 0.123040 0.874798
687.000000 457.221993 52.655826 139.064721 -0.045952 0.464774 0.124279 0.875459
688.000000 457.902304 52.776170 139.607875 -0.046761 0.464675 0.124986 0.875368
689.000000 458.599852 52.925796 140.131697 -0.045534 0.464152 0.125377 0.875654
690.000000 459.329728 53.096187 140.627141 -0.044527 0.462924 0.127294 0.876080
691.000000 460.023889 53.252019 141.194239 -0.043438 0.463432 0.128107 0.875747
692.000000 460.770861 53.436533 141.707768 -0.043816 0.462639 0.126659 0.876358
693.000000 461.529814 53.608392 142.232965 -0.045448 0.462083 0.126476 0.876594
694.000000 462.262429 53.802821 142.802873 -0.045446 0.462148 0.126212 0.876598
695.000000 463.021056 53.988383 143.358927 -0.045134 0.461907 0.127563 0.876546
696.000000 463.779671 54.151955 143.937069 -0.045784 0.461675 0.128551 0.876490
697.000000 464.608340 54.337902 144.429771 -0.047710 0.459484 0.131035 0.877170
698.000000 465.401608 54.538217 144.991612 -0.048381 0.458448 0.132323 0.877482
699.000000 466.222976 54.736677 145.537031 -0.049211 0.457303 0.133346 0.877879
700.000000 466.974889 54.910851 146.196816 -0.048900 0.458189 0.133309 0.877439
701.000000 467.791403 55.117884 146.781136 -0.048559 0.457418 0.133389 0.877849
702.000000 468.590669 55.298468 147.420928 -0.047764 0.457832 0.132813 0.877763
703.000000 469.420722 55.504063 148.028607 -0.047599 0.457563 0.132254 0.877997
704.000000 470.272648 55.727819 148.604403 -0.048438 0.456902 0.132506 0.878258
705.000000 471.106979 55.914327 149.210048 -0.048260 0.456729 0.130984 0.878586
706.000000 471.954625 56.127459 149.806268 -0.046505 0.457408 0.130268 0.878433
707.000000 472.819599 56.343654 150.384811 -0.044468 0.458535 0.130475 0.877921
708.000000 473.644423 56.547446 151.044246 -0.041170 0.463011 0.128777 0.875981
709.000000 474.480265 56.741307 151.693307 -0.037953 0.468282 0.127439 0.873517
710.000000 475.358585 56.921496 152.297973 -0.035193 0.474174 0.126036 0.870652
711.000000 476.233681 57.097459 152.908626 -0.033010 0.481423 0.124714 0.866942
712.000000 477.122496 57.276280 153.496003 -0.031791 0.489018 0.123027 0.862969
713.000000 478.002866 57.469432 154.115556 -0.030910 0.497996 0.121361 0.858089
714.000000 478.923680 57.631021 154.679932 -0.029877 0.506238 0.121087 0.853328
715.000000 479.843367 57.782196 155.239614 -0.027623 0.515298 0.121037 0.847971
716.000000 480.780140 57.944973 155.779154 -0.023825 0.524335 0.120516 0.842604
717.000000 481.721477 58.103524 156.309553 -0.020816 0.534582 0.120088 0.836282
718.000000 482.731624 58.281444 156.735973 -0.020101 0.542335 0.118903 0.831463
719.000000 483.715881 58.425789 157.230855 -0.019739 0.554015 0.119018 0.823718
720.000000 484.713428 58.579114 157.647305 -0.016199 0.565012 0.118887 0.816312
721.000000 485.734861 58.745908 158.041286 -0.010832 0.574908 0.120015 0.809296
722.000000 486.743705 58.909500 158.421344 -0.007180 0.585657 0.120759 0.801481
723.000000 487.785013 59.055652 158.772254 -0.001733 0.596666 0.118955 0.793622
724.000000 488.822085 59.217641 159.131947 0.001537 0.610272 0.121353 0.782840
725.000000 489.870105 59.330833 159.394953 0.005553 0.622252 0.118883 0.773718
726.000000 490.942958 59.475800 159.653258 0.008004 0.633953 0.121081 0.763793
727.000000 492.013714 59.628687 159.806211 0.011139 0.643040 0.123160 0.755782
728.000000 493.104168 59.775253 159.975299 0.012990 0.652523 0.125283 0.747227
729.000000 494.206665 59.915003 160.073482 0.013563 0.660797 0.125975 0.739793
730.000000 495.302661 60.052012 160.189317 0.013986 0.668506 0.125567 0.732896
731.000000 496.421742 60.180011 160.277027 0.016942 0.676162 0.124773 0.725913
732.000000 497.534122 60.318795 160.392142 0.020298 0.684625 0.124697 0.717863
733.000000 498.645507 60.448485 160.437343 0.020533 0.691979 0.125236 0.710676
734.000000 499.768417 60.608887 160.499601 0.020133 0.698770 0.124677 0.704110
735.000000 500.891995 60.746562 160.547084 0.019939 0.704352 0.124506 0.698562
736.000000 502.024535 60.889195 160.554549 0.019708 0.707891 0.127442 0.694450
737.000000 503.151890 61.070584 160.556942 0.019113 0.709459 0.131144 0.692173
738.000000 504.283389 61.254414 160.549925 0.019719 0.710758 0.131828 0.690692
739.000000 505.420863 61.400387 160.556489 0.020544 0.712370 0.130590 0.689241
740.000000 506.560498 61.566226 160.557570 0.022265 0.713330 0.131418 0.688037
741.000000 507.704724 61.742308 160.543856 0.023802 0.714507 0.133079 0.686443
742.000000 508.858861 61.922889 160.485980 0.023420 0.714881 0.135375 0.685616
743.000000 510.025528 62.103423 160.468812 0.024158 0.716029 0.135339 0.684399
744.000000 511.203584 62.294028 160.453947 0.023475 0.716980 0.134039 0.683683
745.000000 512.391465 62.461965 160.422971 0.021984 0.717647 0.132537 0.683326
746.000000 513.584790 62.630872 160.436554 0.024178 0.719093 0.131607 0.681909
747.000000 514.775185 62.807984 160.349505 0.025324 0.718321 0.133404 0.682332
748.000000 515.985660 62.964885 160.312725 0.026510 0.718127 0.134192 0.682337
749.000000 517.199667 63.144430 160.372189 0.026766 0.719058 0.134842 0.681217
750.000000 518.427734 63.319204 160.344934 0.026855 0.718980 0.134536 0.681357
751.000000 519.666018 63.467185 160.320009 0.028062 0.719281 0.133026 0.681287
752.000000 520.903964 63.642012 160.274773 0.028837 0.719325 0.133167 0.681180
753.000000 522.154177 63.809288 160.227592 0.028035 0.720620 0.132409 0.679992
754.000000 523.415108 63.977904 160.180872 0.028193 0.721532 0.132452 0.679009
755.000000 524.675638 64.151887 160.128114 0.028273 0.722031 0.132519 0.678461
756.000000 525.947995 64.317945 160.050296 0.027553 0.722263 0.132633 0.678222
757.000000 527.225201 64.512842 160.025043 0.027684 0.723621 0.132554 0.676783
758.000000 528.511633 64.699385 159.964598 0.027403 0.725000 0.133045 0.675221
759.000000 529.803814 64.891025 159.889231 0.027114 0.725785 0.132232 0.674548
760.000000 531.120592 65.096981 159.803141 0.027033 0.726208 0.131970 0.674147
761.000000 532.451608 65.262402 159.726666 0.027187 0.727683 0.130435 0.672848
762.000000 533.789020 65.440975 159.658096 0.027062 0.728951 0.130904 0.671389
763.000000 535.124650 65.632130 159.552643 0.026438 0.729108 0.131734 0.671080
764.000000 536.473087 65.828393 159.496091 0.026500 0.730799 0.132478 0.669089
765.000000 537.826980 66.019551 159.414233 0.026488 0.731728 0.133001 0.667969
766.000000 539.189815 66.201648 159.348232 0.026249 0.732893 0.132372 0.666826
767.000000 540.551438 66.413724 159.244374 0.026438 0.733962 0.132731 0.665569
768.000000 541.921721 66.622532 159.137744 0.027067 0.735123 0.132419 0.664324
769.000000 543.303410 66.794164 159.033121 0.026956 0.736765 0.132151 0.662561
770.000000 544.692028 66.978299 158.930825 0.026548 0.738519 0.132059 0.660640
771.000000 546.083725 67.194056 158.826060 0.027074 0.739508 0.132658 0.659392
772.000000 547.479775 67.400171 158.707267 0.026975 0.740291 0.133482 0.658349
773.000000 548.884376 67.631241 158.578241 0.027439 0.740684 0.133681 0.657848
774.000000 550.298853 67.835402 158.497028 0.028426 0.741954 0.133086 0.656494
775.000000 551.724463 68.037303 158.383098 0.028723 0.742586 0.132990 0.655785
776.000000 553.159781 68.205815 158.280714 0.028133 0.743986 0.132620 0.654298
777.000000 554.598618 68.394248 158.143924 0.027423 0.744746 0.133440 0.653296
778.000000 556.042885 68.579672 158.009530 0.026519 0.745482 0.133306 0.652520
779.000000 557.497140 68.784120 157.871346 0.024681 0.746162 0.133676 0.651739
780.000000 558.945535 69.010914 157.697844 0.025141 0.745845 0.133249 0.652171
781.000000 560.403280 69.247025 157.532310 0.025750 0.745796 0.132591 0.652338
782.000000 561.872302 69.459252 157.382804 0.025602 0.747041 0.130759 0.651289
783.000000 563.356905 69.681959 157.256269 0.025271 0.748698 0.130667 0.649414
784.000000 564.827578 69.917849 157.065705 0.024336 0.748517 0.131517 0.649487
785.000000 566.300277 70.146111 156.913773 0.025715 0.748777 0.132506 0.648933
786.000000 567.780932 70.357904 156.761046 0.025184 0.749249 0.132939 0.648320
787.000000 569.255916 70.581263 156.561730 0.025390 0.748823 0.131977 0.649000
788.000000 570.740817 70.807437 156.392814 0.025717 0.748742 0.131929 0.649091
789.000000 572.234408 71.022208 156.238170 0.026827 0.748680 0.131278 0.649249
790.000000 573.726795 71.232287 156.074357 0.026844 0.748982 0.132886 0.648573
791.000000 575.224559 71.444510 155.947343 0.026744 0.750096 0.133825 0.647095
792.000000 576.709353 71.687553 155.733638 0.025293 0.748540 0.134783 0.648754
793.000000 578.202675 71.911278 155.575583 0.022840 0.748122 0.135143 0.649252
794.000000 579.694706 72.151089 155.366475 0.021977 0.747014 0.134850 0.650617
795.000000 581.191261 72.372726 155.222766 0.022208 0.747243 0.134331 0.650454
796.000000 582.683788 72.579332 155.034879 0.020385 0.746757 0.134145 0.651110
797.000000 584.169573 72.832066 154.868738 0.021146 0.746412 0.134383 0.651432
798.000000 585.661446 73.064184 154.710199 0.020803 0.746434 0.134700 0.651352
799.000000 587.154141 73.288995 154.570779 0.020531 0.746104 0.134934 0.651690
800.000000 588.630325 73.536738 154.358421 0.020984 0.745192 0.134524 0.652803
801.000000 590.114284 73.752812 154.212835 0.020957 0.745118 0.133268 0.653146
802.000000 591.594037 74.002046 154.058327 0.019536 0.745047 0.134476 0.653024
803.000000 593.073668 74.225340 153.868995 0.016710 0.744329 0.134599 0.653895
804.000000 594.554407 74.466692 153.731347 0.014172 0.744776 0.136121 0.653130
805.000000 596.035735 74.696792 153.629570 0.014284 0.744777 0.137274 0.652885
806.000000 597.501878 74.968155 153.478790 0.016213 0.744192 0.137889 0.653377
807.000000 598.982710 75.208868 153.342226 0.016993 0.744274 0.137222 0.653405
808.000000 600.455070 75.462674 153.162409 0.016358 0.743470 0.136605 0.654464
809.000000 601.933579 75.702049 153.036575 0.016603 0.743766 0.136570 0.654130
810.000000 603.409170 75.947290 152.888062 0.016640 0.743605 0.136190 0.654390
811.000000 604.887441 76.183974 152.750930 0.017866 0.743522 0.134864 0.654727
812.000000 606.365905 76.419793 152.644325 0.018314 0.743698 0.134679 0.654553
813.000000 607.847631 76.646618 152.527040 0.018915 0.744071 0.133123 0.654430
814.000000 609.319370 76.880061 152.378133 0.018545 0.744007 0.134334 0.654266
815.000000 610.797029 77.086626 152.250107 0.017971 0.744362 0.134810 0.653780
816.000000 612.273127 77.289044 152.127533 0.016566 0.745224 0.134982 0.652799
817.000000 613.742072 77.526625 151.970884 0.015300 0.744886 0.134480 0.653319
818.000000 615.193893 77.784100 151.785878 0.015450 0.743390 0.135628 0.654780
819.000000 616.646539 78.007215 151.656302 0.017197 0.742845 0.135926 0.655294
820.000000 618.095081 78.236409 151.507697 0.018327 0.742430 0.133864 0.656157
821.000000 619.523767 78.503964 151.335151 0.019455 0.741268 0.132838 0.657646
822.000000 620.948994 78.749816 151.180879 0.018711 0.740213 0.132670 0.658888
823.000000 622.366056 79.001035 151.077532 0.018568 0.740403 0.132524 0.658708
824.000000 623.781454 79.210348 150.941782 0.016921 0.740118 0.132884 0.659000
825.000000 625.189742 79.413782 150.814033 0.017473 0.739737 0.132327 0.659525
826.000000 626.588844 79.623010 150.716354 0.018430 0.740195 0.132360 0.658978
827.000000 627.977101 79.838433 150.586438 0.018235 0.739780 0.131757 0.659571
828.000000 629.355794 80.040168 150.493856 0.019265 0.741055 0.130968 0.658266
829.000000 630.709853 80.233131 150.307255 0.019110 0.740272 0.130359 0.659271
830.000000 632.035140 80.441659 150.115654 0.018344 0.739073 0.130344 0.660640
831.000000 633.345807 80.639318 149.949562 0.017159 0.738445 0.129274 0.661584
832.000000 634.633118 80.842256 149.829669 0.017261 0.738997 0.127803 0.661251
833.000000 635.895975 81.021060 149.709650 0.017437 0.739468 0.128649 0.660555
834.000000 637.130296 81.175846 149.621493 0.018112 0.739758 0.131073 0.659735
835.000000 638.339837 81.341002 149.515842 0.018709 0.740078 0.130358 0.659501
836.000000 639.528323 81.519403 149.463002 0.017964 0.740556 0.130119 0.659032
837.000000 640.679783 81.669224 149.366026 0.016864 0.740270 0.129001 0.659601
838.000000 641.791350 81.851622 149.254628 0.017562 0.739711 0.128755 0.660259
839.000000 642.877345 81.991129 149.178566 0.018358 0.739464 0.127263 0.660803
840.000000 643.931564 82.116173 149.110477 0.016649 0.739188 0.125840 0.661429
841.000000 644.937983 82.266818 148.998479 0.015179 0.737599 0.124527 0.663483
842.000000 645.915302 82.384180 148.898475 0.015440 0.737375 0.122595 0.664086
843.000000 646.842954 82.522241 148.809577 0.015067 0.736892 0.124167 0.664339
844.000000 647.730992 82.642979 148.713300 0.014486 0.736199 0.125436 0.664882
845.000000 648.588083 82.731463 148.672138 0.014670 0.736121 0.125064 0.665034
846.000000 649.398478 82.814259 148.614410 0.014839 0.736402 0.124535 0.664818
847.000000 650.163095 82.928656 148.533218 0.016260 0.736729 0.123637 0.664590
848.000000 650.891083 83.027429 148.459333 0.018820 0.739652 0.122462 0.661486
849.000000 651.579860 83.090275 148.397014 0.021895 0.745208 0.120205 0.655542
850.000000 652.242876 83.169878 148.366296 0.025809 0.753274 0.118461 0.646436
851.000000 652.856242 83.279521 148.201360 0.028882 0.761915 0.118745 0.636043
852.000000 653.428856 83.367508 148.076244 0.032117 0.772149 0.118954 0.623381
853.000000 654.027483 83.434692 147.904441 0.033134 0.783845 0.119824 0.608384
854.000000 654.539480 83.539718 147.707611 0.036509 0.796849 0.118757 0.591266
855.000000 655.133851 83.616092 147.568685 0.040986 0.812441 0.116311 0.569852
856.000000 655.687243 83.731523 147.322403 0.044487 0.826790 0.114727 0.548887
857.000000 656.184038 83.755727 147.151602 0.047229 0.842792 0.111688 0.524402
858.000000 656.668341 83.857943 146.819569 0.051747 0.857169 0.110628 0.500344
859.000000 657.068673 83.938591 146.544915 0.055839 0.871820 0.110486 0.473924
860.000000 657.519402 84.018887 146.201309 0.062416 0.886521 0.109141 0.445279
861.000000 657.863293 84.072396 145.870989 0.067290 0.900078 0.108164 0.416692
862.000000 658.198292 84.156755 145.457654 0.068706 0.912441 0.108793 0.388453
863.000000 658.538475 84.256954 145.053025 0.070125 0.924320 0.109093 0.358906
864.000000 658.816229 84.354456 144.674772 0.074918 0.935009 0.107604 0.329494
865.000000 659.062544 84.452637 144.217935 0.079773 0.944469 0.105075 0.300956
866.000000 659.313843 84.499893 143.795993 0.083583 0.953698 0.100906 0.270726
867.000000 659.559026 84.553960 143.332858 0.085672 0.962108 0.098583 0.239354
868.000000 659.732134 84.621197 142.839587 0.088455 0.968866 0.097762 0.209562
869.000000 659.910775 84.706049 142.361753 0.093617 0.974684 0.099183 0.177173
870.000000 660.071995 84.820206 141.871459 0.098451 0.979353 0.101153 0.144718
871.000000 660.173048 84.888704 141.342027 0.103731 0.983214 0.099047 0.112784
872.000000 660.292893 84.998142 140.820101 0.108887 0.986125 0.096041 0.080486
873.000000 660.352169 85.099014 140.278721 0.112460 0.988126 0.092554 0.048921
874.000000 660.322493 85.240423 139.707335 0.117209 0.988709 0.091779 0.017096
875.000000 660.284880 85.355731 139.161796 0.121101 0.988254 0.091831 -0.016010
876.000000 660.173525 85.509684 138.574585 0.125097 0.986646 0.092571 -0.048067
877.000000 660.007898 85.674814 138.055035 0.127901 0.984243 0.093095 -0.078994
878.000000 659.850853 85.792543 137.500253 0.131333 0.980960 0.091004 -0.110397
879.000000 659.659919 85.943000 136.879777 0.134055 0.977043 0.088320 -0.140058
880.000000 659.432942 86.078829 136.322027 0.136885 0.972458 0.086268 -0.167768
881.000000 659.151873 86.239340 135.772035 0.137958 0.967935 0.085082 -0.191911
882.000000 658.951592 86.392842 135.117348 0.140089 0.962132 0.084054 -0.218201
883.000000 658.638719 86.554063 134.549811 0.141289 0.956996 0.083751 -0.239127
884.000000 658.391170 86.698812 133.924297 0.143357 0.951568 0.082848 -0.259043
885.000000 658.085815 86.866723 133.281866 0.144431 0.947192 0.080715 -0.274684
886.000000 657.722480 87.025613 132.675983 0.147606 0.943399 0.077337 -0.286757
887.000000 657.333851 87.157186 132.057395 0.152929 0.939515 0.074338 -0.297319
888.000000 657.015545 87.258632 131.376719 0.157359 0.934678 0.071599 -0.310627
889.000000 656.593057 87.435635 130.774885 0.159812 0.931496 0.069948 -0.319191
890.000000 656.230954 87.625459 130.098837 0.163179 0.926389 0.068900 -0.332309
891.000000 655.769698 87.815710 129.487972 0.167917 0.922210 0.067679 -0.341691
892.000000 655.305588 87.973631 128.869002 0.174916 0.917144 0.066297 -0.351932
893.000000 654.824548 88.165297 128.244097 0.178291 0.911956 0.062856 -0.364139
894.000000 654.341379 88.374095 127.630601 0.183330 0.906288 0.060582 -0.375981
895.000000 653.815178 88.552558 127.034656 0.189418 0.900548 0.057212 -0.387118
896.000000 653.265742 88.752663 126.443763 0.194140 0.894178 0.056431 -0.399463
897.000000 652.688645 88.938117 125.898720 0.196684 0.888687 0.052764 -0.410812
898.000000 652.066841 89.146217 125.377250 0.198110 0.883645 0.048823 -0.421355
899.000000 651.462063 89.346873 124.856659 0.199954 0.877977 0.044335 -0.432677
900.000000 650.813493 89.553386 124.363252 0.200343 0.873364 0.039050 -0.442237
901.000000 650.149617 89.747263 123.861608 0.201077 0.868683 0.034289 -0.451423
902.000000 649.481061 89.945595 123.381229 0.201946 0.865269 0.031247 -0.457767
903.000000 648.801877 90.143962 122.901208 0.202717 0.863034 0.029144 -0.461767
904.000000 648.103543 90.344492 122.411162 0.204828 0.861554 0.026819 -0.463735
905.000000 647.422995 90.534225 121.878927 0.207998 0.859902 0.025527 -0.465461
906.000000 646.734191 90.720621 121.343907 0.212126 0.858460 0.025876 -0.466240
907.000000 646.033469 90.916367 120.819311 0.214672 0.857988 0.028154 -0.465811
908.000000 645.333411 91.110582 120.294394 0.214021 0.858441 0.031898 -0.465035
909.000000 644.641402 91.314245 119.737573 0.212485 0.858331 0.036154 -0.465630
910.000000 643.925954 91.513905 119.203420 0.210506 0.859796 0.038501 -0.463634
911.000000 643.205683 91.758664 118.662443 0.209592 0.860838 0.040508 -0.461939
912.000000 642.476666 91.986121 118.111109 0.210831 0.862013 0.040610 -0.459167
913.000000 641.727115 92.213654 117.576277 0.212418 0.862920 0.042125 -0.456588
914.000000 641.017485 92.424988 116.976875 0.213561 0.861753 0.045131 -0.457969
915.000000 640.279484 92.678959 116.419056 0.212449 0.861911 0.047687 -0.457931
916.000000 639.529149 92.927648 115.844272 0.212280 0.861779 0.047581 -0.458268
917.000000 638.773900 93.182911 115.262364 0.212749 0.861689 0.047908 -0.458186
918.000000 637.990004 93.459864 114.707610 0.212645 0.863522 0.047446 -0.454820
919.000000 637.222419 93.709376 114.098545 0.212439 0.863764 0.045176 -0.454686
920.000000 636.442916 93.981607 113.504309 0.214458 0.864551 0.045385 -0.452216
921.000000 635.672884 94.227743 112.885682 0.214040 0.865400 0.044523 -0.450875
922.000000 634.918192 94.481125 112.257828 0.214037 0.865598 0.045372 -0.450412
923.000000 634.138124 94.744572 111.665197 0.213890 0.866871 0.045704 -0.447993
924.000000 633.372667 94.985832 111.047363 0.212137 0.867741 0.043714 -0.447340
925.000000 632.608995 95.228345 110.422414 0.211747 0.868268 0.044594 -0.446414
926.000000 631.832017 95.484047 109.826824 0.211611 0.869181 0.046643 -0.444489
927.000000 631.064742 95.744805 109.234913 0.211448 0.870067 0.048069 -0.442677
928.000000 630.315514 95.999470 108.615621 0.212780 0.870357 0.047480 -0.441531
929.000000 629.566247 96.241886 108.001022 0.213134 0.871052 0.046778 -0.440062
930.000000 628.832691 96.476920 107.384998 0.212928 0.871218 0.047926 -0.439709
931.000000 628.111278 96.716006 106.766297 0.211518 0.871552 0.048950 -0.439615
932.000000 627.396272 96.965527 106.163259 0.212070 0.871548 0.048163 -0.439444
933.000000 626.678809 97.185439 105.547217 0.212848 0.871399 0.046084 -0.439585
934.000000 625.962394 97.426505 104.947349 0.213754 0.871154 0.046641 -0.439573
935.000000 625.231822 97.657156 104.374153 0.211863 0.871661 0.047175 -0.439427
936.000000 624.515619 97.891373 103.797038 0.210587 0.872195 0.046761 -0.439024
937.000000 623.827535 98.131355 103.209587 0.212048 0.871951 0.048290 -0.438640
938.000000 623.120686 98.373865 102.660652 0.210844 0.872936 0.048398 -0.437247
939.000000 622.428150 98.606773 102.108661 0.210584 0.873915 0.049936 -0.435240
940.000000 621.775301 98.816210 101.505857 0.211458 0.874215 0.049596 -0.434252
941.000000 621.112999 99.049723 100.947168 0.210827 0.875083 0.048682 -0.432912
942.000000 620.461432 99.253570 100.382905 0.211138 0.875388 0.048722 -0.432138
943.000000 619.824585 99.459577 99.832401 0.211345 0.875676 0.051190 -0.431165
944.000000 619.211012 99.660098 99.279566 0.212252 0.875960 0.052343 -0.430003
945.000000 618.579534 99.868055 98.773556 0.211664 0.876957 0.051899 -0.428312
946.000000 617.995347 100.078430 98.247841 0.211680 0.877009 0.052153 -0.428166
947.000000 617.434546 100.276947 97.728893 0.213290 0.876403 0.053610 -0.428430
948.000000 616.874910 100.468390 97.239997 0.214741 0.876647 0.054624 -0.427074
949.000000 616.332773 100.634927 96.758985 0.214371 0.877255 0.052278 -0.426305
950.000000 615.828820 100.792736 96.271472 0.215043 0.877136 0.050481 -0.426427
951.000000 615.312975 100.973085 95.844221 0.215773 0.877758 0.050391 -0.424787
952.000000 614.815349 101.147921 95.442097 0.216252 0.878556 0.050772 -0.422844
953.000000 614.365394 101.295752 95.019555 0.216762 0.878755 0.050937 -0.422148
954.000000 613.916906 101.495012 94.667412 0.215927 0.879656 0.052381 -0.420520
955.000000 613.500325 101.651538 94.307755 0.213846 0.880676 0.054104 -0.419229
956.000000 613.123732 101.773229 93.950670 0.212745 0.880974 0.053961 -0.419182
957.000000 612.736254 101.911170 93.663885 0.210844 0.882015 0.053350 -0.418028
958.000000 612.411517 102.006628 93.337979 0.210840 0.882122 0.054182 -0.417699
959.000000 612.098702 102.117853 93.055209 0.212285 0.881921 0.055633 -0.417199
960.000000 611.787192 102.242237 92.819083 0.213098 0.882002 0.056005 -0.416563
961.000000 611.516106 102.320250 92.573602 0.211889 0.882355 0.053792 -0.416724
962.000000 611.270057 102.392444 92.340895 0.209461 0.883056 0.052466 -0.416635
963.000000 611.041974 102.473163 92.137387 0.209505 0.883124 0.053279 -0.416366
964.000000 610.853565 102.544637 91.931261 0.209836 0.882164 0.054293 -0.418100
965.000000 610.674361 102.591725 91.744022 0.210140 0.882210 0.054655 -0.417803
966.000000 610.498744 102.649142 91.582778 0.210182 0.882359 0.054442 -0.417496
967.000000 610.345901 102.687847 91.424439 0.210590 0.882039 0.054200 -0.417997
968.000000 610.195746 102.744327 91.278441 0.210181 0.882065 0.056199 -0.417884
969.000000 610.048243 102.790626 91.134774 0.209515 0.881975 0.057264 -0.418263
970.000000 609.891351 102.845892 91.010993 0.208399 0.882002 0.057226 -0.418770
971.000000 609.743520 102.889519 90.871870 0.208290 0.881908 0.056912 -0.419064
972.000000 609.594700 102.945716 90.736694 0.208171 0.881983 0.056421 -0.419031
973.000000 609.445268 102.994061 90.607156 0.208462 0.881986 0.056097 -0.418924
974.000000 609.294980 103.051980 90.484790 0.208434 0.881882 0.056572 -0.419094
975.000000 609.145368 103.096407 90.353888 0.209200 0.881859 0.057143 -0.418682
976.000000 608.994377 103.150907 90.231282 0.210466 0.881822 0.057724 -0.418044
977.000000 608.841255 103.209271 90.106272 0.210431 0.882076 0.057332 -0.417580
978.000000 608.670254 103.289960 90.049470 0.209649 0.883411 0.057720 -0.415090
979.000000 608.523338 103.341789 89.933524 0.209398 0.883690 0.057428 -0.414665
980.000000 608.365050 103.430023 89.897763 0.208411 0.885512 0.059587 -0.410953
981.000000 608.239143 103.495164 89.783214 0.208562 0.885549 0.060895 -0.410605
982.000000 608.110300 103.552963 89.667904 0.207993 0.885552 0.061431 -0.410808
983.000000 607.968920 103.613172 89.579247 0.207754 0.886283 0.061670 -0.409313
984.000000 607.835109 103.672623 89.488683 0.206940 0.886907 0.061304 -0.408427
985.000000 607.703840 103.729417 89.407784 0.206176 0.887664 0.061141 -0.407192
986.000000 607.584689 103.773396 89.319667 0.207495 0.887314 0.061762 -0.407192
987.000000 607.472008 103.825991 89.241020 0.207388 0.887636 0.063360 -0.406297
988.000000 607.356864 103.888034 89.181024 0.205722 0.888275 0.064101 -0.405631
989.000000 607.247810 103.938831 89.107325 0.204549 0.888722 0.063705 -0.405309
990.000000 607.139830 103.986048 89.027882 0.203119 0.889215 0.063377 -0.404996
991.000000 607.027111 104.040538 88.966422 0.202416 0.889936 0.063254 -0.403783
992.000000 606.901313 104.103931 88.924181 0.203451 0.890702 0.063205 -0.401576
993.000000 606.800246 104.151421 88.832286 0.204732 0.890820 0.063581 -0.400603
994.000000 606.697173 104.199377 88.759391 0.204282 0.891080 0.064419 -0.400120
995.000000 606.586379 104.248426 88.712985 0.203830 0.891712 0.065531 -0.398760
996.000000 606.494581 104.294112 88.633119 0.203241 0.891856 0.066738 -0.398537
997.000000 606.393022 104.339600 88.563973 0.202980 0.892401 0.066890 -0.397424
998.000000 606.278641 104.398844 88.525433 0.201840 0.893502 0.067579 -0.395408
999.000000 606.171384 104.447572 88.449463 0.202024 0.894039 0.068632 -0.393918
1000.000000 606.053725 104.507755 88.377833 0.200727 0.894995 0.070330 -0.392105
1001.000000 605.934912 104.565004 88.288626 0.199771 0.895663 0.072240 -0.390719
1002.000000 605.795771 104.629316 88.198804 0.198632 0.896435 0.074313 -0.389138
1003.000000 605.659737 104.709290 88.069501 0.197092 0.896954 0.076761 -0.388247
1004.000000 605.500765 104.807182 87.931267 0.197119 0.897653 0.079768 -0.386006
1005.000000 605.323471 104.902320 87.765383 0.197222 0.898344 0.082169 -0.383836
1006.000000 605.147472 104.973120 87.545371 0.195967 0.899035 0.082256 -0.382840
1007.000000 604.921694 105.097029 87.355917 0.193899 0.900759 0.084276 -0.379386
1008.000000 604.711068 105.196760 87.099417 0.193192 0.901802 0.085773 -0.376925
1009.000000 604.470182 105.290265 86.824823 0.194382 0.903142 0.086639 -0.372886
1010.000000 604.214949 105.391726 86.539758 0.193014 0.905259 0.086623 -0.368441
1011.000000 603.967721 105.519138 86.213513 0.190552 0.907037 0.087110 -0.365221
1012.000000 603.669860 105.673921 85.914766 0.189168 0.909526 0.087804 -0.359538
1013.000000 603.376798 105.801438 85.565759 0.188136 0.911761 0.086739 -0.354645
1014.000000 603.098457 105.911982 85.179140 0.187589 0.913419 0.087779 -0.350388
1015.000000 602.820100 106.052393 84.769201 0.186795 0.914901 0.088914 -0.346639
1016.000000 602.505013 106.205396 84.354065 0.185528 0.917019 0.087007 -0.342179
1017.000000 602.168969 106.365870 83.929890 0.184806 0.918783 0.086025 -0.338058
1018.000000 601.846016 106.521557 83.477305 0.184906 0.920205 0.085934 -0.334138
1019.000000 601.512374 106.679198 83.005169 0.187226 0.921144 0.085243 -0.330414
1020.000000 601.172120 106.835395 82.508198 0.188457 0.921817 0.083814 -0.328196
1021.000000 600.809194 107.002837 82.018908 0.190483 0.922297 0.084438 -0.325507
1022.000000 600.431570 107.186301 81.514356 0.191722 0.922445 0.084667 -0.324300
1023.000000 600.058711 107.369101 80.984408 0.193887 0.922487 0.084505 -0.322930
1024.000000 599.667805 107.544973 80.440610 0.193323 0.923112 0.084203 -0.321558
1025.000000 599.260363 107.735342 79.889414 0.193504 0.923620 0.084362 -0.319946
1026.000000 598.853805 107.935024 79.317758 0.192786 0.923927 0.084499 -0.319456
1027.000000 598.438505 108.130830 78.736429 0.195395 0.923465 0.089553 -0.317826
1028.000000 598.044424 108.334204 78.119089 0.197196 0.922807 0.092587 -0.317755
1029.000000 597.618497 108.566275 77.513820 0.195644 0.922837 0.095148 -0.317871
1030.000000 597.179346 108.804520 76.888432 0.193248 0.923633 0.094328 -0.317270
1031.000000 596.737972 109.034779 76.236996 0.195573 0.923557 0.093740 -0.316239
1032.000000 596.323129 109.266243 75.554398 0.199132 0.922848 0.093831 -0.316060
1033.000000 595.871836 109.509272 74.878466 0.199416 0.923141 0.092907 -0.315297
1034.000000 595.389098 109.781184 74.223132 0.198127 0.923903 0.093869 -0.313589
1035.000000 594.905752 110.033728 73.524806 0.197501 0.924901 0.092732 -0.311373
1036.000000 594.407328 110.299562 72.830909 0.197263 0.925869 0.092555 -0.308686
1037.000000 593.940009 110.541834 72.093915 0.197469 0.926389 0.092836 -0.306906
1038.000000 593.458659 110.795112 71.357057 0.196418 0.927826 0.092512 -0.303314
1039.000000 592.983843 111.049294 70.607791 0.195866 0.928764 0.092201 -0.300886
1040.000000 592.506550 111.311503 69.864509 0.195212 0.929633 0.092729 -0.298456
1041.000000 592.010582 111.541882 69.124285 0.195216 0.930367 0.093791 -0.295822
1042.000000 591.546530 111.768839 68.364904 0.194330 0.930685 0.094288 -0.295246
1043.000000 591.074242 112.023300 67.624083 0.196058 0.930412 0.096380 -0.294289
1044.000000 590.617836 112.278565 66.867975 0.195787 0.929788 0.097352 -0.296115
1045.000000 590.174102 112.526638 66.103720 0.197095 0.929323 0.098524 -0.296320
1046.000000 589.685369 112.810121 65.379492 0.197434 0.929107 0.099407 -0.296476
1047.000000 589.215113 113.071667 64.634110 0.197748 0.928736 0.098403 -0.297761
1048.000000 588.730475 113.328771 63.886045 0.195929 0.929013 0.097401 -0.298427
1049.000000 588.253610 113.587800 63.126084 0.195513 0.928702 0.097185 -0.299738
1050.000000 587.774637 113.836579 62.363462 0.196735 0.927838 0.097582 -0.301479
1051.000000 587.302593 114.099533 61.600699 0.195709 0.927538 0.098387 -0.302807
1052.000000 586.799808 114.375428 60.855990 0.195026 0.927399 0.097954 -0.303809
1053.000000 586.330671 114.665964 60.092797 0.194662 0.926596 0.098546 -0.306292
1054.000000 585.830398 114.941919 59.337716 0.194486 0.926508 0.098594 -0.306656
1055.000000 585.340246 115.221553 58.573637 0.193102 0.926389 0.099339 -0.307649
1056.000000 584.813145 115.535817 57.851770 0.191600 0.926301 0.100759 -0.308388
1057.000000 584.308683 115.800789 57.089308 0.192168 0.925608 0.101431 -0.309891
1058.000000 583.800199 116.063022 56.321750 0.192279 0.925630 0.100682 -0.310001
1059.000000 583.298992 116.335249 55.552612 0.191334 0.925487 0.100705 -0.311004
1060.000000 582.773782 116.633649 54.798410 0.191859 0.925495 0.100493 -0.310727
1061.000000 582.274800 116.892420 54.011509 0.193207 0.924758 0.100484 -0.312084
1062.000000 581.758560 117.172119 53.240850 0.194878 0.924271 0.101562 -0.312140
1063.000000 581.245017 117.449370 52.463512 0.194837 0.924199 0.102002 -0.312235
1064.000000 580.737717 117.733399 51.676389 0.194437 0.924449 0.101274 -0.311979
1065.000000 580.199182 118.040736 50.915869 0.194051 0.924639 0.102221 -0.311348
1066.000000 579.686605 118.311594 50.130586 0.194816 0.924400 0.102873 -0.311367
1067.000000 579.175300 118.590319 49.347949 0.194559 0.924158 0.104534 -0.311691
1068.000000 578.653769 118.905183 48.590208 0.194416 0.924400 0.105769 -0.310645
1069.000000 578.154705 119.190601 47.800450 0.195510 0.924455 0.105187 -0.309993
1070.000000 577.635081 119.478029 47.030436 0.195768 0.925261 0.102560 -0.308300
1071.000000 577.084424 119.781624 46.287435 0.194603 0.926371 0.102478 -0.305719
1072.000000 576.575907 120.062582 45.516880 0.192838 0.926859 0.102566 -0.305330
1073.000000 576.036618 120.340358 44.767282 0.192949 0.927278 0.103385 -0.303708
1074.000000 575.545543 120.612993 43.989259 0.192122 0.927566 0.103917 -0.303168
1075.000000 575.043644 120.904981 43.231132 0.191085 0.927949 0.104919 -0.302305
1076.000000 574.533420 121.167108 42.476982 0.190995 0.928215 0.105569 -0.301319
1077.000000 574.057466 121.422757 41.704371 0.191799 0.928086 0.106646 -0.300827
1078.000000 573.583145 121.698019 40.937995 0.192542 0.928112 0.106831 -0.300206
1079.000000 573.138238 121.983294 40.159280 0.193552 0.928133 0.105805 -0.299854
1080.000000 572.673096 122.256997 39.390669 0.193914 0.928247 0.104641 -0.299676
1081.000000 572.190250 122.492100 38.631819 0.193857 0.928259 0.104691 -0.299658
1082.000000 571.696563 122.760955 37.907457 0.194136 0.927811 0.106730 -0.300145
1083.000000 571.222870 123.016603 37.163208 0.194741 0.927209 0.106903 -0.301548
1084.000000 570.751016 123.294953 36.431046 0.193276 0.926984 0.107233 -0.303060
1085.000000 570.274345 123.562136 35.702561 0.191128 0.927064 0.104939 -0.304977
1086.000000 569.809267 123.819960 34.974956 0.190253 0.926706 0.105227 -0.306507
1087.000000 569.328195 124.071427 34.272000 0.190126 0.926546 0.104882 -0.307189
1088.000000 568.863944 124.314120 33.561954 0.189543 0.926312 0.104220 -0.308476
1089.000000 568.400269 124.564234 32.873687 0.190927 0.925681 0.104950 -0.309269
1090.000000 567.945619 124.820415 32.196095 0.191777 0.924674 0.108032 -0.310690
1091.000000 567.489419 125.064516 31.551353 0.191841 0.923764 0.112859 -0.311642
1092.000000 567.071044 125.321157 30.910901 0.192468 0.922560 0.116723 -0.313393
1093.000000 566.660405 125.558948 30.277562 0.194557 0.921621 0.118093 -0.314351
1094.000000 566.289472 125.790407 29.638465 0.193523 0.921731 0.115552 -0.315609
1095.000000 565.889196 126.011303 29.039898 0.192706 0.922259 0.113232 -0.315406
1096.000000 565.497235 126.225234 28.479062 0.191885 0.922399 0.113074 -0.315553
1097.000000 565.107422 126.424430 27.948063 0.190065 0.922935 0.112621 -0.315250
1098.000000 564.741956 126.618093 27.440064 0.185542 0.923477 0.114280 -0.315759
1099.000000 564.408043 126.802113 26.942904 0.185291 0.923253 0.115470 -0.316128
1100.000000 564.123212 126.981960 26.439121 0.186734 0.922566 0.115210 -0.317379
1101.000000 563.807427 127.153260 25.981795 0.187590 0.922499 0.114809 -0.317213
1102.000000 563.516482 127.330000 25.539427 0.186228 0.922612 0.114372 -0.317845
1103.000000 563.223052 127.495483 25.122534 0.186351 0.922346 0.116000 -0.317955
1104.000000 562.951919 127.627754 24.701931 0.186941 0.921846 0.118166 -0.318260
1105.000000 562.708348 127.790733 24.287383 0.189122 0.920971 0.120183 -0.318749
1106.000000 562.449488 127.938303 23.889413 0.189607 0.920685 0.119363 -0.319595
1107.000000 562.181802 128.096345 23.514290 0.189898 0.920894 0.118672 -0.319076
1108.000000 561.910768 128.236745 23.146218 0.190090 0.921293 0.116751 -0.318518
1109.000000 561.659999 128.379776 22.782870 0.192488 0.920778 0.117342 -0.318350
1110.000000 561.433444 128.523104 22.418104 0.193002 0.920275 0.117886 -0.319291
1111.000000 561.187829 128.655864 22.073391 0.192647 0.920404 0.117441 -0.319299
1112.000000 560.958184 128.791360 21.730383 0.190083 0.920451 0.116471 -0.321050
1113.000000 560.716532 128.918687 21.405187 0.188775 0.920701 0.115559 -0.321434
1114.000000 560.485458 129.046849 21.083897 0.187403 0.920982 0.115196 -0.321562
1115.000000 560.246914 129.179477 20.788508 0.187316 0.920957 0.115063 -0.321732
1116.000000 560.046686 129.308437 20.483078 0.186057 0.920788 0.115844 -0.322665
1117.000000 559.803841 129.411896 20.217798 0.185170 0.921535 0.115242 -0.321254
1118.000000 559.592172 129.514525 19.946062 0.184831 0.921827 0.114902 -0.320734
1119.000000 559.410160 129.642399 19.676506 0.185450 0.921445 0.117580 -0.320504
1120.000000 559.245478 129.776757 19.418087 0.184210 0.921153 0.120653 -0.320915
1121.000000 559.059949 129.875022 19.171837 0.181446 0.921725 0.121863 -0.320390
1122.000000 558.887379 129.973779 18.930334 0.179219 0.922234 0.121888 -0.320170
1123.000000 558.748267 130.067761 18.674909 0.178091 0.922221 0.122067 -0.320767
1124.000000 558.598632 130.170717 18.443775 0.177564 0.922636 0.123048 -0.319488
1125.000000 558.443440 130.274519 18.236264 0.177630 0.923241 0.125104 -0.316895
1126.000000 558.314426 130.376114 18.028790 0.178975 0.923092 0.127291 -0.315700
1127.000000 558.171600 130.461559 17.841704 0.179369 0.923502 0.127996 -0.313988
1128.000000 558.048917 130.530875 17.658566 0.179057 0.923799 0.127954 -0.313307
1129.000000 557.937817 130.583346 17.477312 0.178724 0.924121 0.127147 -0.312876
1130.000000 557.827423 130.641245 17.313301 0.177675 0.924478 0.126626 -0.312630
1131.000000 557.717702 130.697728 17.160445 0.176442 0.924861 0.126651 -0.312187
1132.000000 557.629646 130.757536 17.014265 0.176151 0.924585 0.128235 -0.312521
1133.000000 557.542502 130.805307 16.875475 0.177178 0.923980 0.128869 -0.313466
1134.000000 557.455783 130.845364 16.748131 0.176456 0.924087 0.128927 -0.313534
1135.000000 557.381258 130.898670 16.629941 0.176058 0.923730 0.128778 -0.314869
1136.000000 557.314363 130.952470 16.516730 0.175604 0.923597 0.129577 -0.315184
1137.000000 557.243068 130.997620 16.415857 0.175232 0.923759 0.130488 -0.314541
1138.000000 557.163621 131.042143 16.330751 0.174854 0.924226 0.130855 -0.313225
1139.000000 557.110506 131.084795 16.236183 0.175299 0.923928 0.130933 -0.313820
1140.000000 557.047291 131.126900 16.162104 0.175166 0.924020 0.131745 -0.313284
1141.000000 557.003704 131.164447 16.079967 0.175897 0.923743 0.132743 -0.313270
1142.000000 557.003704 131.164447 16.079967 0.175897 0.923743 0.132743 -0.313270
1143.000000 557.003704 131.164447 16.079967 0.175897 0.923743 0.132743 -0.313270
1144.000000 557.003704 131.164447 16.079967 0.175897 0.923743 0.132743 -0.313270
1145.000000 557.003704 131.164447 16.079967 0.175897 0.923743 0.132743 -0.313270
1146.000000 557.003704 131.164447 16.079967 0.175897 0.923743 0.132743 -0.313270
1147.000000 557.003704 131.164447 16.079967 0.175897 0.923743 0.132743 -0.313270
1148.000000 557.003704 131.164447 16.079967 0.175897 0.923743 0.132743 -0.313270
1149.000000 557.003704 131.164447 16.079967 0.175897 0.923743 0.132743 -0.313270
1150.000000 557.003704 131.164447 16.079967 0.175897 0.923743 0.132743 -0.313270
1151.000000 557.003704 131.164447 16.079967 0.175897 0.923743 0.132743 -0.313270
1152.000000 557.003704 131.164447 16.079967 0.175897 0.923743 0.132743 -0.313270
1153.000000 557.003704 131.164447 16.079967 0.175897 0.923743 0.132743 -0.313270
1154.000000 557.003704 131.164447 16.079967 0.175897 0.923743 0.132743 -0.313270
1155.000000 557.003704 131.164447 16.079967 0.175897 0.923743 0.132743 -0.313270
1156.000000 557.003704 131.164447 16.079967 0.175897 0.923743 0.132743 -0.313270
1157.000000 557.003704 131.164447 16.079967 0.175897 0.923743 0.132743 -0.313270
1158.000000 557.003704 131.164447 16.079967 0.175897 0.923743 0.132743 -0.313270
1159.000000 557.003704 131.164447 16.079967 0.175897 0.923743 0.132743 -0.313270
1160.000000 557.003704 131.164447 16.079967 0.175897 0.923743 0.132743 -0.313270
1161.000000 557.003704 131.164447 16.079967 0.175897 0.923743 0.132743 -0.313270
1162.000000 557.003704 131.164447 16.079967 0.175897 0.923743 0.132743 -0.313270
1163.000000 557.003704 131.164447 16.079967 0.175897 0.923743 0.132743 -0.313270
1164.000000 557.003704 131.164447 16.079967 0.175897 0.923743 0.132743 -0.313270
1165.000000 557.003704 131.164447 16.079967 0.175897 0.923743 0.132743 -0.313270
1166.000000 557.003704 131.164447 16.079967 0.175897 0.923743 0.132743 -0.313270
1167.000000 557.003704 131.164447 16.079967 0.175897 0.923743 0.132743 -0.313270
1168.000000 557.003704 131.164447 16.079967 0.175897 0.923743 0.132743 -0.313270
1169.000000 557.003704 131.164447 16.079967 0.175897 0.923743 0.132743 -0.313270
1170.000000 557.003704 131.164447 16.079967 0.175897 0.923743 0.132743 -0.313270
1171.000000 557.003704 131.164447 16.079967 0.175897 0.923743 0.132743 -0.313270
1172.000000 557.003704 131.164447 16.079967 0.175897 0.923743 0.132743 -0.313270
1173.000000 557.003704 131.164447 16.079967 0.175897 0.923743 0.132743 -0.313270
1174.000000 557.003704 131.164447 16.079967 0.175897 0.923743 0.132743 -0.313270
1175.000000 557.003704 131.164447 16.079967 0.175897 0.923743 0.132743 -0.313270
1176.000000 557.003704 131.164447 16.079967 0.175897 0.923743 0.132743 -0.313270
1177.000000 557.003704 131.164447 16.079967 0.175897 0.923743 0.132743 -0.313270
1178.000000 557.003704 131.164447 16.079967 0.175897 0.923743 0.132743 -0.313270
1179.000000 557.003704 131.164447 16.079967 0.175897 0.923743 0.132743 -0.313270
1180.000000 557.003704 131.164447 16.079967 0.175897 0.923743 0.132743 -0.313270
1181.000000 557.003704 131.164447 16.079967 0.175897 0.923743 0.132743 -0.313270
1182.000000 557.003704 131.164447 16.079967 0.175897 0.923743 0.132743 -0.313270
1183.000000 557.003704 131.164447 16.079967 0.175897 0.923743 0.132743 -0.313270
1184.000000 556.962306 131.193517 15.991371 0.176100 0.923441 0.132176 -0.314284
1185.000000 556.907720 131.236766 15.914583 0.176393 0.923622 0.132505 -0.313450
1186.000000 556.841255 131.278671 15.843750 0.176756 0.923867 0.132701 -0.312437
1187.000000 556.781993 131.315595 15.762026 0.176457 0.923896 0.132711 -0.312518
1188.000000 556.726421 131.363506 15.675329 0.175756 0.923724 0.133475 -0.313095
1189.000000 556.690617 131.387961 15.568699 0.176054 0.923408 0.133174 -0.313986
1190.000000 556.619302 131.435322 15.489115 0.175002 0.923932 0.133070 -0.313077
1191.000000 556.593522 131.457040 15.376781 0.173986 0.923639 0.132094 -0.314916
1192.000000 556.536860 131.501078 15.285100 0.173011 0.923789 0.131770 -0.315149
1193.000000 556.465994 131.535499 15.205645 0.173077 0.924107 0.131227 -0.314405
1194.000000 556.419005 131.573462 15.118263 0.173753 0.923620 0.131672 -0.315276
1195.000000 556.350007 131.621057 15.060427 0.173694 0.923686 0.132566 -0.314738
1196.000000 556.350007 131.621057 15.060427 0.173694 0.923686 0.132566 -0.314738
1197.000000 556.350007 131.621057 15.060427 0.173694 0.923686 0.132566 -0.314738
1198.000000 556.350007 131.621057 15.060427 0.173694 0.923686 0.132566 -0.314738
1199.000000 556.350007 131.621057 15.060427 0.173694 0.923686 0.132566 -0.314738
1200.000000 556.350007 131.621057 15.060427 0.173694 0.923686 0.132566 -0.314738
